Date,County,State,Vehicle Primary Use,Battery Electric Vehicles (BEVs),Plug-In Hybrid Electric Vehicles (PHEVs),Electric Vehicle (EV) Total,Non-Electric Vehicle Total,Total Vehicles,Percent Electric Vehicles
February 28 2025,Asotin,WA,Passenger,61,31,92,12237,12329,0.75
August 31 2024,Pend Oreille,WA,Truck,3,0,3,5552,5555,0.05
October 31 2021,Columbia,WA,Passenger,7,2,9,2435,2444,0.37
July 31 2020,Allegheny,PA,Passenger,2,0,2,85,87,2.30
February 28 2017,Wayne,MI,Passenger,0,2,2,71,73,2.74
September 30 2021,Lincoln,WA,Truck,0,0,0,4778,4778,0.00
May 31 2019,Dakota,MN,Passenger,0,2,2,39,41,4.88
January 31 2020,Rogers,OK,Passenger,1,0,1,11,12,8.33
August 31 2022,Wood,OH,Passenger,0,1,1,6,7,14.29
November 30 2017,Norfolk,VA,Passenger,1,1,2,305,307,0.65
October 31 2020,King,WA,Passenger,25851,8017,33868,1371212,1405080,2.41
October 31 2020,Botetourt,VA,Passenger,1,0,1,0,1,100.00
March 31 2023,Newport,RI,Passenger,0,1,1,59,60,1.67
June 30 2022,Williamsburg,VA,Passenger,0,1,1,8,9,11.11
August 31 2018,Prince William,VA,Passenger,0,5,5,252,257,1.95
February 29 2024,San Diego,CA,Truck,1,0,1,452,453,0.22
January 31 2025,Hamilton,OH,Passenger,2,0,2,35,37,5.41
April 30 2017,Wahkiakum,WA,Truck,0,0,0,1631,1631,0.00
November 30 2021,Solano,CA,Passenger,1,0,1,191,192,0.52
October 31 2024,Providence,RI,Passenger,1,0,1,20,21,4.76
September 30 2023,Escambia,FL,Truck,1,0,1,28,29,3.45
December 31 2019,Charles,MD,Passenger,0,1,1,86,87,1.15
December 31 2019,Washtenaw,MI,Passenger,1,0,1,43,44,2.27
May 31 2020,Nueces,TX,Passenger,1,0,1,87,88,1.14
March 31 2022,Hennepin,MN,Passenger,3,0,3,86,89,3.37
May 31 2019,Lake,CA,Passenger,0,1,1,12,13,7.69
December 31 2022,Yakima,WA,Truck,6,0,6,61119,61125,0.01
October 31 2021,Klickitat,WA,Passenger,87,52,139,15330,15469,0.90
May 31 2022,Larimer,CO,Passenger,1,0,1,55,56,1.79
March 31 2022,Burlington,NJ,Passenger,0,1,1,108,109,0.92
January 31 2020,Lake,FL,Passenger,1,0,1,28,29,3.45
February 28 2023,Essex,MA,Passenger,2,0,2,17,19,10.53
August 31 2024,Dallas,TX,Passenger,1,0,1,76,77,1.30
May 31 2020,Chelan,WA,Truck,0,0,0,22420,22420,0.00
January 31 2021,Pinellas,FL,Passenger,1,1,2,115,117,1.71
May 31 2025,Forsyth,GA,Passenger,1,0,1,7,8,12.50
May 31 2024,Cobb,GA,Passenger,1,0,1,39,40,2.50
November 30 2022,Currituck,NC,Passenger,1,0,1,23,24,4.17
July 31 2019,Lee,FL,Passenger,1,0,1,56,57,1.75
July 31 2023,Okaloosa,FL,Passenger,0,2,2,102,104,1.92
April 30 2021,Chelan,WA,Truck,0,0,0,23043,23043,0.00
July 31 2019,Douglas,WA,Passenger,60,37,97,28065,28162,0.34
November 30 2023,Yakima,WA,Truck,16,0,16,60814,60830,0.03
July 31 2021,Adams,WA,Passenger,16,12,28,13019,13047,0.21
September 30 2020,Grays Harbor,WA,Truck,0,0,0,21078,21078,0.00
February 29 2024,Oldham,KY,Passenger,0,1,1,4,5,20.00
June 30 2024,Lee,AL,Passenger,1,0,1,17,18,5.56
November 30 2018,Collin,TX,Passenger,1,1,2,169,171,1.17
April 30 2021,Skagit,WA,Truck,1,0,1,32989,32990,0.00
September 30 2017,Mercer,NJ,Passenger,0,1,1,15,16,6.25
January 31 2020,Grays Harbor,WA,Truck,0,0,0,20819,20819,0.00
December 31 2023,Portsmouth,VA,Passenger,0,3,3,66,69,4.35
August 31 2018,Lee,FL,Passenger,1,0,1,59,60,1.67
June 30 2021,Allegheny,PA,Passenger,2,1,3,78,81,3.70
August 31 2019,Wise,TX,Passenger,1,0,1,7,8,12.50
June 30 2020,Stafford,VA,Passenger,1,1,2,100,102,1.96
April 30 2023,Garfield,WA,Truck,0,0,0,977,977,0.00
March 31 2024,San Juan,WA,Truck,31,0,31,5866,5897,0.53
December 31 2023,Bristol,MA,Passenger,1,0,1,8,9,11.11
November 30 2024,San Diego,CA,Passenger,28,8,36,1914,1950,1.85
June 30 2021,Plaquemines,LA,Passenger,0,1,1,17,18,5.56
September 30 2021,King,WA,Passenger,32837,9693,42530,1363209,1405739,3.03
December 31 2017,Pima,AZ,Passenger,1,1,2,443,445,0.45
August 31 2017,Asotin,WA,Passenger,8,5,13,12436,12449,0.10
May 31 2025,Middlesex,MA,Passenger,5,0,5,57,62,8.06
July 31 2020,Monterey,CA,Passenger,1,2,3,175,178,1.69
March 31 2025,Middlesex,CT,Passenger,1,0,1,5,6,16.67
January 31 2023,Hanover,VA,Passenger,1,0,1,3,4,25.00
August 31 2019,Kitsap,WA,Passenger,1113,634,1747,181324,183071,0.95
December 31 2017,Missoula,MT,Passenger,1,0,1,70,71,1.41
May 31 2021,Contra Costa,CA,Passenger,3,4,7,258,265,2.64
January 31 2022,New Haven,CT,Passenger,0,2,2,33,35,5.71
June 30 2020,Mercer,NJ,Passenger,0,1,1,14,15,6.67
July 31 2019,Prince William,VA,Passenger,1,4,5,243,248,2.02
December 31 2018,Lincoln,WA,Truck,0,0,0,4634,4634,0.00
April 30 2025,Muscogee,GA,Passenger,1,2,3,88,91,3.30
October 31 2022,Okaloosa,FL,Passenger,0,3,3,109,112,2.68
April 30 2023,Polk,OR,Passenger,1,1,2,22,24,8.33
August 31 2022,Middlesex,MA,Passenger,2,0,2,94,96,2.08
March 31 2017,Madison,ID,Passenger,1,0,1,42,43,2.33
March 31 2024,Asotin,WA,Truck,2,0,2,6554,6556,0.03
September 30 2024,Middlesex,MA,Passenger,5,0,5,74,79,6.33
February 29 2020,Ferry,WA,Truck,0,0,0,3578,3578,0.00
August 31 2020,Cameron,TX,Passenger,1,0,1,24,25,4.00
April 30 2020,Suffolk,VA,Passenger,1,0,1,129,130,0.77
February 29 2024,Whitman,WA,Passenger,206,116,322,21869,22191,1.45
August 31 2020,Skamania,WA,Truck,0,0,0,4024,4024,0.00
July 31 2022,Manassas,VA,Passenger,0,1,1,8,9,11.11
August 31 2019,Guadalupe,TX,Passenger,1,0,1,72,73,1.37
July 31 2024,Fairfax,VA,Passenger,16,10,26,571,597,4.36
August 31 2024,Johnson,MO,Passenger,1,0,1,28,29,3.45
January 31 2017,St. Lucie,FL,Passenger,1,0,1,31,32,3.12
March 31 2020,New London,CT,Passenger,1,1,2,235,237,0.84
November 30 2021,Platte,MO,Passenger,1,1,2,20,22,9.09
March 31 2020,Mercer,NJ,Passenger,0,1,1,15,16,6.25
January 31 2025,Richmond,GA,Passenger,0,1,1,42,43,2.33
July 31 2022,Lake,IL,Passenger,5,0,5,144,149,3.36
October 31 2021,Lewis,WA,Truck,0,0,0,26718,26718,0.00
October 31 2024,Shelby,TN,Passenger,1,1,2,56,58,3.45
November 30 2023,Dallas,TX,Truck,1,0,1,13,14,7.14
May 31 2023,Harford,MD,Passenger,1,1,2,49,51,3.92
May 31 2023,Jefferson,NY,Passenger,2,0,2,197,199,1.01
June 30 2021,Fulton,GA,Passenger,0,1,1,96,97,1.03
March 31 2021,Goochland,VA,Passenger,4,3,7,282,289,2.42
July 31 2022,Anchorage,AK,Passenger,2,0,2,148,150,1.33
March 31 2022,Howard,IN,Passenger,0,1,1,6,7,14.29
May 31 2019,Saratoga,NY,Passenger,1,0,1,56,57,1.75
May 31 2023,Douglas,NE,Passenger,2,1,3,34,37,8.11
May 31 2019,Kootenai,ID,Passenger,1,2,3,228,231,1.30
September 30 2023,Pacific,WA,Truck,5,0,5,7808,7813,0.06
October 31 2020,Albemarle,VA,Passenger,1,0,1,27,28,3.57
April 30 2020,San Juan,WA,Passenger,295,89,384,14143,14527,2.64
May 31 2017,Douglas,WA,Passenger,32,23,55,26677,26732,0.21
October 31 2020,Montgomery,AL,Passenger,1,1,2,39,41,4.88
June 30 2019,Owyhee,ID,Passenger,1,0,1,5,6,16.67
November 30 2020,El Dorado,CA,Passenger,1,0,1,41,42,2.38
November 30 2018,Pima,AZ,Passenger,1,1,2,439,441,0.45
June 30 2018,Hennepin,MN,Passenger,1,0,1,119,120,0.83
September 30 2021,Harnett,NC,Passenger,1,1,2,190,192,1.04
February 28 2022,Powhatan,VA,Passenger,1,0,1,1,2,50.00
January 31 2025,Benton,WA,Truck,84,0,84,43039,43123,0.19
January 31 2020,El Paso,TX,Passenger,2,0,2,444,446,0.45
September 30 2022,Klickitat,WA,Passenger,108,54,162,15094,15256,1.06
August 31 2023,San Francisco,CA,Passenger,4,1,5,81,86,5.81
January 31 2017,Pend Oreille,WA,Truck,0,0,0,5593,5593,0.00
May 31 2017,Maui,HI,Passenger,1,0,1,73,74,1.35
January 31 2025,Columbia,GA,Passenger,1,1,2,76,78,2.56
January 31 2022,Wilson,NC,Passenger,1,0,1,1,2,50.00
April 30 2024,Honolulu,HI,Passenger,6,2,8,302,310,2.58
March 31 2025,Los Angeles,CA,Passenger,13,3,16,495,511,3.13
January 31 2019,Washtenaw,MI,Passenger,1,0,1,38,39,2.56
April 30 2023,Larimer,CO,Passenger,1,0,1,48,49,2.04
January 31 2025,Henrico,VA,Passenger,1,2,3,12,15,20.00
September 30 2022,Spokane,WA,Truck,12,0,12,101677,101689,0.01
January 31 2025,Kootenai,ID,Passenger,2,2,4,79,83,4.82
April 30 2020,Eagle,CO,Passenger,1,0,1,8,9,11.11
July 31 2021,Essex,MA,Passenger,1,0,1,21,22,4.55
October 31 2020,Nassau,NY,Passenger,5,0,5,34,39,12.82
May 31 2025,Collin,TX,Passenger,1,1,2,34,36,5.56
March 31 2022,Ferry,WA,Passenger,17,3,20,4416,4436,0.45
February 28 2023,Hennepin,MN,Passenger,1,0,1,63,64,1.56
March 31 2019,Chelan,WA,Truck,0,0,0,22114,22114,0.00
February 28 2017,Arlington,VA,Passenger,1,1,2,180,182,1.10
December 31 2020,Carroll,MD,Passenger,0,1,1,17,18,5.56
June 30 2024,Bexar,TX,Passenger,5,3,8,369,377,2.12
June 30 2024,Caddo,LA,Passenger,3,0,3,13,16,18.75
August 31 2018,Benton,WA,Passenger,189,198,387,132153,132540,0.29
March 31 2019,Arlington,VA,Passenger,1,2,3,168,171,1.75
April 30 2024,St. Mary's,MD,Passenger,4,0,4,199,203,1.97
August 31 2020,Howard,IN,Passenger,0,1,1,4,5,20.00
June 30 2023,Anchorage,AK,Passenger,1,0,1,121,122,0.82
July 31 2020,Fulton,GA,Passenger,1,3,4,109,113,3.54
April 30 2017,St. Lucie,FL,Passenger,1,0,1,31,32,3.12
April 30 2020,Arapahoe,CO,Passenger,1,0,1,144,145,0.69
February 29 2020,Maui,HI,Passenger,2,0,2,39,41,4.88
May 31 2021,Bucks,PA,Passenger,1,0,1,23,24,4.17
November 30 2023,Franklin,WA,Passenger,373,158,531,62223,62754,0.85
October 31 2020,Bexar,TX,Passenger,3,5,8,626,634,1.26
July 31 2019,San Diego,CA,Passenger,11,3,14,2725,2739,0.51
September 30 2022,Cumberland,NC,Passenger,1,4,5,385,390,1.28
December 31 2023,Kittitas,WA,Truck,24,0,24,14596,14620,0.16
May 31 2024,Cumberland,PA,Passenger,1,0,1,48,49,2.04
July 31 2022,Carroll,MD,Passenger,0,1,1,18,19,5.26
April 30 2019,Valencia,NM,Passenger,1,0,1,10,11,9.09
November 30 2022,San Luis Obispo,CA,Passenger,1,1,2,68,70,2.86
May 31 2025,Brevard,FL,Passenger,1,0,1,50,51,1.96
October 31 2021,Polk,FL,Passenger,1,0,1,78,79,1.27
September 30 2024,Fairfax,VA,Truck,1,0,1,81,82,1.22
April 30 2018,Douglas,WA,Passenger,41,32,73,27434,27507,0.27
November 30 2022,Miami-Dade,FL,Passenger,1,0,1,92,93,1.08
November 30 2020,Dallas,TX,Passenger,1,0,1,195,196,0.51
January 31 2018,Lincoln,WA,Truck,0,0,0,4504,4504,0.00
July 31 2020,Utah,UT,Passenger,0,1,1,152,153,0.65
May 31 2017,New Haven,CT,Passenger,0,1,1,59,60,1.67
November 30 2024,Christian,MO,Passenger,0,1,1,7,8,12.50
October 31 2024,Falls Church,VA,Passenger,1,0,1,6,7,14.29
February 28 2021,Tulsa,OK,Passenger,1,0,1,57,58,1.72
June 30 2019,Island,WA,Passenger,317,241,558,63265,63823,0.87
September 30 2019,Pacific,WA,Truck,0,0,0,7668,7668,0.00
November 30 2023,Douglas,CO,Passenger,1,2,3,61,64,4.69
May 31 2019,Cowlitz,WA,Truck,0,0,0,28830,28830,0.00
July 31 2019,Whatcom,WA,Passenger,883,434,1317,151000,152317,0.86
November 30 2023,Hudson,NJ,Passenger,2,0,2,30,32,6.25
March 31 2023,San Juan,WA,Truck,10,0,10,5905,5915,0.17
April 30 2019,Asotin,WA,Truck,0,0,0,6624,6624,0.00
May 31 2021,Walla Walla,WA,Passenger,110,71,181,36506,36687,0.49
November 30 2023,Maui,HI,Passenger,1,0,1,20,21,4.76
August 31 2021,Lake,IL,Passenger,3,0,3,168,171,1.75
March 31 2023,Snohomish,WA,Passenger,11283,2897,14180,528113,542293,2.61
March 31 2024,Whitman,WA,Truck,10,0,10,8621,8631,0.12
February 28 2019,Hennepin,MN,Passenger,2,0,2,120,122,1.64
June 30 2023,Asotin,WA,Passenger,36,21,57,12337,12394,0.46
May 31 2024,Muscogee,GA,Passenger,2,2,4,106,110,3.64
March 31 2021,Spartanburg,SC,Passenger,0,1,1,54,55,1.82
January 31 2025,Otero,NM,Passenger,0,1,1,16,17,5.88
February 28 2023,Williamson,TN,Passenger,0,1,1,18,19,5.26
November 30 2022,Leavenworth,KS,Passenger,1,2,3,89,92,3.26
March 31 2023,Asotin,WA,Passenger,32,21,53,12349,12402,0.43
January 31 2025,Clark,WA,Truck,327,0,327,80742,81069,0.40
December 31 2022,Franklin,WA,Passenger,250,120,370,61624,61994,0.60
May 31 2023,Wayne,MI,Passenger,0,1,1,41,42,2.38
September 30 2019,Pend Oreille,WA,Truck,0,0,0,5707,5707,0.00
August 31 2017,Lewis,WA,Passenger,55,40,95,55801,55896,0.17
October 31 2023,Tom Green,TX,Passenger,0,1,1,17,18,5.56
December 31 2021,Miami-Dade,FL,Passenger,1,0,1,111,112,0.89
September 30 2024,Osceola,FL,Passenger,1,0,1,20,21,4.76
April 30 2020,Klamath,OR,Passenger,1,0,1,39,40,2.50
March 31 2020,Jones,GA,Passenger,1,0,1,0,1,100.00
May 31 2018,San Juan,WA,Truck,0,0,0,5696,5696,0.00
October 31 2023,Kane,IL,Passenger,1,0,1,8,9,11.11
May 31 2019,Spartanburg,SC,Passenger,0,1,1,40,41,2.44
October 31 2023,Salt Lake,UT,Passenger,5,1,6,133,139,4.32
August 31 2019,Skamania,WA,Truck,0,0,0,4074,4074,0.00
July 31 2023,Wichita,TX,Passenger,1,0,1,36,37,2.70
July 31 2021,Bartow,GA,Passenger,0,1,1,4,5,20.00
March 31 2025,Santa Cruz,AZ,Passenger,1,0,1,4,5,20.00
June 30 2019,Manatee,FL,Passenger,1,0,1,40,41,2.44
March 31 2023,Santa Cruz,CA,Passenger,1,0,1,22,23,4.35
August 31 2024,Multnomah,OR,Passenger,7,1,8,449,457,1.75
March 31 2020,Alameda,CA,Passenger,3,1,4,299,303,1.32
October 31 2018,Pacific,WA,Truck,0,0,0,7625,7625,0.00
December 31 2024,Solano,CA,Passenger,4,0,4,143,147,2.72
November 30 2021,Anchorage,AK,Passenger,2,0,2,151,153,1.31
June 30 2023,Adams,WA,Truck,3,0,3,5344,5347,0.06
December 31 2024,Brown,WI,Passenger,1,0,1,3,4,25.00
July 31 2024,Harford,MD,Passenger,2,1,3,48,51,5.88
May 31 2024,DeKalb,GA,Truck,1,0,1,0,1,100.00
January 31 2023,Collier,FL,Passenger,1,0,1,19,20,5.00
January 31 2024,Whatcom,WA,Truck,90,0,90,42395,42485,0.21
October 31 2024,Albemarle,VA,Passenger,3,0,3,18,21,14.29
January 31 2018,Skamania,WA,Truck,0,0,0,3901,3901,0.00
December 31 2019,Tulsa,OK,Passenger,1,0,1,61,62,1.61
April 30 2024,San Francisco,CA,Passenger,1,1,2,68,70,2.86
June 30 2024,Kings,NY,Passenger,2,0,2,40,42,4.76
March 31 2024,New London,CT,Passenger,2,5,7,181,188,3.72
April 30 2023,Mercer,NJ,Passenger,0,1,1,14,15,6.67
December 31 2017,Jefferson,WA,Passenger,121,74,195,24266,24461,0.80
October 31 2024,Sedgwick,KS,Passenger,0,1,1,51,52,1.92
April 30 2024,Lee,AL,Passenger,1,0,1,17,18,5.56
October 31 2024,Shelby,AL,Passenger,1,0,1,2,3,33.33
January 31 2021,Miami-Dade,FL,Passenger,1,0,1,112,113,0.88
May 31 2019,Tarrant,TX,Passenger,3,0,3,219,222,1.35
February 28 2023,Ferry,WA,Passenger,21,4,25,4334,4359,0.57
November 30 2021,Carroll,MD,Passenger,0,1,1,18,19,5.26
August 31 2019,Sumter,FL,Passenger,0,1,1,9,10,10.00
January 31 2024,Pinellas,FL,Passenger,1,0,1,59,60,1.67
February 28 2018,Stevens,WA,Truck,0,0,0,18383,18383,0.00
February 28 2025,Orange,CA,Passenger,6,2,8,285,293,2.73
February 29 2024,Hennepin,MN,Passenger,1,0,1,46,47,2.13
August 31 2024,St. Clair,IL,Passenger,0,1,1,109,110,0.91
January 31 2017,Collin,TX,Passenger,0,1,1,164,165,0.61
February 28 2019,Shelby,TN,Passenger,0,1,1,105,106,0.94
July 31 2024,Montgomery,OH,Passenger,0,1,1,43,44,2.27
April 30 2022,Maui,HI,Passenger,1,0,1,26,27,3.70
May 31 2019,Benton,WA,Truck,0,0,0,41829,41829,0.00
October 31 2021,Fresno,CA,Passenger,2,0,2,188,190,1.05
November 30 2020,Calvert,MD,Passenger,0,2,2,90,92,2.17
July 31 2020,Los Angeles,CA,Passenger,7,12,19,1072,1091,1.74
February 28 2017,Maricopa,AZ,Passenger,2,1,3,1960,1963,0.15
August 31 2022,Onslow,NC,Passenger,0,1,1,164,165,0.61
December 31 2022,Middlesex,NJ,Passenger,1,0,1,24,25,4.00
March 31 2021,Powhatan,VA,Passenger,1,0,1,2,3,33.33
August 31 2020,Travis,TX,Passenger,4,2,6,195,201,2.99
August 31 2020,Bartow,GA,Passenger,0,1,1,5,6,16.67
March 31 2018,Lincoln,WA,Passenger,2,6,8,7574,7582,0.11
January 31 2020,Denver,CO,Passenger,1,0,1,136,137,0.73
May 31 2023,Cowlitz,WA,Truck,8,0,8,28219,28227,0.03
May 31 2019,Pierce,WA,Truck,0,0,0,139548,139548,0.00
November 30 2019,Honolulu,HI,Passenger,4,2,6,521,527,1.14
November 30 2023,St. Clair,IL,Passenger,0,1,1,117,118,0.85
January 31 2023,Charles,MD,Passenger,1,1,2,59,61,3.28
August 31 2024,Christian,MO,Passenger,0,1,1,8,9,11.11
October 31 2020,Walla Walla,WA,Truck,0,0,0,13783,13783,0.00
April 30 2018,New Haven,CT,Passenger,0,1,1,50,51,1.96
November 30 2020,Pend Oreille,WA,Truck,0,0,0,5716,5716,0.00
September 30 2019,San Francisco,CA,Passenger,2,2,4,111,115,3.48
July 31 2017,Adams,WA,Passenger,3,3,6,12177,12183,0.05
September 30 2024,Gwinnett,GA,Passenger,1,0,1,48,49,2.04
November 30 2019,Virginia Beach,VA,Passenger,1,0,1,710,711,0.14
April 30 2024,Lexington,SC,Passenger,1,0,1,15,16,6.25
December 31 2023,Virginia Beach,VA,Truck,1,0,1,117,118,0.85
October 31 2023,Bexar,TX,Passenger,4,3,7,425,432,1.62
October 31 2024,Ada,ID,Passenger,2,0,2,116,118,1.69
July 31 2024,Berkeley,SC,Passenger,2,0,2,102,104,1.92
March 31 2022,Williamsburg,VA,Passenger,0,1,1,7,8,12.50
October 31 2017,Morris,NJ,Passenger,1,0,1,21,22,4.55
November 30 2023,Kittitas,WA,Passenger,447,119,566,29359,29925,1.89
February 28 2023,San Juan,WA,Passenger,577,173,750,13859,14609,5.13
January 31 2021,Columbia,WA,Truck,0,0,0,1544,1544,0.00
November 30 2021,Ulster,NY,Passenger,1,0,1,16,17,5.88
June 30 2020,Valencia,NM,Passenger,1,0,1,8,9,11.11
April 30 2017,Pima,AZ,Passenger,0,2,2,469,471,0.42
October 31 2022,Medina,TX,Passenger,1,0,1,9,10,10.00
August 31 2019,Norfolk,MA,Passenger,1,0,1,42,43,2.33
September 30 2019,Jefferson,WA,Truck,0,0,0,9679,9679,0.00
October 31 2024,Lincoln,OR,Passenger,1,0,1,23,24,4.17
November 30 2022,Onslow,NC,Passenger,0,1,1,164,165,0.61
October 31 2019,King,WA,Passenger,21348,7391,28739,1394744,1423483,2.02
October 31 2021,Clallam,WA,Truck,1,0,1,22040,22041,0.00
May 31 2022,Suffolk,VA,Passenger,1,0,1,128,129,0.78
December 31 2022,Douglas,CO,Passenger,1,1,2,84,86,2.33
July 31 2024,Weld,CO,Passenger,1,0,1,16,17,5.88
July 31 2022,Asotin,WA,Passenger,24,19,43,12590,12633,0.34
December 31 2022,Maui,HI,Passenger,1,0,1,28,29,3.45
August 31 2018,Whatcom,WA,Passenger,654,320,974,148193,149167,0.65
October 31 2022,Douglas,WA,Truck,2,0,2,12801,12803,0.02
November 30 2018,San Mateo,CA,Passenger,2,1,3,139,142,2.11
May 31 2020,Orange,NC,Passenger,1,0,1,14,15,6.67
June 30 2018,Santa Clara,CA,Passenger,7,0,7,404,411,1.70
November 30 2021,Garfield,WA,Passenger,0,3,3,1343,1346,0.22
July 31 2018,Norfolk,VA,Passenger,2,2,4,328,332,1.20
January 31 2023,Salt Lake,UT,Passenger,2,1,3,155,158,1.90
June 30 2020,New London,CT,Passenger,1,1,2,234,236,0.85
February 28 2019,DeKalb,IN,Passenger,1,0,1,1,2,50.00
December 31 2018,Jefferson,WA,Truck,0,0,0,9598,9598,0.00
January 31 2020,Rockingham,NH,Passenger,1,0,1,30,31,3.23
December 31 2024,Riverside,CA,Passenger,6,2,8,384,392,2.04
September 30 2024,Klickitat,WA,Truck,23,0,23,8247,8270,0.28
May 31 2018,Latah,ID,Passenger,0,1,1,82,83,1.20
May 31 2023,Washington,WI,Passenger,1,0,1,1,2,50.00
May 31 2019,Santa Cruz,CA,Passenger,1,0,1,42,43,2.33
December 31 2022,St. Clair,IL,Passenger,1,0,1,131,132,0.76
June 30 2021,Monterey,CA,Passenger,1,2,3,169,172,1.74
July 31 2023,Pima,AZ,Passenger,2,0,2,236,238,0.84
December 31 2021,San Luis Obispo,CA,Passenger,1,1,2,73,75,2.67
December 31 2018,Albemarle,VA,Passenger,1,0,1,25,26,3.85
August 31 2019,Whitman,WA,Passenger,34,44,78,22690,22768,0.34
October 31 2018,Skamania,WA,Passenger,18,12,30,8721,8751,0.34
April 30 2023,Eagle,CO,Passenger,1,0,1,7,8,12.50
May 31 2020,Fulton,GA,Passenger,1,3,4,109,113,3.54
March 31 2023,Spokane,WA,Passenger,2090,998,3088,321275,324363,0.95
February 28 2025,New London,CT,Passenger,3,5,8,161,169,4.73
June 30 2024,Tom Green,TX,Passenger,0,1,1,19,20,5.00
October 31 2017,Pacific,WA,Passenger,14,10,24,15313,15337,0.16
November 30 2017,Spokane,WA,Passenger,291,238,529,299509,300038,0.18
November 30 2024,St. Clair,IL,Passenger,0,1,1,107,108,0.93
June 30 2022,Alexandria,VA,Passenger,4,0,4,124,128,3.12
September 30 2018,Douglas,NE,Passenger,0,1,1,71,72,1.39
July 31 2022,Harrison,MS,Passenger,1,0,1,52,53,1.89
June 30 2021,Spartanburg,SC,Passenger,0,1,1,53,54,1.85
January 31 2019,Charles,MD,Passenger,0,1,1,79,80,1.25
August 31 2024,Will,IL,Passenger,0,1,1,12,13,7.69
April 30 2025,DeKalb,GA,Truck,1,0,1,1,2,50.00
March 31 2022,Williams,ND,Passenger,0,1,1,9,10,10.00
August 31 2017,Hawaii,HI,Passenger,1,0,1,84,85,1.18
August 31 2019,Thurston,WA,Truck,0,0,0,55387,55387,0.00
October 31 2023,Kings,NY,Passenger,3,0,3,50,53,5.66
April 30 2017,Mason,WA,Passenger,49,62,111,42988,43099,0.26
December 31 2024,Sarpy,NE,Passenger,0,1,1,50,51,1.96
April 30 2025,Monroe,WI,Passenger,2,0,2,7,9,22.22
March 31 2019,Washoe,NV,Passenger,2,0,2,114,116,1.72
January 31 2020,Klickitat,WA,Truck,0,0,0,8291,8291,0.00
January 31 2022,Yakima,WA,Truck,0,0,0,61567,61567,0.00
August 31 2020,Essex,MA,Passenger,1,0,1,23,24,4.17
March 31 2024,Cache,UT,Passenger,1,0,1,11,12,8.33
January 31 2022,Juneau,AK,Passenger,0,1,1,35,36,2.78
July 31 2022,Adams,WA,Truck,1,0,1,5452,5453,0.02
July 31 2018,Hawaii,HI,Passenger,1,0,1,80,81,1.23
September 30 2021,Cameron,TX,Passenger,1,0,1,25,26,3.85
December 31 2024,Doña Ana,NM,Passenger,1,0,1,10,11,9.09
March 31 2017,Dallas,TX,Passenger,1,1,2,211,213,0.94
April 30 2024,Wake,NC,Passenger,6,1,7,91,98,7.14
May 31 2020,Spokane,WA,Passenger,721,478,1199,314714,315913,0.38
November 30 2020,Boone,MO,Passenger,0,1,1,10,11,9.09
May 31 2020,Skagit,WA,Truck,1,0,1,32367,32368,0.00
December 31 2021,Pinellas,FL,Passenger,0,1,1,103,104,0.96
August 31 2021,Anchorage,AK,Passenger,1,0,1,156,157,0.64
March 31 2024,Asotin,WA,Passenger,45,24,69,12182,12251,0.56
February 28 2022,Clark,WA,Truck,2,0,2,83633,83635,0.00
June 30 2022,Okanogan,WA,Passenger,80,50,130,26329,26459,0.49
December 31 2017,San Mateo,CA,Passenger,0,1,1,151,152,0.66
August 31 2019,Harnett,NC,Passenger,1,1,2,218,220,0.91
November 30 2019,Oklahoma,OK,Passenger,0,1,1,138,139,0.72
December 31 2022,Dallas,TX,Truck,1,0,1,13,14,7.14
September 30 2019,Volusia,FL,Passenger,0,1,1,40,41,2.44
January 31 2018,Jefferson,WA,Truck,0,0,0,9476,9476,0.00
May 31 2021,Frederick,MD,Passenger,1,1,2,62,64,3.12
May 31 2022,Asotin,WA,Truck,0,0,0,6692,6692,0.00
June 30 2017,Gwinnett,GA,Passenger,0,1,1,89,90,1.11
September 30 2019,Alexandria,VA,Passenger,1,0,1,144,145,0.69
September 30 2021,Botetourt,VA,Passenger,1,0,1,0,1,100.00
September 30 2020,Mohave,AZ,Passenger,1,0,1,82,83,1.20
June 30 2019,Cowlitz,WA,Passenger,98,108,206,72984,73190,0.28
April 30 2024,Garfield,OK,Passenger,1,0,1,19,20,5.00
September 30 2021,Albemarle,VA,Passenger,2,0,2,27,29,6.90
June 30 2021,Grays Harbor,WA,Passenger,168,144,312,49399,49711,0.63
January 31 2017,Union,OH,Passenger,1,0,1,4,5,20.00
February 28 2017,Alameda,CA,Passenger,3,1,4,391,395,1.01
April 30 2022,Jefferson,WA,Passenger,415,212,627,24679,25306,2.48
September 30 2018,Pacific,WA,Passenger,18,22,40,15721,15761,0.25
January 31 2023,Virginia Beach,VA,Truck,1,0,1,128,129,0.78
November 30 2020,Yakima,WA,Passenger,166,122,288,166890,167178,0.17
January 31 2024,Mason,WA,Truck,19,0,19,20407,20426,0.09
February 29 2024,Thurston,WA,Passenger,4018,1451,5469,188753,194222,2.82
December 31 2017,Pend Oreille,WA,Passenger,3,4,7,9439,9446,0.07
January 31 2022,Franklin,WA,Passenger,168,101,269,62067,62336,0.43
December 31 2021,Pima,AZ,Passenger,1,1,2,314,316,0.63
October 31 2017,Pierce,WA,Truck,0,0,0,136970,136970,0.00
December 31 2018,Virginia Beach,VA,Passenger,2,1,3,695,698,0.43
February 28 2023,Williamsburg,VA,Passenger,0,1,1,8,9,11.11
December 31 2022,New Haven,CT,Passenger,0,2,2,29,31,6.45
June 30 2023,Horry,SC,Passenger,1,0,1,18,19,5.26
June 30 2018,Adams,WA,Passenger,5,5,10,12605,12615,0.08
August 31 2017,Kent,MI,Passenger,0,1,1,40,41,2.44
May 31 2023,Cascade,MT,Passenger,0,1,1,43,44,2.27
April 30 2025,Spokane,WA,Passenger,4582,1987,6569,316280,322849,2.03
May 31 2025,Columbia,WA,Truck,2,0,2,1530,1532,0.13
May 31 2018,Montgomery,TX,Passenger,1,0,1,69,70,1.43
April 30 2018,Lane,OR,Passenger,0,1,1,197,198,0.51
January 31 2022,Maui,HI,Passenger,1,0,1,28,29,3.45
August 31 2021,Harrison,MS,Passenger,2,0,2,56,58,3.45
October 31 2018,Washington,OR,Passenger,0,1,1,499,500,0.20
October 31 2021,Leavenworth,KS,Passenger,0,1,1,101,102,0.98
March 31 2019,Cowlitz,WA,Passenger,84,101,185,72516,72701,0.25
April 30 2019,Lincoln,WA,Passenger,3,6,9,7752,7761,0.12
December 31 2021,Onslow,NC,Passenger,0,1,1,161,162,0.62
September 30 2021,Champaign,IL,Passenger,1,0,1,15,16,6.25
March 31 2023,El Paso,CO,Passenger,4,7,11,593,604,1.82
August 31 2023,Duval,FL,Truck,1,0,1,58,59,1.69
August 31 2018,Deschutes,OR,Passenger,2,0,2,178,180,1.11
January 31 2017,Pima,AZ,Passenger,0,2,2,495,497,0.40
December 31 2017,Moore,NC,Passenger,0,1,1,198,199,0.50
August 31 2022,Lee,FL,Passenger,1,0,1,44,45,2.22
February 29 2020,Juneau,AK,Passenger,0,2,2,37,39,5.13
February 28 2018,Madison,ID,Passenger,1,0,1,37,38,2.63
February 28 2025,Asotin,WA,Truck,5,0,5,6552,6557,0.08
December 31 2021,Saratoga,NY,Passenger,1,0,1,46,47,2.13
October 31 2017,Carroll,NH,Passenger,0,1,1,1,2,50.00
June 30 2024,Volusia,FL,Truck,1,0,1,5,6,16.67
December 31 2017,St. Lucie,FL,Passenger,1,0,1,25,26,3.85
May 31 2025,Pinal,AZ,Passenger,1,1,2,60,62,3.23
January 31 2022,Douglas,CO,Passenger,1,1,2,93,95,2.11
March 31 2023,DuPage,IL,Passenger,5,1,6,44,50,12.00
September 30 2018,Morris,NJ,Passenger,1,0,1,17,18,5.56
August 31 2021,Garfield,WA,Passenger,0,3,3,1363,1366,0.22
March 31 2024,Snohomish,WA,Passenger,17498,3828,21326,524818,546144,3.90
April 30 2024,Williamsburg,VA,Passenger,0,1,1,2,3,33.33
November 30 2021,Wahkiakum,WA,Passenger,17,10,27,3087,3114,0.87
April 30 2025,Prince George's,MD,Passenger,4,2,6,104,110,5.45
July 31 2024,Grays Harbor,WA,Passenger,463,245,708,47839,48547,1.46
July 31 2023,Douglas,NE,Passenger,2,1,3,29,32,9.38
September 30 2017,Orange,FL,Passenger,1,1,2,156,158,1.27
May 31 2023,Columbia,WA,Passenger,9,1,10,2406,2416,0.41
May 31 2024,Horry,SC,Passenger,1,0,1,14,15,6.67
June 30 2023,Platte,MO,Passenger,1,1,2,19,21,9.52
December 31 2023,Tooele,UT,Passenger,2,0,2,13,15,13.33
April 30 2024,Multnomah,OR,Passenger,6,1,7,490,497,1.41
August 31 2019,San Francisco,CA,Passenger,2,2,4,111,115,3.48
July 31 2024,Geary,KS,Truck,1,0,1,23,24,4.17
April 30 2023,Baltimore,MD,Passenger,1,0,1,76,77,1.30
July 31 2020,Cumberland,NC,Passenger,1,3,4,469,473,0.85
April 30 2019,Eagle,CO,Passenger,1,0,1,6,7,14.29
September 30 2022,Fairfax,VA,Passenger,8,3,11,673,684,1.61
September 30 2021,Marion,IN,Passenger,1,0,1,50,51,1.96
December 31 2021,Vigo,IN,Passenger,1,0,1,5,6,16.67
April 30 2020,Wise,TX,Passenger,1,0,1,9,10,10.00
May 31 2022,Riverside,CA,Passenger,11,0,11,565,576,1.91
October 31 2022,Dallas,TX,Passenger,1,0,1,125,126,0.79
February 29 2024,Pinal,AZ,Passenger,3,1,4,97,101,3.96
June 30 2023,Muscogee,GA,Passenger,1,2,3,130,133,2.26
February 29 2024,Yolo,CA,Passenger,3,0,3,27,30,10.00
May 31 2020,Mason,WA,Truck,0,0,0,20491,20491,0.00
December 31 2020,Pennington,SD,Passenger,1,0,1,35,36,2.78
May 31 2023,Spokane,WA,Truck,38,0,38,101509,101547,0.04
July 31 2021,Sussex,NJ,Passenger,1,0,1,2,3,33.33
January 31 2017,Yakima,WA,Passenger,36,49,85,159898,159983,0.05
May 31 2021,Hillsborough,FL,Passenger,0,2,2,167,169,1.18
August 31 2020,Grant,WA,Truck,0,0,0,27224,27224,0.00
January 31 2017,Okaloosa,FL,Passenger,1,0,1,189,190,0.53
May 31 2018,Mercer,NJ,Passenger,0,1,1,18,19,5.26
August 31 2021,Carroll,MD,Passenger,0,1,1,18,19,5.26
December 31 2024,San Juan,WA,Passenger,811,245,1056,13447,14503,7.28
February 28 2021,Collier,FL,Passenger,1,0,1,26,27,3.70
May 31 2022,Owyhee,ID,Passenger,1,0,1,2,3,33.33
June 30 2019,Mason,WA,Passenger,124,119,243,47153,47396,0.51
February 28 2017,Nantucket,MA,Passenger,1,0,1,3,4,25.00
March 31 2025,James City,VA,Passenger,1,0,1,27,28,3.57
October 31 2022,Onslow,NC,Passenger,0,1,1,164,165,0.61
July 31 2023,San Luis Obispo,CA,Passenger,1,1,2,56,58,3.45
July 31 2020,Lewis,WA,Truck,0,0,0,26284,26284,0.00
February 29 2020,Klamath,OR,Passenger,1,0,1,43,44,2.27
June 30 2021,San Joaquin,CA,Passenger,1,0,1,122,123,0.81
April 30 2024,Suffolk,VA,Passenger,1,1,2,98,100,2.00
August 31 2024,Pacific,WA,Truck,12,0,12,7747,7759,0.15
December 31 2018,Douglas,CO,Passenger,1,0,1,90,91,1.10
January 31 2025,Saratoga,NY,Passenger,1,1,2,36,38,5.26
September 30 2022,Grays Harbor,WA,Passenger,224,166,390,48689,49079,0.79
February 29 2024,Walla Walla,WA,Passenger,274,142,416,35361,35777,1.16
July 31 2020,San Joaquin,CA,Passenger,1,0,1,139,140,0.71
September 30 2021,Nassau,NY,Passenger,4,0,4,36,40,10.00
June 30 2021,Kings,CA,Passenger,1,0,1,316,317,0.32
October 31 2020,Queens,NY,Passenger,1,0,1,58,59,1.69
December 31 2020,Garfield,WA,Passenger,0,2,2,1366,1368,0.15
March 31 2020,Collier,FL,Passenger,1,0,1,26,27,3.70
April 30 2025,Nueces,TX,Passenger,2,0,2,45,47,4.26
May 31 2020,Mason,WA,Passenger,157,135,292,47139,47431,0.62
November 30 2021,Pennington,SD,Passenger,1,0,1,36,37,2.70
October 31 2022,Galveston,TX,Passenger,1,1,2,22,24,8.33
August 31 2020,Sussex,NJ,Passenger,1,0,1,2,3,33.33
October 31 2019,Bexar,TX,Passenger,0,5,5,690,695,0.72
May 31 2024,Prince George's,MD,Passenger,4,2,6,119,125,4.80
October 31 2021,Fairfax,VA,Passenger,5,4,9,721,730,1.23
September 30 2018,Snohomish,WA,Truck,1,0,1,121735,121736,0.00
September 30 2017,Kittitas,WA,Truck,0,0,0,13661,13661,0.00
April 30 2017,Tulare,CA,Passenger,1,0,1,194,195,0.51
May 31 2021,,,Passenger,4,2,6,379,385,1.56
November 30 2024,Johnson,MO,Passenger,1,0,1,27,28,3.57
April 30 2019,Mercer,NJ,Passenger,0,1,1,17,18,5.56
June 30 2022,Sussex,NJ,Passenger,1,0,1,2,3,33.33
April 30 2023,San Juan,WA,Truck,12,0,12,5928,5940,0.20
July 31 2020,Shasta,CA,Passenger,1,0,1,39,40,2.50
July 31 2024,Klickitat,WA,Passenger,219,90,309,15104,15413,2.00
July 31 2022,Muscogee,GA,Passenger,0,1,1,143,144,0.69
January 31 2024,Douglas,WA,Truck,10,0,10,13048,13058,0.08
March 31 2025,Whatcom,WA,Truck,174,0,174,41968,42142,0.41
July 31 2024,Cumberland,PA,Passenger,1,0,1,48,49,2.04
June 30 2022,Sacramento,CA,Passenger,2,1,3,252,255,1.18
September 30 2023,Collin,TX,Passenger,5,0,5,64,69,7.25
February 28 2023,Franklin,WA,Passenger,273,128,401,61735,62136,0.65
August 31 2024,Ada,ID,Passenger,2,0,2,123,125,1.60
April 30 2021,Flathead,MT,Passenger,2,0,2,59,61,3.28
August 31 2017,Cobb,GA,Passenger,0,1,1,78,79,1.27
February 28 2025,Hoke,NC,Passenger,1,0,1,64,65,1.54
April 30 2022,Clark,NV,Passenger,9,3,12,680,692,1.73
January 31 2023,Eagle,CO,Passenger,1,0,1,7,8,12.50
September 30 2024,Camden,GA,Passenger,1,0,1,99,100,1.00
September 30 2023,Pend Oreille,WA,Truck,0,0,0,5590,5590,0.00
March 31 2025,Jefferson,NY,Passenger,3,0,3,149,152,1.97
May 31 2018,Eagle,CO,Passenger,1,0,1,7,8,12.50
March 31 2022,Clackamas,OR,Passenger,2,0,2,190,192,1.04
August 31 2019,Riverside,CA,Passenger,3,2,5,691,696,0.72
November 30 2019,Albemarle,VA,Passenger,1,0,1,28,29,3.45
September 30 2017,Sumter,FL,Passenger,0,1,1,10,11,9.09
October 31 2020,DeKalb,IN,Passenger,1,0,1,1,2,50.00
February 28 2025,Kittitas,WA,Truck,54,0,54,14551,14605,0.37
June 30 2018,Essex,MA,Passenger,1,0,1,28,29,3.45
July 31 2017,Marion,OR,Passenger,1,0,1,168,169,0.59
March 31 2025,Benton,WA,Passenger,2139,883,3022,136684,139706,2.16
July 31 2017,Santa Clara,CA,Passenger,5,2,7,422,429,1.63
December 31 2020,Wahkiakum,WA,Passenger,6,7,13,3034,3047,0.43
August 31 2021,El Paso,CO,Passenger,2,2,4,716,720,0.56
November 30 2020,Placer,CA,Passenger,2,0,2,98,100,2.00
November 30 2018,Moore,NC,Passenger,0,1,1,192,193,0.52
February 28 2021,King,WA,Truck,6,1,7,184160,184167,0.00
February 28 2023,Montgomery,MD,Passenger,4,3,7,212,219,3.20
August 31 2024,Douglas,CO,Passenger,1,1,2,51,53,3.77
July 31 2020,Douglas,NE,Passenger,0,1,1,58,59,1.69
October 31 2024,Madison,IL,Passenger,1,0,1,9,10,10.00
May 31 2023,Los Angeles,CA,Passenger,9,4,13,807,820,1.59
March 31 2022,Sussex,NJ,Passenger,1,0,1,2,3,33.33
August 31 2024,Hays,TX,Passenger,1,0,1,5,6,16.67
June 30 2024,Bergen,NJ,Passenger,1,0,1,11,12,8.33
September 30 2021,Williamson,TX,Passenger,1,2,3,139,142,2.11
July 31 2021,RÃ­o Grande,PR,Passenger,1,0,1,0,1,100.00
April 30 2018,Ferry,WA,Truck,0,0,0,3497,3497,0.00
January 31 2022,Lincoln,OR,Passenger,0,1,1,40,41,2.44
January 31 2023,Kauai,HI,Passenger,1,1,2,21,23,8.70
May 31 2021,Grant,WA,Truck,0,0,0,27847,27847,0.00
June 30 2018,Orange,CA,Passenger,5,1,6,590,596,1.01
August 31 2018,Pinal,AZ,Passenger,2,0,2,220,222,0.90
October 31 2023,Providence,RI,Passenger,1,0,1,19,20,5.00
May 31 2024,Nueces,TX,Passenger,2,0,2,60,62,3.23
November 30 2020,Skamania,WA,Truck,0,0,0,4008,4008,0.00
March 31 2025,Whatcom,WA,Passenger,4171,1443,5614,146107,151721,3.70
December 31 2018,Muskogee,OK,Passenger,0,1,1,2,3,33.33
April 30 2022,Tarrant,TX,Passenger,4,0,4,163,167,2.40
October 31 2020,Anne Arundel,MD,Passenger,1,1,2,401,403,0.50
August 31 2022,Orange,NY,Passenger,0,1,1,52,53,1.89
April 30 2022,Yavapai,AZ,Passenger,0,1,1,37,38,2.63
May 31 2022,DeKalb,GA,Passenger,1,0,1,60,61,1.64
July 31 2023,Orange,NY,Passenger,0,1,1,42,43,2.33
November 30 2019,Muskogee,OK,Passenger,0,1,1,1,2,50.00
January 31 2019,King,WA,Truck,6,1,7,182293,182300,0.00
April 30 2018,Yakima,WA,Truck,0,0,0,58202,58202,0.00
January 31 2022,Thurston,WA,Passenger,1917,973,2890,195680,198570,1.46
June 30 2022,Ferry,WA,Passenger,19,4,23,4397,4420,0.52
October 31 2023,Essex,NJ,Passenger,2,0,2,10,12,16.67
February 28 2022,Douglas,WA,Truck,0,0,0,12676,12676,0.00
January 31 2021,San Mateo,CA,Passenger,2,1,3,133,136,2.21
October 31 2021,District of Columbia,DC,Passenger,4,0,4,189,193,2.07
May 31 2018,Franklin,WA,Truck,0,0,0,18635,18635,0.00
August 31 2020,Harnett,NC,Passenger,1,0,1,211,212,0.47
May 31 2023,Otero,NM,Passenger,0,1,1,25,26,3.85
November 30 2022,Gwinnett,GA,Passenger,1,0,1,64,65,1.54
May 31 2017,Ferry,WA,Truck,0,0,0,3547,3547,0.00
May 31 2017,San Diego,CA,Passenger,4,2,6,2744,2750,0.22
March 31 2023,Hamilton,IN,Passenger,1,0,1,26,27,3.70
June 30 2021,Kootenai,ID,Passenger,0,2,2,218,220,0.91
January 31 2025,Newport,RI,Passenger,0,2,2,43,45,4.44
February 29 2024,Isle of Wight,VA,Passenger,0,1,1,16,17,5.88
December 31 2018,Skamania,WA,Truck,0,0,0,4011,4011,0.00
January 31 2021,Douglas,WA,Truck,0,0,0,12497,12497,0.00
May 31 2021,Grant,WA,Passenger,102,87,189,66795,66984,0.28
October 31 2021,Geary,KS,Passenger,1,0,1,101,102,0.98
May 31 2025,Jefferson,WA,Passenger,908,347,1255,23442,24697,5.08
October 31 2017,Klickitat,WA,Passenger,23,27,50,14806,14856,0.34
December 31 2024,Mercer,NJ,Passenger,0,1,1,6,7,14.29
September 30 2017,DeKalb,GA,Passenger,1,0,1,87,88,1.14
July 31 2023,Columbia,WA,Passenger,11,1,12,2422,2434,0.49
March 31 2019,Hawaii,HI,Passenger,1,0,1,71,72,1.39
September 30 2018,Kootenai,ID,Passenger,0,2,2,223,225,0.89
May 31 2024,Manassas,VA,Passenger,1,0,1,6,7,14.29
June 30 2021,Cumberland,NC,Passenger,1,2,3,438,441,0.68
May 31 2023,Columbia,GA,Passenger,1,1,2,83,85,2.35
July 31 2024,Texas,MO,Passenger,1,0,1,2,3,33.33
May 31 2019,Twin Falls,ID,Passenger,0,1,1,24,25,4.00
December 31 2022,Lincoln,OR,Passenger,1,1,2,27,29,6.90
June 30 2023,San Bernardino,CA,Passenger,3,1,4,367,371,1.08
December 31 2018,Mecklenburg,NC,Passenger,1,0,1,88,89,1.12
June 30 2022,Lexington,SC,Passenger,1,0,1,24,25,4.00
December 31 2023,Kauai,HI,Passenger,0,1,1,20,21,4.76
March 31 2022,Franklin,WA,Passenger,178,106,284,61983,62267,0.46
January 31 2023,Mason,WA,Passenger,377,187,564,46656,47220,1.19
February 28 2017,King,WA,Truck,8,1,9,190420,190429,0.00
March 31 2019,Island,WA,Passenger,300,235,535,63024,63559,0.84
February 28 2022,Wahkiakum,WA,Truck,0,0,0,1812,1812,0.00
June 30 2021,Powhatan,VA,Passenger,1,0,1,1,2,50.00
March 31 2024,Beaufort,SC,Passenger,1,0,1,30,31,3.23
May 31 2020,Washoe,NV,Passenger,1,0,1,116,117,0.85
October 31 2023,Montgomery,AL,Passenger,1,1,2,32,34,5.88
July 31 2020,Brevard,FL,Passenger,0,1,1,91,92,1.09
May 31 2024,St. Louis,MO,Passenger,1,0,1,53,54,1.85
May 31 2024,Klickitat,WA,Passenger,208,85,293,15079,15372,1.91
July 31 2024,District of Columbia,DC,Passenger,3,1,4,146,150,2.67
August 31 2017,Manatee,FL,Passenger,1,0,1,46,47,2.13
January 31 2024,Jefferson,IL,Passenger,1,0,1,1,2,50.00
December 31 2019,Lake,IL,Passenger,1,0,1,171,172,0.58
June 30 2020,Portsmouth,VA,Passenger,0,1,1,73,74,1.35
December 31 2023,Asotin,WA,Truck,0,0,0,6579,6579,0.00
September 30 2017,Asotin,WA,Passenger,7,5,12,12454,12466,0.10
January 31 2023,Island,WA,Passenger,952,397,1349,60889,62238,2.17
May 31 2022,Adams,WA,Truck,0,0,0,5472,5472,0.00
October 31 2018,Jefferson,WA,Truck,0,0,0,9603,9603,0.00
March 31 2023,Kern,CA,Passenger,2,1,3,219,222,1.35
February 28 2019,Montgomery,AL,Passenger,1,1,2,44,46,4.35
March 31 2024,Kittitas,WA,Truck,24,0,24,14675,14699,0.16
January 31 2019,Clay,FL,Passenger,0,1,1,92,93,1.08
March 31 2025,Snohomish,WA,Truck,703,0,703,118009,118712,0.59
July 31 2022,Platte,MO,Passenger,1,1,2,23,25,8.00
April 30 2021,Harris,TX,Passenger,1,1,2,263,265,0.75
April 30 2020,New London,CT,Passenger,1,1,2,232,234,0.85
July 31 2022,Spokane,WA,Passenger,1667,861,2528,323668,326196,0.77
May 31 2019,Cowlitz,WA,Passenger,95,107,202,72883,73085,0.28
September 30 2018,Norfolk,VA,Passenger,2,2,4,332,336,1.19
July 31 2023,Columbia,WA,Truck,0,0,0,1542,1542,0.00
November 30 2017,Lewis,WA,Passenger,53,41,94,56424,56518,0.17
February 28 2023,Walla Walla,WA,Passenger,206,107,313,35602,35915,0.87
December 31 2018,Garfield,OK,Passenger,1,0,1,15,16,6.25
September 30 2018,Klickitat,WA,Passenger,24,32,56,15353,15409,0.36
December 31 2022,Sedgwick,KS,Passenger,0,1,1,79,80,1.25
October 31 2020,Richland,SC,Passenger,0,1,1,145,146,0.68
August 31 2018,Dale,AL,Passenger,0,1,1,56,57,1.75
August 31 2024,Tompkins,NY,Passenger,1,0,1,10,11,9.09
January 31 2021,Gwinnett,GA,Passenger,1,0,1,71,72,1.39
March 31 2017,St. Lucie,FL,Passenger,1,0,1,30,31,3.23
November 30 2023,Johnson,MO,Passenger,1,0,1,24,25,4.00
April 30 2025,Cumberland,PA,Passenger,1,0,1,37,38,2.63
June 30 2019,Saginaw,MI,Passenger,1,0,1,12,13,7.69
November 30 2023,Lincoln,OR,Passenger,1,0,1,25,26,3.85
October 31 2023,Loudoun,VA,Passenger,2,1,3,66,69,4.35
April 30 2023,Harnett,NC,Passenger,4,0,4,164,168,2.38
August 31 2023,Laramie,WY,Passenger,1,0,1,34,35,2.86
June 30 2024,Providence,RI,Passenger,1,0,1,21,22,4.55
February 28 2021,San Juan,WA,Truck,0,0,0,5859,5859,0.00
May 31 2019,Jefferson,NY,Passenger,0,1,1,217,218,0.46
June 30 2024,Sacramento,CA,Truck,1,0,1,28,29,3.45
December 31 2021,Chelan,WA,Truck,0,0,0,23079,23079,0.00
November 30 2024,Camden,GA,Passenger,1,0,1,95,96,1.04
January 31 2023,New London,CT,Passenger,2,4,6,202,208,2.88
December 31 2021,Gwinnett,GA,Passenger,1,0,1,71,72,1.39
May 31 2022,Chesapeake,VA,Passenger,2,1,3,383,386,0.78
June 30 2022,Jefferson,WA,Truck,2,0,2,9450,9452,0.02
June 30 2022,Burlington,NJ,Passenger,0,2,2,107,109,1.83
January 31 2017,Utah,UT,Passenger,0,1,1,206,207,0.48
September 30 2023,Clark,WA,Truck,117,0,117,81104,81221,0.14
August 31 2024,Skamania,WA,Truck,5,0,5,3852,3857,0.13
December 31 2022,Thurston,WA,Passenger,2615,1128,3743,191149,194892,1.92
February 28 2021,Mason,WA,Passenger,177,133,310,47599,47909,0.65
January 31 2023,Hamilton,OH,Passenger,1,0,1,46,47,2.13
April 30 2019,Franklin,WA,Truck,0,0,0,19206,19206,0.00
June 30 2019,El Paso,CO,Passenger,3,2,5,754,759,0.66
June 30 2024,Virginia Beach,VA,Passenger,5,3,8,450,458,1.75
March 31 2017,Juneau,AK,Passenger,0,1,1,56,57,1.75
March 31 2022,Bell,TX,Passenger,1,0,1,351,352,0.28
November 30 2022,Moore,NC,Passenger,0,1,1,131,132,0.76
February 28 2022,Lake,FL,Passenger,1,0,1,27,28,3.57
March 31 2022,Walla Walla,WA,Passenger,157,90,247,36051,36298,0.68
May 31 2023,Cumberland,NC,Passenger,1,4,5,357,362,1.38
February 29 2020,New Haven,CT,Passenger,0,2,2,41,43,4.65
December 31 2023,New London,CT,Passenger,2,4,6,184,190,3.16
July 31 2020,Snohomish,WA,Truck,0,0,0,124266,124266,0.00
November 30 2017,Okanogan,WA,Truck,0,0,0,16269,16269,0.00
March 31 2020,King,WA,Truck,5,1,6,182297,182303,0.00
June 30 2022,San Francisco,CA,Passenger,2,0,2,99,101,1.98
June 30 2018,Franklin,WA,Passenger,39,66,105,57823,57928,0.18
May 31 2020,Newport,RI,Passenger,0,1,1,79,80,1.25
November 30 2019,San Francisco,CA,Passenger,2,2,4,107,111,3.60
May 31 2019,Mason,WA,Truck,0,0,0,20345,20345,0.00
September 30 2022,District of Columbia,DC,Passenger,2,0,2,168,170,1.18
February 28 2023,Adams,WA,Passenger,21,11,32,12985,13017,0.25
July 31 2024,District of Columbia,DC,Truck,1,0,1,15,16,6.25
May 31 2017,Yakima,WA,Truck,0,0,0,57271,57271,0.00
April 30 2023,Williamson,TX,Passenger,0,1,1,98,99,1.01
September 30 2017,Asotin,WA,Truck,0,0,0,6502,6502,0.00
January 31 2022,Sedgwick,KS,Passenger,0,1,1,89,90,1.11
April 30 2021,Newport,RI,Passenger,0,1,1,75,76,1.32
October 31 2021,Carson City,NV,Passenger,1,0,1,14,15,6.67
June 30 2018,Grant,WA,Truck,0,0,0,25910,25910,0.00
September 30 2022,Prince George's,MD,Passenger,3,1,4,144,148,2.70
June 30 2020,Asotin,WA,Passenger,16,12,28,12308,12336,0.23
June 30 2023,Ulster,NY,Passenger,1,0,1,10,11,9.09
December 31 2019,Clay,FL,Passenger,0,1,1,94,95,1.05
June 30 2024,Anne Arundel,MD,Truck,1,0,1,42,43,2.33
February 28 2017,Wahkiakum,WA,Passenger,0,1,1,2843,2844,0.04
January 31 2025,Greene,OH,Passenger,2,0,2,16,18,11.11
August 31 2019,Oklahoma,OK,Passenger,0,1,1,138,139,0.72
August 31 2019,Muskogee,OK,Passenger,0,1,1,1,2,50.00
September 30 2021,Pulaski,MO,Passenger,1,0,1,129,130,0.77
December 31 2023,Beaufort,SC,Passenger,1,0,1,30,31,3.23
October 31 2017,Benton,WA,Passenger,164,154,318,129359,129677,0.25
May 31 2018,Asotin,WA,Truck,0,0,0,6627,6627,0.00
March 31 2017,Franklin,MA,Passenger,0,1,1,4,5,20.00
February 28 2023,Bartow,GA,Passenger,0,1,1,4,5,20.00
March 31 2024,Garfield,WA,Truck,0,0,0,983,983,0.00
May 31 2020,Pinellas,FL,Passenger,1,1,2,124,126,1.59
November 30 2022,Saratoga,NY,Passenger,1,0,1,51,52,1.92
February 28 2022,Skagit,WA,Truck,1,0,1,32584,32585,0.00
May 31 2022,Okanogan,WA,Passenger,79,51,130,26357,26487,0.49
June 30 2024,Garfield,WA,Passenger,0,3,3,1309,1312,0.23
April 30 2023,New London,CT,Passenger,2,4,6,197,203,2.96
December 31 2020,Chelan,WA,Passenger,278,89,367,54479,54846,0.67
April 30 2024,Sacramento,CA,Passenger,2,1,3,174,177,1.69
June 30 2021,Snohomish,WA,Truck,1,0,1,126166,126167,0.00
September 30 2023,Mohave,AZ,Passenger,1,0,1,56,57,1.75
February 28 2025,El Paso,CO,Passenger,9,8,17,421,438,3.88
May 31 2019,Norfolk,VA,Passenger,2,2,4,338,342,1.17
July 31 2023,Moore,NC,Passenger,0,1,1,132,133,0.75
April 30 2023,Adams,WA,Passenger,23,12,35,13010,13045,0.27
November 30 2017,Manassas,VA,Passenger,0,1,1,9,10,10.00
May 31 2022,Walla Walla,WA,Truck,0,0,0,13957,13957,0.00
May 31 2020,Putnam,TN,Passenger,0,1,1,5,6,16.67
August 31 2019,Nassau,NY,Passenger,4,0,4,43,47,8.51
December 31 2019,King,WA,Truck,6,1,7,182089,182096,0.00
May 31 2019,Flathead,MT,Passenger,1,0,1,71,72,1.39
October 31 2024,Tom Green,TX,Passenger,0,1,1,19,20,5.00
July 31 2021,Burlington,NJ,Passenger,0,1,1,124,125,0.80
March 31 2022,Adams,WA,Passenger,16,11,27,12952,12979,0.21
March 31 2019,Clallam,WA,Passenger,154,129,283,50300,50583,0.56
December 31 2023,Sonoma,CA,Passenger,2,1,3,72,75,4.00
March 31 2019,Wahkiakum,WA,Passenger,1,1,2,3005,3007,0.07
October 31 2018,Whitman,WA,Passenger,19,33,52,22729,22781,0.23
February 29 2020,Douglas,WA,Passenger,69,40,109,28255,28364,0.38
May 31 2022,Garfield,WA,Truck,0,0,0,976,976,0.00
March 31 2024,Ventura,CA,Passenger,4,2,6,234,240,2.50
September 30 2021,Queens,NY,Passenger,2,0,2,53,55,3.64
August 31 2018,Carroll,NH,Passenger,0,1,1,1,2,50.00
April 30 2023,Chesapeake,VA,Passenger,2,1,3,340,343,0.87
February 28 2023,Burlington,NJ,Passenger,2,2,4,97,101,3.96
November 30 2019,Skamania,WA,Truck,0,0,0,4096,4096,0.00
December 31 2024,Santa Clara,CA,Passenger,17,7,24,169,193,12.44
October 31 2020,Garfield,WA,Truck,0,0,0,989,989,0.00
September 30 2023,Onslow,NC,Passenger,0,1,1,147,148,0.68
February 28 2017,Manassas,VA,Passenger,0,1,1,8,9,11.11
December 31 2024,Lincoln,WA,Passenger,35,33,68,7507,7575,0.90
April 30 2020,Kittitas,WA,Truck,0,0,0,14590,14590,0.00
February 28 2021,Kern,CA,Passenger,0,1,1,220,221,0.45
April 30 2023,Riverside,CA,Passenger,9,2,11,499,510,2.16
July 31 2018,El Paso,CO,Passenger,2,2,4,776,780,0.51
January 31 2021,Vigo,IN,Passenger,1,0,1,6,7,14.29
November 30 2017,Marin,CA,Passenger,1,0,1,58,59,1.69
October 31 2020,Garfield,WA,Passenger,0,1,1,1353,1354,0.07
June 30 2018,DeKalb,GA,Passenger,1,0,1,83,84,1.19
August 31 2020,Clark,NV,Passenger,3,3,6,756,762,0.79
June 30 2019,Nueces,TX,Passenger,1,1,2,100,102,1.96
October 31 2017,Norfolk,VA,Passenger,1,1,2,306,308,0.65
December 31 2021,Moore,NC,Passenger,0,1,1,135,136,0.74
May 31 2025,Kings,CA,Passenger,3,0,3,209,212,1.42
April 30 2017,Polk,FL,Passenger,1,0,1,71,72,1.39
March 31 2020,Ventura,CA,Passenger,0,2,2,319,321,0.62
January 31 2020,Yakima,WA,Passenger,120,115,235,166170,166405,0.14
May 31 2019,Island,WA,Truck,0,0,0,21214,21214,0.00
May 31 2018,Clay,FL,Passenger,0,1,1,98,99,1.01
January 31 2023,Tooele,UT,Passenger,1,0,1,10,11,9.09
June 30 2019,Lewis,WA,Passenger,99,94,193,59100,59293,0.33
May 31 2022,New London,CT,Passenger,2,5,7,209,216,3.24
September 30 2021,Fort Bend,TX,Passenger,1,0,1,39,40,2.50
February 28 2023,Boulder,CO,Passenger,2,0,2,42,44,4.55
April 30 2022,Deschutes,OR,Passenger,2,0,2,126,128,1.56
November 30 2021,Albemarle,VA,Passenger,2,0,2,27,29,6.90
August 31 2019,Walla Walla,WA,Truck,0,0,0,13642,13642,0.00
November 30 2023,Middlesex,NJ,Passenger,1,0,1,21,22,4.55
September 30 2022,St. Lawrence,NY,Passenger,1,0,1,5,6,16.67
May 31 2025,Skamania,WA,Passenger,174,65,239,7567,7806,3.06
April 30 2021,Island,WA,Passenger,582,307,889,62942,63831,1.39
July 31 2019,Pacific,WA,Passenger,24,30,54,16017,16071,0.34
February 28 2018,Okaloosa,FL,Passenger,1,0,1,178,179,0.56
May 31 2019,Hawaii,HI,Passenger,1,0,1,72,73,1.37
October 31 2022,New Haven,CT,Passenger,0,2,2,32,34,5.88
December 31 2017,Yakima,WA,Passenger,59,75,134,162030,162164,0.08
November 30 2020,Ramsey,MN,Passenger,1,0,1,43,44,2.27
May 31 2020,Flathead,MT,Passenger,1,0,1,74,75,1.33
September 30 2024,Yuba,CA,Passenger,1,0,1,54,55,1.82
May 31 2018,Collier,FL,Passenger,1,0,1,28,29,3.45
November 30 2024,,,Passenger,2,2,4,252,256,1.56
February 28 2025,Garfield,WA,Truck,0,0,0,988,988,0.00
October 31 2018,Norfolk,MA,Passenger,1,0,1,40,41,2.44
January 31 2018,Ada,ID,Passenger,0,1,1,367,368,0.27
April 30 2023,Whitman,WA,Truck,4,0,4,8573,8577,0.05
January 31 2024,Fulton,GA,Passenger,1,1,2,72,74,2.70
February 28 2022,Pierce,WA,Truck,2,0,2,143715,143717,0.00
September 30 2019,Skamania,WA,Passenger,26,18,44,8777,8821,0.50
March 31 2021,Chelan,WA,Truck,0,0,0,22961,22961,0.00
October 31 2020,Pulaski,MO,Passenger,1,0,1,140,141,0.71
June 30 2020,Collier,FL,Passenger,1,0,1,27,28,3.57
September 30 2023,Milwaukee,WI,Passenger,1,0,1,38,39,2.56
April 30 2020,Bartow,GA,Passenger,0,1,1,4,5,20.00
May 31 2025,Whatcom,WA,Passenger,4278,1460,5738,144150,149888,3.83
April 30 2021,Pinellas,FL,Passenger,1,1,2,110,112,1.79
May 31 2019,Kalamazoo,MI,Passenger,1,0,1,16,17,5.88
August 31 2020,Sacramento,CA,Passenger,1,1,2,284,286,0.70
May 31 2024,Allegheny,PA,Passenger,4,0,4,58,62,6.45
October 31 2021,Prince George's,MD,Passenger,2,1,3,157,160,1.88
August 31 2017,Dakota,MN,Passenger,0,2,2,40,42,4.76
June 30 2023,Carroll,MD,Passenger,0,1,1,22,23,4.35
June 30 2017,Jefferson,NY,Passenger,1,1,2,252,254,0.79
June 30 2023,Sacramento,CA,Truck,1,0,1,32,33,3.03
July 31 2017,Riverside,CA,Passenger,1,1,2,818,820,0.24
May 31 2019,Vigo,IN,Passenger,1,0,1,6,7,14.29
May 31 2025,Placer,CA,Passenger,3,0,3,48,51,5.88
November 30 2020,Yakima,WA,Truck,0,0,0,60743,60743,0.00
June 30 2017,Benton,WA,Passenger,148,143,291,128472,128763,0.23
August 31 2024,Dallas,TX,Truck,1,0,1,11,12,8.33
September 30 2023,Galveston,TX,Passenger,0,1,1,20,21,4.76
February 28 2021,Kauai,HI,Passenger,1,0,1,23,24,4.17
December 31 2024,Franklin,WA,Truck,24,0,24,20959,20983,0.11
July 31 2024,Sarasota,FL,Passenger,1,0,1,22,23,4.35
June 30 2018,Sangamon,IL,Passenger,1,0,1,11,12,8.33
April 30 2022,Contra Costa,CA,Passenger,0,3,3,246,249,1.20
September 30 2022,Cumberland,PA,Passenger,1,0,1,54,55,1.82
January 31 2024,Island,WA,Truck,41,0,41,20671,20712,0.20
April 30 2021,Santa Cruz,CA,Passenger,1,0,1,29,30,3.33
May 31 2025,Kootenai,ID,Truck,1,0,1,17,18,5.56
February 29 2024,Douglas,WA,Passenger,267,87,354,28847,29201,1.21
January 31 2021,Wahkiakum,WA,Truck,0,0,0,1766,1766,0.00
March 31 2017,Yakima,WA,Passenger,36,50,86,159193,159279,0.05
April 30 2025,Wasco,OR,Passenger,0,1,1,12,13,7.69
April 30 2023,Howard,MD,Passenger,0,2,2,63,65,3.08
February 28 2021,Pennington,SD,Passenger,1,0,1,35,36,2.78
September 30 2022,Chelan,WA,Passenger,494,136,630,54022,54652,1.15
October 31 2021,Sarasota,FL,Passenger,2,0,2,48,50,4.00
October 31 2023,Ulster,NY,Passenger,1,0,1,8,9,11.11
July 31 2022,Kings,NY,Passenger,1,0,1,66,67,1.49
September 30 2019,Bucks,PA,Passenger,1,0,1,28,29,3.45
September 30 2020,Columbia,WA,Truck,0,0,0,1530,1530,0.00
April 30 2021,Benton,WA,Truck,0,0,0,43653,43653,0.00
October 31 2022,Lake,FL,Passenger,1,0,1,24,25,4.00
April 30 2020,Travis,TX,Passenger,4,2,6,202,208,2.88
September 30 2020,Collin,TX,Passenger,2,1,3,141,144,2.08
June 30 2017,Tarrant,TX,Passenger,1,0,1,258,259,0.39
August 31 2023,Pulaski,MO,Passenger,3,0,3,107,110,2.73
May 31 2020,Benton,WA,Truck,0,0,0,42446,42446,0.00
June 30 2023,Wayne,MI,Passenger,0,1,1,41,42,2.38
July 31 2024,Spokane,WA,Truck,116,0,116,101271,101387,0.11
December 31 2021,Greene,MO,Passenger,0,1,1,35,36,2.78
February 29 2024,San Diego,CA,Passenger,22,9,31,2184,2215,1.40
March 31 2018,Virginia Beach,VA,Passenger,2,1,3,682,685,0.44
January 31 2018,King,WA,Passenger,11612,4876,16488,1369850,1386338,1.19
March 31 2025,Skagit,WA,Truck,82,0,82,31274,31356,0.26
February 29 2024,Prince William,VA,Passenger,1,4,5,145,150,3.33
February 28 2022,Coryell,TX,Passenger,1,0,1,109,110,0.91
April 30 2022,Douglas,WA,Passenger,125,57,182,28505,28687,0.63
August 31 2019,Whitman,WA,Truck,0,0,0,8623,8623,0.00
September 30 2023,Johnson,MO,Passenger,1,0,1,25,26,3.85
May 31 2021,Douglas,WA,Passenger,92,47,139,28507,28646,0.49
April 30 2024,Arapahoe,CO,Passenger,2,1,3,69,72,4.17
January 31 2017,Grays Harbor,WA,Truck,0,0,0,19854,19854,0.00
October 31 2023,Marion,IN,Passenger,2,0,2,31,33,6.06
March 31 2025,New York,NY,Passenger,3,0,3,22,25,12.00
January 31 2025,James City,VA,Passenger,1,0,1,26,27,3.70
June 30 2022,Boulder,CO,Passenger,2,0,2,48,50,4.00
January 31 2025,Stevens,WA,Truck,8,0,8,18578,18586,0.04
September 30 2020,Ramsey,MN,Passenger,1,0,1,44,45,2.22
March 31 2023,Collier,FL,Passenger,1,0,1,19,20,5.00
May 31 2019,Davidson,TN,Passenger,1,0,1,85,86,1.16
July 31 2023,Richmond,VA,Passenger,1,0,1,11,12,8.33
June 30 2019,Norfolk,VA,Passenger,2,1,3,340,343,0.87
February 28 2021,Hampshire,MA,Passenger,1,0,1,10,11,9.09
October 31 2020,Penobscot,ME,Passenger,0,2,2,14,16,12.50
October 31 2017,Whatcom,WA,Truck,2,0,2,41863,41865,0.00
October 31 2022,Camden,NJ,Passenger,0,1,1,11,12,8.33
May 31 2022,Williamson,TX,Passenger,1,2,3,123,126,2.38
March 31 2022,Kittitas,WA,Passenger,224,76,300,29745,30045,1.00
November 30 2022,District of Columbia,DC,Passenger,2,0,2,169,171,1.17
March 31 2023,Bristol,MA,Passenger,1,0,1,10,11,9.09
September 30 2018,Washtenaw,MI,Passenger,1,0,1,37,38,2.63
May 31 2020,Santa Cruz,CA,Passenger,1,0,1,38,39,2.56
August 31 2024,Washington,OR,Passenger,3,0,3,219,222,1.35
March 31 2023,Kent,DE,Passenger,1,0,1,52,53,1.89
February 28 2018,Yakima,WA,Passenger,61,79,140,162290,162430,0.09
January 31 2020,Pend Oreille,WA,Truck,0,0,0,5773,5773,0.00
June 30 2023,Bexar,TX,Passenger,4,3,7,450,457,1.53
May 31 2019,Denver,CO,Passenger,1,0,1,144,145,0.69
October 31 2023,Marin,CA,Passenger,3,2,5,36,41,12.20
August 31 2023,Ada,ID,Passenger,3,0,3,160,163,1.84
April 30 2023,Lee,AL,Passenger,1,0,1,21,22,4.55
December 31 2021,Wahkiakum,WA,Truck,0,0,0,1821,1821,0.00
April 30 2024,Essex,MA,Passenger,2,0,2,13,15,13.33
July 31 2017,Franklin,OH,Passenger,0,1,1,120,121,0.83
October 31 2023,Okanogan,WA,Truck,8,0,8,16322,16330,0.05
February 28 2025,Adams,WA,Truck,6,0,6,5347,5353,0.11
September 30 2019,Grant,WA,Truck,0,0,0,26780,26780,0.00
December 31 2020,Lincoln,WA,Passenger,5,12,17,7631,7648,0.22
July 31 2022,Lewis,WA,Passenger,244,179,423,59556,59979,0.71
July 31 2023,Klickitat,WA,Truck,11,0,11,8193,8204,0.13
January 31 2024,Columbia,GA,Passenger,1,1,2,78,80,2.50
September 30 2020,Pend Oreille,WA,Truck,0,0,0,5724,5724,0.00
November 30 2017,Nueces,TX,Passenger,1,1,2,93,95,2.11
September 30 2022,Snohomish,WA,Truck,59,0,59,122823,122882,0.05
May 31 2022,Adams,WA,Passenger,16,10,26,12918,12944,0.20
March 31 2025,Pacific,WA,Passenger,150,125,275,15423,15698,1.75
April 30 2017,Hawaii,HI,Passenger,1,0,1,90,91,1.10
September 30 2024,San Mateo,CA,Passenger,4,1,5,71,76,6.58
July 31 2021,Arapahoe,CO,Passenger,1,0,1,123,124,0.81
August 31 2017,Portsmouth,VA,Passenger,0,1,1,68,69,1.45
December 31 2024,DeKalb,GA,Passenger,1,0,1,34,35,2.86
October 31 2023,Kauai,HI,Passenger,0,1,1,20,21,4.76
December 31 2017,Klickitat,WA,Truck,0,0,0,7994,7994,0.00
April 30 2021,Meade,KY,Passenger,1,0,1,27,28,3.57
October 31 2018,Garfield,OK,Passenger,1,0,1,16,17,5.88
February 29 2024,Bell,TX,Passenger,2,0,2,258,260,0.77
August 31 2022,Carroll,NH,Passenger,0,1,1,3,4,25.00
February 29 2020,Thurston,WA,Passenger,1107,724,1831,198677,200508,0.91
August 31 2018,,,Passenger,2,2,4,431,435,0.92
September 30 2023,New Haven,CT,Passenger,1,2,3,28,31,9.68
December 31 2019,Prince George's,MD,Passenger,1,1,2,181,183,1.09
February 28 2023,Sacramento,CA,Passenger,3,1,4,232,236,1.69
July 31 2021,Jefferson,WA,Truck,0,0,0,9610,9610,0.00
October 31 2018,Jefferson,WA,Passenger,163,101,264,24763,25027,1.05
November 30 2023,Thurston,WA,Passenger,3674,1364,5038,188908,193946,2.60
April 30 2024,Nassau,NY,Passenger,2,0,2,24,26,7.69
July 31 2024,Escambia,FL,Passenger,1,1,2,122,124,1.61
May 31 2022,Honolulu,HI,Passenger,5,5,10,430,440,2.27
June 30 2022,Oldham,KY,Passenger,0,1,1,5,6,16.67
October 31 2020,Harnett,NC,Passenger,1,0,1,209,210,0.48
November 30 2019,Cameron,TX,Passenger,1,0,1,31,32,3.12
March 31 2019,Harris,TX,Passenger,0,1,1,300,301,0.33
November 30 2023,Rockingham,NH,Passenger,1,0,1,16,17,5.88
July 31 2022,Bexar,TX,Passenger,4,3,7,515,522,1.34
May 31 2020,Pierce,WA,Passenger,2348,1675,4023,546910,550933,0.73
April 30 2019,Orange,FL,Passenger,1,0,1,174,175,0.57
November 30 2021,Clallam,WA,Truck,1,0,1,22091,22092,0.00
August 31 2018,Pacific,WA,Passenger,19,22,41,15666,15707,0.26
March 31 2020,Newport,RI,Passenger,0,1,1,78,79,1.27
August 31 2020,Boulder,CO,Passenger,1,1,2,48,50,4.00
January 31 2020,Middlesex,MA,Passenger,1,0,1,105,106,0.94
August 31 2020,Howard,MD,Passenger,0,1,1,79,80,1.25
May 31 2019,El Paso,TX,Passenger,2,0,2,482,484,0.41
September 30 2018,Whatcom,WA,Truck,2,0,2,42414,42416,0.00
March 31 2019,Fairfax,VA,Passenger,4,1,5,804,809,0.62
January 31 2019,Manassas,VA,Passenger,0,1,1,9,10,10.00
January 31 2025,Cowlitz,WA,Passenger,846,326,1172,69989,71161,1.65
June 30 2021,Douglas,NE,Passenger,1,1,2,58,60,3.33
June 30 2019,Broward,FL,Passenger,2,1,3,127,130,2.31
August 31 2023,Montgomery,AL,Passenger,1,1,2,32,34,5.88
September 30 2023,Camden,NJ,Passenger,0,1,1,10,11,9.09
December 31 2024,Asotin,WA,Truck,3,0,3,6554,6557,0.05
August 31 2023,Essex,NJ,Passenger,2,0,2,10,12,16.67
August 31 2023,Tom Green,TX,Passenger,0,1,1,19,20,5.00
January 31 2025,Middlesex,CT,Passenger,1,0,1,5,6,16.67
June 30 2021,Lewis,WA,Truck,0,0,0,26846,26846,0.00
November 30 2024,Deschutes,OR,Passenger,1,0,1,64,65,1.54
July 31 2017,Whitman,WA,Passenger,12,19,31,22100,22131,0.14
January 31 2025,Wahkiakum,WA,Truck,8,0,8,1769,1777,0.45
September 30 2017,Kitsap,WA,Truck,1,0,1,52601,52602,0.00
June 30 2017,Saratoga,NY,Passenger,1,1,2,75,77,2.60
May 31 2019,Skagit,WA,Truck,1,0,1,32401,32402,0.00
March 31 2018,Montgomery,TN,Passenger,1,0,1,272,273,0.37
May 31 2023,Cumberland,PA,Passenger,1,0,1,52,53,1.89
December 31 2024,Orange,CA,Passenger,5,2,7,308,315,2.22
April 30 2019,Alameda,CA,Passenger,2,2,4,328,332,1.20
May 31 2025,Okaloosa,FL,Passenger,0,1,1,53,54,1.85
May 31 2023,Lake,IL,Passenger,5,0,5,134,139,3.60
December 31 2023,Chesapeake,VA,Passenger,1,0,1,315,316,0.32
March 31 2025,Tarrant,TX,Passenger,1,0,1,72,73,1.37
August 31 2021,Bexar,TX,Passenger,2,4,6,574,580,1.03
February 28 2025,Beaufort,SC,Passenger,1,0,1,20,21,4.76
February 28 2023,Kittitas,WA,Passenger,319,93,412,29459,29871,1.38
March 31 2025,Douglas,NE,Passenger,1,2,3,15,18,16.67
July 31 2019,Suffolk,MA,Passenger,0,1,1,38,39,2.56
July 31 2021,Boulder,CO,Passenger,1,1,2,49,51,3.92
July 31 2022,San Bernardino,CA,Passenger,2,1,3,395,398,0.75
December 31 2017,Grays Harbor,WA,Truck,0,0,0,20058,20058,0.00
November 30 2019,Queens,NY,Passenger,1,0,1,56,57,1.75
April 30 2019,Ventura,CA,Passenger,0,2,2,333,335,0.60
March 31 2021,Douglas,WA,Truck,0,0,0,12550,12550,0.00
February 28 2023,Middlesex,NJ,Passenger,1,0,1,24,25,4.00
September 30 2022,Clallam,WA,Passenger,442,250,692,49381,50073,1.38
September 30 2018,Lewis,WA,Truck,0,0,0,25564,25564,0.00
May 31 2021,Clark,NV,Passenger,6,3,9,727,736,1.22
September 30 2020,Placer,CA,Passenger,2,0,2,102,104,1.92
August 31 2021,Kings,NY,Passenger,2,0,2,75,77,2.60
September 30 2020,Okaloosa,FL,Passenger,0,1,1,148,149,0.67
February 28 2018,St. Lucie,FL,Passenger,1,0,1,25,26,3.85
October 31 2023,Alameda,CA,Passenger,9,2,11,205,216,5.09
July 31 2019,Pinal,AZ,Passenger,2,0,2,215,217,0.92
July 31 2024,St. Lawrence,NY,Passenger,1,1,2,4,6,33.33
June 30 2021,Spokane,WA,Truck,0,0,0,102213,102213,0.00
March 31 2021,Island,WA,Truck,0,0,0,21378,21378,0.00
October 31 2020,Okanogan,WA,Passenger,45,36,81,25969,26050,0.31
October 31 2018,Dale,AL,Passenger,0,1,1,57,58,1.72
May 31 2024,Adams,CO,Passenger,1,0,1,34,35,2.86
April 30 2021,Kootenai,ID,Passenger,0,2,2,223,225,0.89
November 30 2019,Calvert,MD,Passenger,0,2,2,91,93,2.15
January 31 2022,Montgomery,AL,Passenger,1,0,1,36,37,2.70
June 30 2018,Kittitas,WA,Passenger,48,32,80,28909,28989,0.28
June 30 2021,New York,NY,Passenger,4,0,4,57,61,6.56
January 31 2018,Multnomah,OR,Passenger,3,4,7,881,888,0.79
June 30 2024,Lincoln,WA,Truck,1,0,1,4783,4784,0.02
April 30 2022,Pinal,AZ,Passenger,0,1,1,156,157,0.64
December 31 2017,Utah,UT,Passenger,0,1,1,149,150,0.67
March 31 2022,Larimer,CO,Passenger,1,0,1,59,60,1.67
July 31 2020,Whatcom,WA,Passenger,1091,498,1589,149178,150767,1.05
January 31 2025,St. Charles,MO,Passenger,1,0,1,24,25,4.00
March 31 2021,Henrico,VA,Passenger,0,1,1,21,22,4.55
April 30 2025,Caddo,LA,Passenger,1,0,1,13,14,7.14
February 29 2024,Montgomery,MD,Passenger,6,1,7,191,198,3.54
February 28 2023,Ferry,WA,Truck,0,0,0,3569,3569,0.00
November 30 2021,Lincoln,WA,Passenger,7,16,23,7672,7695,0.30
January 31 2025,Benton,WA,Passenger,2066,862,2928,137266,140194,2.09
July 31 2021,Larimer,CO,Passenger,1,0,1,54,55,1.82
August 31 2017,Skagit,WA,Passenger,141,112,253,88445,88698,0.29
August 31 2018,Douglas,WA,Passenger,45,31,76,27780,27856,0.27
April 30 2021,Snohomish,WA,Passenger,5576,1966,7542,539863,547405,1.38
February 29 2020,Camden,NJ,Passenger,0,2,2,19,21,9.52
October 31 2018,Walla Walla,WA,Passenger,36,49,85,35976,36061,0.24
April 30 2022,Suffolk,MA,Passenger,1,1,2,32,34,5.88
January 31 2024,Newport,RI,Truck,1,0,1,7,8,12.50
February 28 2018,Franklin,MA,Passenger,0,1,1,4,5,20.00
January 31 2021,Twin Falls,ID,Passenger,0,1,1,28,29,3.45
July 31 2023,Los Angeles,CA,Passenger,9,4,13,763,776,1.68
February 29 2020,Boone,MO,Passenger,0,1,1,11,12,8.33
July 31 2024,Douglas,NE,Passenger,1,1,2,20,22,9.09
October 31 2020,Virginia Beach,VA,Passenger,1,0,1,656,657,0.15
February 28 2023,Wise,TX,Passenger,2,0,2,10,12,16.67
April 30 2023,Ventura,CA,Passenger,3,2,5,262,267,1.87
March 31 2019,Chelan,WA,Passenger,144,67,211,54145,54356,0.39
August 31 2020,Arapahoe,CO,Passenger,1,0,1,139,140,0.71
March 31 2022,San Juan,WA,Passenger,491,154,645,14109,14754,4.37
November 30 2018,Klickitat,WA,Truck,0,0,0,8172,8172,0.00
February 28 2023,Clark,NV,Passenger,11,4,15,600,615,2.44
July 31 2023,Fresno,CA,Passenger,1,0,1,160,161,0.62
August 31 2022,District of Columbia,DC,Passenger,2,0,2,171,173,1.16
April 30 2021,Whatcom,WA,Truck,4,0,4,43831,43835,0.01
June 30 2022,Norfolk,MA,Passenger,1,0,1,30,31,3.23
May 31 2024,Lake,IL,Passenger,7,0,7,119,126,5.56
December 31 2021,Columbia,WA,Truck,0,0,0,1552,1552,0.00
February 28 2018,Lumpkin,GA,Passenger,1,0,1,7,8,12.50
August 31 2019,Jefferson,CO,Passenger,0,2,2,61,63,3.17
March 31 2025,Monterey,CA,Passenger,1,4,5,120,125,4.00
February 28 2023,Doña Ana,NM,Passenger,1,0,1,17,18,5.56
April 30 2020,Adams,WA,Passenger,7,7,14,12741,12755,0.11
March 31 2025,Island,WA,Truck,97,0,97,20535,20632,0.47
October 31 2022,St. Clair,IL,Passenger,1,0,1,137,138,0.72
April 30 2020,Hennepin,MN,Passenger,3,1,4,110,114,3.51
June 30 2022,Clark,NV,Passenger,10,4,14,665,679,2.06
August 31 2018,Brevard,FL,Passenger,0,1,1,99,100,1.00
April 30 2020,Wilson,TX,Passenger,0,1,1,8,9,11.11
December 31 2024,Salt Lake,UT,Passenger,1,0,1,104,105,0.95
December 31 2023,Autauga,AL,Passenger,2,1,3,11,14,21.43
July 31 2017,Sumter,FL,Passenger,0,1,1,10,11,9.09
September 30 2021,Honolulu,HI,Passenger,5,4,9,450,459,1.96
March 31 2018,Lincoln,WA,Truck,0,0,0,4513,4513,0.00
May 31 2021,Sumter,SC,Passenger,0,1,1,35,36,2.78
January 31 2025,Mason,WA,Truck,49,0,49,20419,20468,0.24
July 31 2017,Kittitas,WA,Passenger,25,19,44,27668,27712,0.16
April 30 2025,Geary,KS,Truck,1,0,1,19,20,5.00
March 31 2025,Dakota,MN,Passenger,0,1,1,10,11,9.09
June 30 2024,Anne Arundel,MD,Passenger,6,3,9,296,305,2.95
August 31 2023,Dorchester,SC,Passenger,1,0,1,52,53,1.89
April 30 2019,Montgomery,PA,Passenger,2,0,2,40,42,4.76
February 29 2024,Essex,MA,Passenger,2,0,2,15,17,11.76
July 31 2021,Franklin,OH,Passenger,1,0,1,73,74,1.35
May 31 2023,Allegheny,PA,Passenger,1,0,1,69,70,1.43
August 31 2022,Pend Oreille,WA,Passenger,18,12,30,8996,9026,0.33
March 31 2025,Cowlitz,WA,Truck,42,0,42,27689,27731,0.15
June 30 2023,Prince George,VA,Passenger,1,0,1,61,62,1.61
November 30 2018,Carson City,NV,Passenger,1,0,1,16,17,5.88
February 28 2023,Larimer,CO,Passenger,1,0,1,50,51,1.96
June 30 2020,Asotin,WA,Truck,0,0,0,6635,6635,0.00
May 31 2022,DuPage,IL,Passenger,5,1,6,58,64,9.38
April 30 2022,,,Passenger,5,2,7,356,363,1.93
March 31 2023,St. Louis,MO,Passenger,1,0,1,69,70,1.43
October 31 2023,Platte,MO,Passenger,2,1,3,18,21,14.29
June 30 2022,Galveston,TX,Passenger,1,1,2,22,24,8.33
May 31 2020,Goochland,VA,Passenger,2,1,3,286,289,1.04
October 31 2024,Montgomery,PA,Passenger,1,0,1,16,17,5.88
February 28 2025,Wasco,OR,Passenger,0,1,1,15,16,6.25
September 30 2018,Skagit,WA,Truck,1,0,1,32249,32250,0.00
February 28 2025,Horry,SC,Passenger,1,0,1,10,11,9.09
March 31 2022,Riverside,CA,Passenger,10,0,10,563,573,1.75
April 30 2022,Sussex,NJ,Passenger,1,0,1,2,3,33.33
April 30 2022,Skamania,WA,Passenger,67,46,113,8199,8312,1.36
February 28 2023,Riverside,CA,Passenger,10,1,11,518,529,2.08
November 30 2020,Pacific,WA,Truck,0,0,0,7754,7754,0.00
October 31 2021,Wahkiakum,WA,Passenger,17,8,25,3059,3084,0.81
July 31 2021,Wise,TX,Passenger,1,0,1,9,10,10.00
May 31 2021,Sussex,NJ,Passenger,1,0,1,2,3,33.33
March 31 2024,Horry,SC,Passenger,1,0,1,17,18,5.56
January 31 2022,Camden,NJ,Passenger,0,1,1,12,13,7.69
September 30 2022,Wahkiakum,WA,Passenger,24,12,36,3075,3111,1.16
August 31 2020,Wise,TX,Passenger,1,0,1,9,10,10.00
April 30 2018,Douglas,WA,Truck,0,0,0,11880,11880,0.00
October 31 2021,Randolph,NC,Passenger,1,0,1,5,6,16.67
August 31 2018,Suffolk,MA,Passenger,0,1,1,44,45,2.22
January 31 2021,Chelan,WA,Truck,0,0,0,22818,22818,0.00
January 31 2017,Pend Oreille,WA,Passenger,1,4,5,9343,9348,0.05
April 30 2024,Travis,TX,Passenger,4,2,6,87,93,6.45
February 28 2025,Saginaw,MI,Passenger,0,1,1,2,3,33.33
March 31 2020,Island,WA,Passenger,405,270,675,63067,63742,1.06
April 30 2019,Kittitas,WA,Truck,0,0,0,14296,14296,0.00
June 30 2017,Lake,CA,Passenger,0,1,1,16,17,5.88
August 31 2022,Pacific,WA,Passenger,70,72,142,15735,15877,0.89
February 28 2017,Stevens,WA,Passenger,6,21,27,31303,31330,0.09
March 31 2023,Richmond,NY,Passenger,1,0,1,3,4,25.00
August 31 2021,St. Louis,MO,Passenger,1,0,1,87,88,1.14
February 28 2025,Benton,AR,Passenger,1,0,1,13,14,7.14
July 31 2023,Pend Oreille,WA,Passenger,30,14,44,8826,8870,0.50
June 30 2019,Orange,FL,Passenger,1,0,1,173,174,0.57
October 31 2024,Santa Clara,CA,Passenger,18,7,25,182,207,12.08
March 31 2022,Wise,TX,Passenger,2,0,2,9,11,18.18
August 31 2021,San Bernardino,CA,Passenger,1,0,1,414,415,0.24
June 30 2022,Cass,MN,Passenger,0,1,1,3,4,25.00
May 31 2024,Norfolk,VA,Passenger,0,1,1,254,255,0.39
March 31 2024,Hartford,CT,Passenger,1,0,1,23,24,4.17
May 31 2024,Geary,KS,Truck,1,0,1,22,23,4.35
June 30 2018,Sumter,FL,Passenger,0,1,1,9,10,10.00
April 30 2022,Denton,TX,Passenger,2,0,2,86,88,2.27
July 31 2018,Broward,FL,Passenger,1,1,2,133,135,1.48
April 30 2023,Honolulu,HI,Passenger,4,3,7,371,378,1.85
May 31 2024,Pettis,MO,Passenger,1,0,1,4,5,20.00
January 31 2021,Moore,NC,Passenger,0,1,1,154,155,0.65
December 31 2024,Clay,FL,Passenger,1,0,1,59,60,1.67
June 30 2023,El Paso,CO,Passenger,4,7,11,576,587,1.87
August 31 2022,Los Angeles,CA,Passenger,7,7,14,890,904,1.55
July 31 2021,Travis,TX,Passenger,5,4,9,185,194,4.64
April 30 2024,Doña Ana,NM,Passenger,1,0,1,13,14,7.14
December 31 2022,Hennepin,MN,Passenger,1,0,1,67,68,1.47
February 28 2019,Yakima,WA,Truck,0,0,0,58778,58778,0.00
May 31 2020,Whatcom,WA,Truck,3,0,3,42819,42822,0.01
February 28 2017,Marin,CA,Passenger,1,0,1,62,63,1.59
July 31 2019,Skamania,WA,Passenger,25,18,43,8731,8774,0.49
June 30 2021,Pend Oreille,WA,Passenger,14,7,21,9255,9276,0.23
August 31 2017,Orange,FL,Passenger,1,1,2,156,158,1.27
August 31 2023,Penobscot,ME,Passenger,0,1,1,7,8,12.50
November 30 2023,Montgomery,MD,Passenger,6,1,7,196,203,3.45
August 31 2022,Fresno,CA,Passenger,1,0,1,163,164,0.61
February 28 2025,Polk,OR,Passenger,1,1,2,15,17,11.76
March 31 2023,Broward,FL,Passenger,1,0,1,71,72,1.39
June 30 2019,Portsmouth,VA,Passenger,0,1,1,74,75,1.33
March 31 2019,Flathead,MT,Passenger,1,0,1,70,71,1.41
January 31 2024,Escambia,FL,Truck,1,0,1,27,28,3.57
August 31 2017,Collier,FL,Passenger,1,0,1,29,30,3.33
June 30 2020,Nueces,TX,Passenger,1,0,1,88,89,1.12
August 31 2023,Calvert,MD,Passenger,1,2,3,81,84,3.57
August 31 2017,Tulare,CA,Passenger,1,0,1,197,198,0.51
September 30 2023,Dallas,TX,Passenger,2,0,2,100,102,1.96
January 31 2023,Sarpy,NE,Passenger,1,0,1,65,66,1.52
March 31 2024,Saginaw,MI,Passenger,0,1,1,4,5,20.00
July 31 2020,Fairbanks North Star,AK,Passenger,0,1,1,100,101,0.99
August 31 2024,Garfield,OK,Passenger,1,0,1,18,19,5.26
May 31 2024,Caddo,LA,Passenger,2,0,2,13,15,13.33
May 31 2019,Benton,WA,Passenger,253,273,526,133562,134088,0.39
July 31 2022,St. Louis,MO,Passenger,2,0,2,72,74,2.70
July 31 2024,Madison,AL,Passenger,1,0,1,37,38,2.63
December 31 2018,Multnomah,OR,Passenger,3,5,8,816,824,0.97
November 30 2022,Wahkiakum,WA,Truck,1,0,1,1802,1803,0.06
July 31 2023,Pacific,WA,Passenger,76,93,169,15559,15728,1.07
April 30 2024,San Diego,CA,Truck,1,0,1,445,446,0.22
November 30 2018,Grays Harbor,WA,Truck,0,0,0,20327,20327,0.00
March 31 2022,Whitman,WA,Passenger,79,54,133,21960,22093,0.60
February 28 2022,Henrico,VA,Passenger,0,1,1,22,23,4.35
May 31 2023,San Bernardino,CA,Passenger,3,1,4,367,371,1.08
February 28 2023,Maui,HI,Passenger,1,0,1,25,26,3.85
May 31 2018,Alameda,CA,Passenger,0,1,1,361,362,0.28
August 31 2019,Adams,WA,Passenger,5,5,10,12829,12839,0.08
February 28 2022,Island,WA,Truck,1,0,1,21358,21359,0.00
August 31 2019,Orange,CA,Passenger,7,3,10,567,577,1.73
March 31 2024,Benton,AR,Passenger,1,0,1,24,25,4.00
December 31 2020,Platte,MO,Passenger,1,0,1,19,20,5.00
October 31 2019,Albemarle,VA,Passenger,1,0,1,28,29,3.45
March 31 2023,Mason,WA,Passenger,400,197,597,46318,46915,1.27
October 31 2024,Franklin,WA,Passenger,549,204,753,62768,63521,1.19
July 31 2021,Sacramento,CA,Passenger,2,1,3,260,263,1.14
May 31 2023,Harrison,MS,Passenger,1,0,1,44,45,2.22
February 29 2020,Contra Costa,CA,Passenger,3,3,6,323,329,1.82
January 31 2025,Meade,KY,Passenger,1,0,1,16,17,5.88
April 30 2022,Frederick,MD,Passenger,1,1,2,69,71,2.82
April 30 2023,Okanogan,WA,Passenger,118,58,176,26034,26210,0.67
July 31 2017,Ferry,WA,Truck,0,0,0,3527,3527,0.00
August 31 2019,Travis,TX,Passenger,5,1,6,221,227,2.64
April 30 2017,Dane,WI,Passenger,1,0,1,145,146,0.68
January 31 2020,Columbia,WA,Truck,0,0,0,1534,1534,0.00
April 30 2017,Fresno,CA,Passenger,1,0,1,227,228,0.44
January 31 2023,Chesapeake,VA,Passenger,2,1,3,346,349,0.86
June 30 2024,Allen,IN,Passenger,1,1,2,6,8,25.00
January 31 2023,San Juan,WA,Truck,9,0,9,5903,5912,0.15
July 31 2021,Mohave,AZ,Passenger,1,0,1,72,73,1.37
July 31 2019,RÃ­o Grande,PR,Passenger,1,0,1,0,1,100.00
July 31 2021,Clark,NV,Passenger,6,3,9,714,723,1.24
April 30 2024,Orange,CA,Passenger,7,3,10,358,368,2.72
December 31 2024,Montgomery,PA,Passenger,1,0,1,16,17,5.88
July 31 2019,Carroll,NH,Passenger,0,1,1,2,3,33.33
November 30 2023,Lane,OR,Passenger,0,1,1,81,82,1.22
May 31 2023,Broward,FL,Passenger,1,0,1,69,70,1.43
July 31 2021,Oldham,KY,Passenger,0,1,1,5,6,16.67
April 30 2017,Nantucket,MA,Passenger,1,0,1,3,4,25.00
November 30 2019,Shelby,TN,Passenger,0,1,1,103,104,0.96
December 31 2023,Brown,WI,Passenger,1,0,1,4,5,20.00
February 28 2021,Chesapeake,VA,Passenger,0,2,2,422,424,0.47
January 31 2019,Prince George's,MD,Passenger,1,1,2,193,195,1.03
April 30 2017,Benton,WA,Truck,0,0,0,39882,39882,0.00
June 30 2023,Kings,NY,Passenger,2,0,2,58,60,3.33
April 30 2021,Putnam,TN,Passenger,0,1,1,3,4,25.00
April 30 2021,Sevier,AR,Passenger,0,1,1,1,2,50.00
March 31 2023,Asotin,WA,Truck,0,0,0,6614,6614,0.00
March 31 2019,Nantucket,MA,Passenger,1,0,1,4,5,20.00
July 31 2017,Travis,TX,Passenger,1,0,1,199,200,0.50
October 31 2024,Chatham,NC,Passenger,1,0,1,4,5,20.00
August 31 2020,Jefferson,WA,Truck,0,0,0,9534,9534,0.00
December 31 2023,Sarpy,NE,Passenger,1,1,2,62,64,3.12
May 31 2020,Cascade,MT,Passenger,0,1,1,68,69,1.45
June 30 2018,Clackamas,OR,Passenger,0,1,1,239,240,0.42
December 31 2022,Williamson,TN,Passenger,0,1,1,17,18,5.56
November 30 2023,Camden,NJ,Passenger,0,1,1,11,12,8.33
May 31 2017,Deschutes,OR,Passenger,1,0,1,206,207,0.48
March 31 2018,Yakima,WA,Truck,0,0,0,58162,58162,0.00
July 31 2019,Dale,AL,Passenger,0,1,1,57,58,1.72
September 30 2019,Jefferson,WA,Passenger,207,127,334,25097,25431,1.31
January 31 2023,Autauga,AL,Passenger,2,0,2,14,16,12.50
July 31 2022,Washtenaw,MI,Passenger,0,1,1,33,34,2.94
October 31 2018,Grant,WA,Truck,0,0,0,26076,26076,0.00
February 29 2020,DeKalb,IN,Passenger,1,0,1,1,2,50.00
March 31 2024,Adams,WA,Truck,4,0,4,5396,5400,0.07
July 31 2022,Columbia,OR,Passenger,1,0,1,22,23,4.35
July 31 2020,Pend Oreille,WA,Passenger,7,5,12,9234,9246,0.13
January 31 2017,Pinal,AZ,Passenger,2,0,2,290,292,0.68
May 31 2019,Suffolk,MA,Passenger,0,1,1,40,41,2.44
June 30 2021,Clinton,PA,Passenger,1,0,1,0,1,100.00
March 31 2020,Mason,WA,Passenger,153,133,286,47471,47757,0.60
May 31 2019,Fulton,GA,Passenger,1,3,4,111,115,3.48
March 31 2023,Franklin,WA,Truck,5,0,5,20843,20848,0.02
May 31 2019,Clark,WA,Truck,0,0,0,80136,80136,0.00
September 30 2024,El Paso,TX,Passenger,2,2,4,286,290,1.38
May 31 2021,Williams,ND,Passenger,0,1,1,8,9,11.11
March 31 2025,Columbia,GA,Passenger,1,1,2,75,77,2.60
November 30 2022,Chelan,WA,Truck,11,0,11,23103,23114,0.05
October 31 2023,Solano,CA,Passenger,4,0,4,156,160,2.50
July 31 2018,Orange,FL,Passenger,2,1,3,184,187,1.60
September 30 2018,Benton,WA,Passenger,188,209,397,132374,132771,0.30
April 30 2017,Saratoga,NY,Passenger,1,1,2,75,77,2.60
December 31 2024,San Juan,WA,Truck,44,0,44,5873,5917,0.74
April 30 2018,Montgomery,MD,Passenger,1,0,1,304,305,0.33
January 31 2022,Klamath,OR,Passenger,1,0,1,38,39,2.56
January 31 2025,Adams,CO,Passenger,1,0,1,26,27,3.70
March 31 2024,Polk,OR,Passenger,1,1,2,20,22,9.09
November 30 2023,Ferry,WA,Truck,0,0,0,3541,3541,0.00
March 31 2022,Santa Clara,CA,Passenger,19,3,22,304,326,6.75
October 31 2019,Botetourt,VA,Passenger,1,0,1,0,1,100.00
June 30 2023,Lewis,WA,Passenger,330,211,541,59228,59769,0.91
January 31 2021,Stevens,WA,Passenger,37,40,77,30227,30304,0.25
December 31 2022,Montgomery,MD,Passenger,4,3,7,208,215,3.26
January 31 2018,Garfield,WA,Truck,0,0,0,943,943,0.00
June 30 2022,Travis,TX,Passenger,3,2,5,141,146,3.42
November 30 2017,Klickitat,WA,Passenger,24,26,50,14871,14921,0.34
March 31 2025,Maricopa,AZ,Passenger,7,1,8,589,597,1.34
July 31 2021,Okanogan,WA,Passenger,63,43,106,26512,26618,0.40
December 31 2024,Charles,MD,Passenger,1,1,2,45,47,4.26
June 30 2020,Lewis,WA,Passenger,102,113,215,58144,58359,0.37
November 30 2023,Hillsborough,FL,Passenger,3,1,4,129,133,3.01
January 31 2025,Osceola,FL,Passenger,1,0,1,20,21,4.76
March 31 2024,Pettis,MO,Passenger,1,0,1,4,5,20.00
January 31 2022,Providence,RI,Passenger,1,0,1,23,24,4.17
February 28 2022,Monterey,CA,Passenger,1,2,3,159,162,1.85
August 31 2018,Cochise,AZ,Passenger,0,1,1,115,116,0.86
June 30 2019,San Juan,WA,Truck,0,0,0,5860,5860,0.00
April 30 2018,Canyon,ID,Passenger,0,1,1,98,99,1.01
February 28 2021,New London,CT,Passenger,1,2,3,225,228,1.32
October 31 2023,Albemarle,VA,Passenger,3,0,3,19,22,13.64
March 31 2017,Hardin,KY,Passenger,0,1,1,125,126,0.79
June 30 2020,Saginaw,MI,Passenger,1,0,1,11,12,8.33
October 31 2022,Columbia,WA,Truck,0,0,0,1575,1575,0.00
September 30 2021,Penobscot,ME,Passenger,0,2,2,10,12,16.67
August 31 2024,Falls Church,VA,Passenger,1,0,1,6,7,14.29
February 28 2018,Gwinnett,GA,Passenger,0,1,1,84,85,1.18
May 31 2020,Island,WA,Passenger,409,271,680,62613,63293,1.07
December 31 2018,Ada,ID,Passenger,0,2,2,335,337,0.59
September 30 2022,Arlington,VA,Passenger,3,0,3,139,142,2.11
August 31 2022,Weld,CO,Passenger,1,0,1,31,32,3.12
April 30 2022,San Diego,CA,Passenger,15,7,22,2595,2617,0.84
May 31 2023,Skagit,WA,Truck,19,0,19,31878,31897,0.06
January 31 2017,Prince William,VA,Passenger,0,4,4,279,283,1.41
December 31 2022,Hudson,NJ,Passenger,2,0,2,39,41,4.88
June 30 2024,Polk,OR,Passenger,1,1,2,17,19,10.53
December 31 2024,Sarpy,NE,Truck,1,0,1,17,18,5.56
December 31 2024,Adams,WA,Passenger,51,21,72,13367,13439,0.54
August 31 2020,Adams,WA,Passenger,9,7,16,12854,12870,0.12
July 31 2020,Grant,WA,Passenger,61,76,137,65236,65373,0.21
February 28 2025,San Juan,WA,Truck,45,0,45,5857,5902,0.76
June 30 2020,Chesapeake,VA,Passenger,0,1,1,433,434,0.23
April 30 2022,Bell,TX,Passenger,1,0,1,348,349,0.29
June 30 2017,Pierce,WA,Truck,0,0,0,137490,137490,0.00
May 31 2025,Berkeley,SC,Passenger,1,0,1,74,75,1.33
March 31 2025,Jackson,MS,Passenger,1,0,1,9,10,10.00
April 30 2025,Kent,RI,Truck,1,0,1,3,4,25.00
June 30 2019,Spokane,WA,Passenger,539,432,971,311573,312544,0.31
February 28 2019,Douglas,CO,Passenger,1,0,1,88,89,1.12
December 31 2019,Clallam,WA,Passenger,196,157,353,50836,51189,0.69
May 31 2019,Manatee,FL,Passenger,1,0,1,38,39,2.56
February 28 2018,Ramsey,MN,Passenger,1,0,1,39,40,2.50
December 31 2024,Kittitas,WA,Truck,46,0,46,14625,14671,0.31
January 31 2019,Clallam,WA,Passenger,152,128,280,50387,50667,0.55
December 31 2018,King,WA,Passenger,16270,6526,22796,1377044,1399840,1.63
March 31 2021,Whatcom,WA,Truck,4,0,4,43746,43750,0.01
December 31 2023,Kern,CA,Passenger,2,1,3,189,192,1.56
July 31 2018,Asotin,WA,Passenger,11,8,19,12627,12646,0.15
November 30 2022,Klickitat,WA,Truck,3,0,3,8234,8237,0.04
October 31 2018,Skamania,WA,Truck,0,0,0,3987,3987,0.00
March 31 2022,Essex,MA,Passenger,2,0,2,21,23,8.70
December 31 2021,Orange,NC,Passenger,1,0,1,12,13,7.69
November 30 2017,Clallam,WA,Truck,0,0,0,21184,21184,0.00
May 31 2020,Kootenai,ID,Passenger,1,1,2,234,236,0.85
July 31 2020,Dakota,MN,Passenger,0,1,1,34,35,2.86
July 31 2019,Benton,WA,Passenger,270,290,560,134086,134646,0.42
April 30 2021,Nueces,TX,Passenger,1,0,1,88,89,1.12
June 30 2022,Yavapai,AZ,Passenger,0,1,1,34,35,2.86
September 30 2019,Skamania,WA,Truck,0,0,0,4086,4086,0.00
May 31 2022,Lexington,SC,Passenger,1,0,1,24,25,4.00
April 30 2021,Morris,NJ,Passenger,1,0,1,16,17,5.88
June 30 2019,Santa Cruz,CA,Passenger,1,0,1,43,44,2.27
July 31 2022,St. Johns,FL,Passenger,1,0,1,46,47,2.13
April 30 2020,Sacramento,CA,Passenger,1,1,2,290,292,0.68
June 30 2022,Essex,MA,Passenger,2,0,2,20,22,9.09
August 31 2020,Mohave,AZ,Passenger,1,0,1,84,85,1.18
May 31 2025,Klickitat,WA,Truck,28,0,28,8053,8081,0.35
May 31 2020,Island,WA,Truck,1,0,1,21092,21093,0.00
September 30 2021,Essex,NJ,Passenger,2,0,2,15,17,11.76
July 31 2023,District of Columbia,DC,Passenger,3,0,3,154,157,1.91
February 28 2025,Chesterfield,VA,Passenger,1,0,1,37,38,2.63
December 31 2022,Providence,RI,Passenger,1,0,1,20,21,4.76
February 28 2018,Palm Beach,FL,Passenger,0,2,2,89,91,2.20
November 30 2023,Ada,ID,Passenger,2,0,2,153,155,1.29
August 31 2023,Skamania,WA,Truck,1,0,1,3827,3828,0.03
April 30 2020,Kern,CA,Passenger,0,1,1,225,226,0.44
September 30 2021,Montgomery,AL,Passenger,1,0,1,37,38,2.63
January 31 2023,St. Lawrence,NY,Passenger,1,0,1,5,6,16.67
April 30 2022,Walla Walla,WA,Passenger,163,91,254,35967,36221,0.70
June 30 2022,Wake,NC,Passenger,1,1,2,118,120,1.67
December 31 2024,Ventura,CA,Passenger,3,2,5,213,218,2.29
June 30 2018,Ferry,WA,Passenger,3,3,6,4422,4428,0.14
November 30 2018,Lee,FL,Passenger,1,0,1,53,54,1.85
May 31 2023,Newport,RI,Truck,1,0,1,6,7,14.29
November 30 2017,Prince George,VA,Passenger,0,1,1,70,71,1.41
May 31 2020,Portsmouth,VA,Passenger,0,1,1,72,73,1.37
February 28 2018,Hardin,KY,Passenger,0,1,1,116,117,0.85
March 31 2025,Mason,WA,Truck,55,0,55,20193,20248,0.27
March 31 2023,Island,WA,Passenger,983,417,1400,60766,62166,2.25
May 31 2019,Stevens,WA,Truck,0,0,0,18658,18658,0.00
March 31 2022,Howard,MD,Passenger,0,2,2,70,72,2.78
April 30 2024,Okanogan,WA,Passenger,179,86,265,26060,26325,1.01
July 31 2020,Washington,WI,Passenger,1,0,1,3,4,25.00
June 30 2024,DeKalb,GA,Truck,1,0,1,0,1,100.00
September 30 2022,Leavenworth,KS,Passenger,1,2,3,90,93,3.23
July 31 2023,Forsyth,GA,Passenger,1,0,1,13,14,7.14
May 31 2021,San Diego,CA,Passenger,19,5,24,2674,2698,0.89
September 30 2017,Adams,WA,Passenger,3,3,6,12255,12261,0.05
December 31 2023,Mercer,NJ,Passenger,0,1,1,9,10,10.00
July 31 2021,Baltimore,MD,Passenger,2,0,2,115,117,1.71
August 31 2020,Dallas,TX,Passenger,1,0,1,205,206,0.49
April 30 2025,Lake,IL,Passenger,8,0,8,100,108,7.41
June 30 2024,Montgomery,AL,Passenger,1,0,1,27,28,3.57
February 28 2017,Clallam,WA,Passenger,75,64,139,47963,48102,0.29
January 31 2020,Pacific,WA,Truck,0,0,0,7741,7741,0.00
March 31 2021,New York,NY,Passenger,4,0,4,59,63,6.35
April 30 2018,Cook,IL,Passenger,1,0,1,284,285,0.35
August 31 2023,St. Mary's,MD,Passenger,2,0,2,208,210,0.95
April 30 2025,Platte,MO,Passenger,0,1,1,8,9,11.11
February 29 2024,Pulaski,AR,Passenger,1,0,1,27,28,3.57
February 28 2023,Newport News,VA,Passenger,1,0,1,120,121,0.83
September 30 2023,Alexandria,VA,Passenger,3,0,3,103,106,2.83
November 30 2021,Alameda,CA,Passenger,6,0,6,249,255,2.35
August 31 2020,Muskogee,OK,Passenger,0,1,1,2,3,33.33
April 30 2024,Skamania,WA,Truck,3,0,3,3839,3842,0.08
June 30 2023,St. Louis,MO,Passenger,1,0,1,63,64,1.56
September 30 2018,Columbia,WA,Passenger,2,2,4,2431,2435,0.16
February 28 2019,Virginia Beach,VA,Passenger,2,1,3,699,702,0.43
October 31 2021,Cumberland,NC,Passenger,1,4,5,422,427,1.17
July 31 2024,Orange,NY,Passenger,0,1,1,37,38,2.63
February 28 2022,Stevens,WA,Truck,0,0,0,18947,18947,0.00
February 28 2021,Saginaw,MI,Passenger,2,0,2,10,12,16.67
May 31 2018,Ventura,CA,Passenger,0,1,1,338,339,0.29
March 31 2025,Columbia,WA,Passenger,12,2,14,2383,2397,0.58
August 31 2024,Lincoln,OR,Passenger,1,0,1,25,26,3.85
March 31 2024,Sarpy,NE,Passenger,1,1,2,63,65,3.08
September 30 2017,Adams,WA,Truck,0,0,0,5120,5120,0.00
January 31 2024,Fairfax,VA,Truck,1,0,1,90,91,1.10
October 31 2021,Washtenaw,MI,Passenger,0,1,1,35,36,2.78
September 30 2021,Tom Green,TX,Passenger,0,1,1,22,23,4.35
August 31 2019,Berkshire,MA,Passenger,0,1,1,6,7,14.29
January 31 2025,New York,NY,Passenger,4,0,4,25,29,13.79
June 30 2022,Duval,FL,Passenger,1,2,3,316,319,0.94
November 30 2019,King,WA,Passenger,21576,7456,29032,1394148,1423180,2.04
April 30 2023,Asotin,WA,Truck,0,0,0,6587,6587,0.00
September 30 2022,Clallam,WA,Truck,6,0,6,21863,21869,0.03
May 31 2019,New York,NY,Passenger,2,0,2,75,77,2.60
July 31 2021,Honolulu,HI,Passenger,5,3,8,467,475,1.68
August 31 2021,Clallam,WA,Truck,1,0,1,22004,22005,0.00
August 31 2018,San Diego,CA,Passenger,8,3,11,2571,2582,0.43
July 31 2017,Canyon,ID,Passenger,0,1,1,107,108,0.93
October 31 2018,Ramsey,MN,Passenger,1,0,1,45,46,2.17
March 31 2022,Oldham,KY,Passenger,0,1,1,5,6,16.67
November 30 2024,Contra Costa,CA,Passenger,4,1,5,129,134,3.73
January 31 2022,Champaign,IL,Passenger,1,0,1,15,16,6.25
September 30 2023,Placer,CA,Passenger,2,0,2,81,83,2.41
October 31 2019,Garfield,WA,Passenger,0,1,1,1300,1301,0.08
March 31 2025,Harford,MD,Passenger,2,0,2,41,43,4.65
March 31 2021,Ray,MO,Passenger,0,1,1,1,2,50.00
September 30 2023,Stevens,WA,Truck,2,0,2,18643,18645,0.01
October 31 2021,Escambia,FL,Passenger,0,1,1,152,153,0.65
August 31 2018,Douglas,NE,Passenger,0,1,1,73,74,1.35
April 30 2024,Adams,WA,Passenger,34,16,50,13138,13188,0.38
August 31 2023,King,WA,Passenger,62375,15391,77766,1319555,1397321,5.57
April 30 2025,Kent,DE,Passenger,0,1,1,36,37,2.70
July 31 2021,Rockdale,GA,Passenger,1,0,1,9,10,10.00
November 30 2020,San Francisco,CA,Passenger,1,2,3,101,104,2.88
July 31 2022,Snohomish,WA,Passenger,8647,2567,11214,530431,541645,2.07
July 31 2022,Clallam,WA,Truck,3,0,3,21868,21871,0.01
February 28 2023,Cook,IL,Passenger,3,1,4,225,229,1.75
May 31 2025,Prince William,VA,Passenger,1,4,5,116,121,4.13
September 30 2021,Richland,SC,Passenger,0,1,1,141,142,0.70
December 31 2024,Hoke,NC,Passenger,1,0,1,65,66,1.52
November 30 2019,Volusia,FL,Passenger,0,1,1,43,44,2.27
August 31 2024,Wake,NC,Passenger,5,2,7,92,99,7.07
January 31 2021,Greene,MO,Passenger,0,1,1,41,42,2.38
July 31 2023,Yuba,CA,Passenger,1,0,1,56,57,1.75
June 30 2022,Marion,OR,Passenger,1,0,1,121,122,0.82
December 31 2019,Maricopa,AZ,Passenger,9,8,17,1709,1726,0.98
June 30 2019,Asotin,WA,Passenger,12,8,20,12632,12652,0.16
February 28 2022,Cowlitz,WA,Truck,0,1,1,28872,28873,0.00
June 30 2018,Cook,IL,Passenger,1,0,1,277,278,0.36
October 31 2022,Yellowstone,MT,Passenger,0,1,1,27,28,3.57
September 30 2018,Spokane,WA,Truck,1,0,1,93149,93150,0.00
April 30 2023,Suffolk,VA,Passenger,1,0,1,118,119,0.84
April 30 2024,Washington,OR,Passenger,3,0,3,241,244,1.23
June 30 2021,Ray,MO,Passenger,0,1,1,1,2,50.00
January 31 2023,Pierce,WA,Passenger,6373,2538,8911,535249,544160,1.64
March 31 2021,Monterey,CA,Passenger,1,2,3,161,164,1.83
August 31 2023,Galveston,TX,Passenger,0,1,1,20,21,4.76
October 31 2017,Columbia,WA,Passenger,1,1,2,2394,2396,0.08
July 31 2024,Leavenworth,KS,Passenger,4,2,6,76,82,7.32
August 31 2021,Sevier,AR,Passenger,0,1,1,1,2,50.00
March 31 2020,Salt Lake,UT,Passenger,1,0,1,218,219,0.46
August 31 2023,Lee,AL,Passenger,1,0,1,19,20,5.00
September 30 2023,Will,IL,Passenger,0,1,1,16,17,5.88
April 30 2022,Middlesex,NJ,Passenger,1,0,1,25,26,3.85
July 31 2021,Duval,FL,Passenger,0,2,2,357,359,0.56
December 31 2022,Clackamas,OR,Passenger,0,1,1,163,164,0.61
November 30 2019,Ada,ID,Passenger,0,1,1,324,325,0.31
August 31 2023,Lincoln,WA,Truck,0,0,0,4835,4835,0.00
January 31 2023,King,WA,Truck,463,2,465,177597,178062,0.26
October 31 2024,Laramie,WY,Passenger,1,1,2,25,27,7.41
January 31 2017,Middlesex,MA,Passenger,1,0,1,158,159,0.63
April 30 2022,Fredericksburg,VA,Passenger,1,0,1,7,8,12.50
September 30 2022,Lewis,WA,Truck,1,0,1,26322,26323,0.00
April 30 2020,Chatham,NC,Passenger,1,0,1,7,8,12.50
April 30 2020,Solano,CA,Passenger,1,0,1,220,221,0.45
September 30 2019,Ramsey,MN,Passenger,1,0,1,49,50,2.00
October 31 2018,Duval,FL,Passenger,1,2,3,389,392,0.77
February 28 2023,Oldham,KY,Passenger,0,1,1,5,6,16.67
July 31 2017,Franklin,WA,Passenger,26,47,73,55715,55788,0.13
August 31 2023,Douglas,CO,Passenger,1,2,3,70,73,4.11
May 31 2022,Charlottesville,VA,Passenger,0,1,1,7,8,12.50
July 31 2021,Cameron,TX,Passenger,1,0,1,23,24,4.17
October 31 2017,Cumberland,NC,Passenger,1,0,1,567,568,0.18
August 31 2022,Grays Harbor,WA,Passenger,218,163,381,48745,49126,0.78
October 31 2022,Placer,CA,Passenger,2,0,2,85,87,2.30
August 31 2019,DeKalb,GA,Passenger,1,0,1,85,86,1.16
December 31 2019,Wahkiakum,WA,Passenger,4,3,7,3042,3049,0.23
February 28 2022,Ray,MO,Passenger,0,1,1,1,2,50.00
August 31 2023,Hays,TX,Passenger,1,0,1,11,12,8.33
June 30 2021,Henrico,VA,Passenger,0,1,1,21,22,4.55
November 30 2023,Yellowstone,MT,Passenger,0,1,1,21,22,4.55
August 31 2020,Washington,OR,Passenger,1,0,1,472,473,0.21
February 28 2017,Prince George's,MD,Passenger,0,1,1,188,189,0.53
November 30 2021,Sonoma,CA,Passenger,0,1,1,99,100,1.00
February 28 2022,Jefferson,IL,Passenger,1,0,1,1,2,50.00
May 31 2023,Lewis,WA,Truck,7,0,7,25985,25992,0.03
March 31 2022,Norfolk,MA,Passenger,1,0,1,30,31,3.23
July 31 2023,Spokane,WA,Truck,41,0,41,101412,101453,0.04
February 29 2024,Maui,HI,Passenger,2,0,2,21,23,8.70
September 30 2024,Okaloosa,FL,Passenger,0,2,2,78,80,2.50
November 30 2024,Frederick,MD,Passenger,1,2,3,45,48,6.25
August 31 2024,Yakima,WA,Passenger,861,362,1223,167263,168486,0.73
November 30 2023,El Dorado,CA,Passenger,2,0,2,22,24,8.33
March 31 2017,Douglas,OR,Passenger,0,1,1,76,77,1.30
July 31 2021,Dallas,TX,Passenger,1,0,1,179,180,0.56
November 30 2023,Marion,IN,Passenger,2,0,2,31,33,6.06
July 31 2018,Portsmouth,VA,Passenger,0,1,1,74,75,1.33
March 31 2017,Palm Beach,FL,Passenger,0,1,1,105,106,0.94
December 31 2017,Okaloosa,FL,Passenger,1,0,1,183,184,0.54
November 30 2024,Rockingham,NH,Passenger,2,0,2,15,17,11.76
December 31 2020,Alameda,CA,Passenger,5,0,5,289,294,1.70
August 31 2020,Baltimore,MD,Passenger,1,0,1,112,113,0.88
January 31 2023,Mercer,NJ,Passenger,0,1,1,15,16,6.25
February 28 2022,New York,NY,Passenger,4,0,4,50,54,7.41
September 30 2024,Collin,TX,Passenger,3,1,4,51,55,7.27
December 31 2021,Clark,WA,Passenger,3473,1560,5033,319778,324811,1.55
August 31 2022,Collin,TX,Passenger,5,0,5,102,107,4.67
July 31 2021,San Francisco,CA,Passenger,1,2,3,102,105,2.86
August 31 2022,Columbia,WA,Passenger,8,0,8,2433,2441,0.33
October 31 2017,Jefferson,NY,Passenger,1,0,1,241,242,0.41
January 31 2022,Boone,MO,Passenger,0,1,1,10,11,9.09
April 30 2020,Franklin,WA,Passenger,58,75,133,60687,60820,0.22
February 28 2023,Contra Costa,CA,Passenger,1,2,3,202,205,1.46
February 29 2020,Ada,ID,Passenger,0,1,1,322,323,0.31
March 31 2023,Flathead,MT,Passenger,1,0,1,43,44,2.27
February 28 2021,Salt Lake,UT,Passenger,1,1,2,205,207,0.97
March 31 2022,Ferry,WA,Truck,0,0,0,3564,3564,0.00
June 30 2020,Owyhee,ID,Passenger,1,0,1,3,4,25.00
April 30 2021,Hampshire,MA,Passenger,1,0,1,10,11,9.09
November 30 2021,Marin,CA,Passenger,1,1,2,47,49,4.08
May 31 2025,Pacific,WA,Passenger,156,122,278,15190,15468,1.80
January 31 2017,Moore,NC,Passenger,0,1,1,211,212,0.47
May 31 2024,Santa Cruz,CA,Passenger,1,0,1,23,24,4.17
February 29 2024,Sussex,NJ,Passenger,1,0,1,2,3,33.33
October 31 2021,San Joaquin,CA,Passenger,1,1,2,116,118,1.69
October 31 2024,Marion,IN,Passenger,2,0,2,23,25,8.00
December 31 2019,Randolph,NC,Passenger,1,0,1,6,7,14.29
May 31 2023,Island,WA,Truck,27,0,27,20856,20883,0.13
March 31 2023,Allen,IN,Passenger,1,0,1,16,17,5.88
December 31 2017,Skamania,WA,Passenger,10,7,17,8586,8603,0.20
January 31 2017,Jefferson,WA,Passenger,87,53,140,23595,23735,0.59
January 31 2024,Grant,WA,Passenger,383,164,547,67393,67940,0.81
October 31 2024,Essex,NJ,Passenger,1,1,2,7,9,22.22
March 31 2023,Adams,WA,Truck,2,0,2,5350,5352,0.04
June 30 2023,Marin,CA,Passenger,3,2,5,40,45,11.11
May 31 2023,Lewis,WA,Passenger,308,208,516,59012,59528,0.87
November 30 2021,Charles,MD,Passenger,1,1,2,73,75,2.67
April 30 2024,DeKalb,GA,Passenger,1,0,1,39,40,2.50
July 31 2020,New York,NY,Passenger,3,0,3,66,69,4.35
June 30 2020,Montgomery,TX,Passenger,1,0,1,58,59,1.69
April 30 2019,Santa Fe,NM,Passenger,0,1,1,42,43,2.33
June 30 2023,Williamson,TX,Passenger,0,1,1,94,95,1.05
September 30 2022,Randolph,NC,Passenger,1,0,1,4,5,20.00
November 30 2023,Clackamas,OR,Passenger,0,1,1,123,124,0.81
September 30 2021,Wilson,NC,Passenger,1,0,1,1,2,50.00
March 31 2025,Allegheny,PA,Passenger,2,0,2,43,45,4.44
April 30 2024,Hays,TX,Passenger,1,0,1,7,8,12.50
October 31 2019,Garfield,WA,Truck,0,0,0,961,961,0.00
September 30 2019,Santa Rosa,FL,Passenger,1,0,1,90,91,1.10
August 31 2019,Stafford,VA,Passenger,1,1,2,108,110,1.82
March 31 2022,Contra Costa,CA,Passenger,0,3,3,243,246,1.22
January 31 2025,Cowlitz,WA,Truck,37,0,37,27973,28010,0.13
March 31 2025,Plaquemines,LA,Passenger,1,0,1,14,15,6.67
October 31 2020,Kings,NY,Passenger,1,0,1,69,70,1.43
August 31 2024,Placer,CA,Passenger,3,0,3,66,69,4.35
February 29 2020,San Juan,WA,Passenger,279,82,361,14318,14679,2.46
April 30 2018,Contra Costa,CA,Passenger,0,1,1,453,454,0.22
November 30 2022,Goochland,VA,Passenger,3,2,5,145,150,3.33
May 31 2023,Muscogee,GA,Passenger,1,2,3,126,129,2.33
March 31 2019,Wahkiakum,WA,Truck,0,0,0,1725,1725,0.00
April 30 2022,Kings,CA,Passenger,2,0,2,318,320,0.62
August 31 2022,Columbia,WA,Truck,0,0,0,1570,1570,0.00
April 30 2025,Anne Arundel,MD,Truck,1,0,1,36,37,2.70
September 30 2023,St. Clair,IL,Passenger,0,1,1,116,117,0.85
March 31 2020,Saginaw,MI,Passenger,1,0,1,11,12,8.33
March 31 2021,Cowlitz,WA,Truck,0,0,0,29029,29029,0.00
February 28 2022,Columbia,GA,Passenger,0,1,1,109,110,0.91
June 30 2022,Bartow,GA,Passenger,0,1,1,4,5,20.00
January 31 2019,Randolph,NC,Passenger,1,0,1,5,6,16.67
November 30 2024,Guam,GU,Passenger,0,1,1,30,31,3.23
April 30 2025,St. Louis,MO,Passenger,1,1,2,30,32,6.25
April 30 2024,Larimer,CO,Passenger,1,0,1,35,36,2.78
April 30 2025,Hunt,TX,Passenger,1,0,1,4,5,20.00
January 31 2018,Essex,NJ,Passenger,1,0,1,13,14,7.14
November 30 2019,Anne Arundel,MD,Passenger,1,1,2,430,432,0.46
January 31 2022,Ada,ID,Passenger,2,0,2,235,237,0.84
April 30 2023,Walla Walla,WA,Truck,5,0,5,13724,13729,0.04
January 31 2024,Monterey,CA,Passenger,1,5,6,133,139,4.32
August 31 2021,Spokane,WA,Passenger,1157,684,1841,325440,327281,0.56
October 31 2018,Pend Oreille,WA,Truck,0,0,0,5753,5753,0.00
April 30 2023,Charlottesville,VA,Passenger,0,1,1,6,7,14.29
June 30 2022,Larimer,CO,Passenger,1,0,1,54,55,1.82
August 31 2020,San Francisco,CA,Passenger,2,2,4,99,103,3.88
March 31 2021,El Paso,TX,Passenger,2,0,2,408,410,0.49
June 30 2024,Kitsap,WA,Truck,143,0,143,51463,51606,0.28
February 28 2023,Marion,OR,Passenger,1,0,1,102,103,0.97
August 31 2024,Yakima,WA,Truck,22,0,22,60821,60843,0.04
July 31 2021,Washington,OR,Passenger,1,0,1,429,430,0.23
January 31 2019,Wahkiakum,WA,Passenger,1,1,2,3003,3005,0.07
August 31 2019,Sacramento,CA,Passenger,0,1,1,312,313,0.32
September 30 2022,San Joaquin,CA,Passenger,1,0,1,107,108,0.93
July 31 2021,Harnett,NC,Passenger,1,1,2,198,200,1.00
September 30 2024,Moore,NC,Passenger,1,0,1,105,106,0.94
August 31 2020,Duval,FL,Passenger,0,2,2,374,376,0.53
December 31 2022,Marion,IN,Passenger,1,0,1,43,44,2.27
December 31 2018,Harnett,NC,Passenger,1,0,1,236,237,0.42
June 30 2020,Whitman,WA,Truck,0,0,0,8505,8505,0.00
April 30 2020,Clackamas,OR,Passenger,2,0,2,224,226,0.88
January 31 2021,Clark,WA,Passenger,2460,1213,3673,319073,322746,1.14
November 30 2020,Nassau,NY,Passenger,5,0,5,34,39,12.82
February 28 2022,Spartanburg,SC,Passenger,0,1,1,44,45,2.22
September 30 2017,Riverside,CA,Passenger,1,2,3,784,787,0.38
February 28 2025,Mercer,NJ,Passenger,0,1,1,6,7,14.29
September 30 2020,Boulder,CO,Passenger,1,1,2,49,51,3.92
March 31 2021,Gwinnett,GA,Passenger,1,0,1,73,74,1.35
March 31 2023,Beaufort,SC,Passenger,1,0,1,31,32,3.12
June 30 2021,Wichita,TX,Passenger,1,0,1,43,44,2.27
August 31 2021,Columbia,OR,Passenger,1,0,1,23,24,4.17
December 31 2024,Ogle,IL,Passenger,1,0,1,0,1,100.00
February 29 2024,Duval,FL,Passenger,2,1,3,248,251,1.20
July 31 2023,Grays Harbor,WA,Passenger,317,194,511,48140,48651,1.05
May 31 2020,Hawaii,HI,Passenger,1,0,1,65,66,1.52
January 31 2017,Columbia,WA,Truck,0,0,0,1544,1544,0.00
December 31 2023,Saginaw,MI,Passenger,0,1,1,5,6,16.67
September 30 2017,Orange,CA,Passenger,3,1,4,634,638,0.63
September 30 2023,Palm Beach,FL,Passenger,2,1,3,50,53,5.66
March 31 2024,Orange,FL,Passenger,4,0,4,67,71,5.63
October 31 2019,Kitsap,WA,Truck,1,0,1,54315,54316,0.00
July 31 2024,Maricopa,AZ,Passenger,15,2,17,771,788,2.16
April 30 2017,Clallam,WA,Passenger,80,68,148,48108,48256,0.31
August 31 2017,Morris,NJ,Passenger,1,0,1,22,23,4.35
October 31 2021,Chelan,WA,Passenger,386,111,497,54625,55122,0.90
May 31 2022,Penobscot,ME,Passenger,0,2,2,9,11,18.18
October 31 2022,Yakima,WA,Passenger,395,213,608,166086,166694,0.36
December 31 2022,Ada,ID,Passenger,2,0,2,187,189,1.06
December 31 2021,San Mateo,CA,Passenger,3,0,3,109,112,2.68
February 28 2025,St. Louis,MO,Passenger,2,0,2,34,36,5.56
June 30 2024,Cameron,TX,Passenger,1,0,1,18,19,5.26
March 31 2019,Polk,FL,Passenger,1,0,1,75,76,1.32
July 31 2018,Spokane,WA,Passenger,347,319,666,303857,304523,0.22
July 31 2019,Douglas,NE,Passenger,0,1,1,67,68,1.47
November 30 2017,Bexar,TX,Passenger,1,1,2,839,841,0.24
May 31 2025,Pima,AZ,Passenger,2,0,2,134,136,1.47
December 31 2020,Charles,MD,Passenger,1,1,2,73,75,2.67
February 28 2017,Fairfax,VA,Passenger,3,2,5,874,879,0.57
January 31 2025,Bannock,ID,Passenger,1,0,1,7,8,12.50
October 31 2024,Clackamas,OR,Passenger,1,1,2,90,92,2.17
October 31 2018,Santa Rosa,FL,Passenger,1,0,1,91,92,1.09
May 31 2024,Hunt,TX,Passenger,1,0,1,4,5,20.00
March 31 2020,Charleston,SC,Passenger,1,0,1,110,111,0.90
March 31 2017,Okaloosa,FL,Passenger,1,0,1,192,193,0.52
August 31 2023,Camden,NJ,Passenger,0,1,1,10,11,9.09
March 31 2023,Columbia,OR,Passenger,1,0,1,19,20,5.00
June 30 2022,Franklin,OH,Passenger,1,0,1,73,74,1.35
February 28 2019,Mecklenburg,NC,Passenger,1,0,1,89,90,1.11
November 30 2017,El Paso,CO,Passenger,2,1,3,781,784,0.38
October 31 2024,Ogle,IL,Passenger,1,0,1,0,1,100.00
April 30 2024,Ferry,WA,Passenger,30,4,34,4264,4298,0.79
April 30 2024,Riverside,CA,Passenger,10,2,12,438,450,2.67
August 31 2024,Calvert,MD,Passenger,1,2,3,70,73,4.11
June 30 2021,Los Angeles,CA,Passenger,11,11,22,998,1020,2.16
July 31 2022,Marin,CA,Passenger,1,2,3,39,42,7.14
April 30 2021,Hawaii,HI,Passenger,1,0,1,57,58,1.72
October 31 2022,Palm Beach,FL,Passenger,2,1,3,59,62,4.84
May 31 2020,Twin Falls,ID,Passenger,0,1,1,28,29,3.45
August 31 2022,Pima,AZ,Passenger,1,0,1,287,288,0.35
September 30 2023,Yakima,WA,Passenger,576,276,852,166010,166862,0.51
November 30 2022,San Mateo,CA,Passenger,2,1,3,101,104,2.88
April 30 2024,Marion,OR,Passenger,1,0,1,68,69,1.45
January 31 2019,Fairfax,VA,Passenger,4,1,5,812,817,0.61
November 30 2020,New Haven,CT,Passenger,0,2,2,34,36,5.56
February 29 2020,Clackamas,OR,Passenger,2,1,3,236,239,1.26
November 30 2019,Harnett,NC,Passenger,1,1,2,218,220,0.91
December 31 2023,Arlington,VA,Passenger,4,0,4,123,127,3.15
June 30 2022,Honolulu,HI,Passenger,4,5,9,429,438,2.05
March 31 2018,DeKalb,IN,Passenger,1,0,1,1,2,50.00
July 31 2023,Weld,CO,Passenger,1,0,1,24,25,4.00
June 30 2021,Washington,WI,Passenger,1,0,1,2,3,33.33
April 30 2020,Stafford,VA,Passenger,1,1,2,98,100,2.00
October 31 2019,Queens,NY,Passenger,1,0,1,54,55,1.82
August 31 2019,Oldham,KY,Passenger,0,1,1,5,6,16.67
August 31 2017,Spokane,WA,Passenger,268,220,488,297289,297777,0.16
December 31 2017,Fresno,CA,Passenger,1,0,1,210,211,0.47
May 31 2023,Pierce,WA,Truck,153,0,153,136952,137105,0.11
December 31 2021,Benton,WA,Truck,0,0,0,43664,43664,0.00
July 31 2024,Allegheny,PA,Passenger,3,0,3,51,54,5.56
September 30 2021,Dallas,IA,Passenger,0,1,1,11,12,8.33
March 31 2022,Marion,OR,Passenger,1,0,1,131,132,0.76
February 28 2023,Howard,MD,Passenger,0,2,2,63,65,3.08
February 28 2022,Gwinnett,GA,Passenger,1,0,1,69,70,1.43
June 30 2021,Pacific,WA,Passenger,45,53,98,16022,16120,0.61
October 31 2021,Arlington,VA,Passenger,2,1,3,151,154,1.95
August 31 2022,Klickitat,WA,Truck,2,0,2,8254,8256,0.02
March 31 2024,Mercer,NJ,Passenger,0,1,1,8,9,11.11
June 30 2020,Kitsap,WA,Truck,0,0,0,54012,54012,0.00
September 30 2020,Lee,FL,Passenger,1,0,1,55,56,1.79
September 30 2024,Fresno,CA,Passenger,1,1,2,128,130,1.54
June 30 2022,Harnett,NC,Passenger,3,0,3,181,184,1.63
June 30 2022,Baltimore,MD,Passenger,1,0,1,88,89,1.12
June 30 2020,St. Louis,MO,Passenger,1,0,1,101,102,0.98
August 31 2018,Skamania,WA,Passenger,14,10,24,8665,8689,0.28
January 31 2022,Marion,IN,Passenger,1,0,1,50,51,1.96
April 30 2022,Essex,MA,Passenger,2,0,2,21,23,8.70
August 31 2017,Island,WA,Passenger,124,150,274,60524,60798,0.45
July 31 2019,Shasta,CA,Passenger,1,0,1,42,43,2.33
December 31 2019,Shelby,OH,Passenger,0,1,1,2,3,33.33
March 31 2024,Chesterfield,VA,Passenger,1,0,1,44,45,2.22
September 30 2021,Anne Arundel,MD,Passenger,2,1,3,380,383,0.78
November 30 2020,Walla Walla,WA,Truck,0,0,0,13806,13806,0.00
June 30 2023,Whitman,WA,Truck,4,0,4,8590,8594,0.05
January 31 2024,Cowlitz,WA,Truck,14,0,14,27832,27846,0.05
June 30 2019,Skagit,WA,Passenger,299,200,499,91898,92397,0.54
January 31 2025,Goochland,VA,Passenger,1,0,1,33,34,2.94
August 31 2021,Lewis,WA,Passenger,181,153,334,59585,59919,0.56
April 30 2025,Cobb,GA,Passenger,1,0,1,36,37,2.70
November 30 2024,Middlesex,NJ,Passenger,1,0,1,20,21,4.76
September 30 2018,Monterey,CA,Passenger,0,2,2,194,196,1.02
April 30 2017,Hamilton,IN,Passenger,1,0,1,61,62,1.61
August 31 2017,El Paso,CO,Passenger,2,1,3,795,798,0.38
May 31 2022,San Juan,WA,Truck,1,0,1,5971,5972,0.02
August 31 2017,Cowlitz,WA,Passenger,50,62,112,70006,70118,0.16
November 30 2022,Middlesex,MA,Passenger,2,0,2,93,95,2.11
December 31 2020,Loudoun,VA,Passenger,1,0,1,77,78,1.28
January 31 2023,Wahkiakum,WA,Passenger,25,15,40,3043,3083,1.30
January 31 2025,Pierce,WA,Truck,571,0,571,132586,133157,0.43
September 30 2024,Forsyth,GA,Passenger,1,0,1,9,10,10.00
December 31 2017,Columbia,WA,Truck,0,0,0,1541,1541,0.00
September 30 2019,RÃ­o Grande,PR,Passenger,1,0,1,0,1,100.00
March 31 2021,Denver,CO,Passenger,1,0,1,128,129,0.78
May 31 2017,Juneau,AK,Passenger,0,1,1,52,53,1.89
September 30 2017,Collier,FL,Passenger,1,0,1,29,30,3.33
March 31 2023,Horry,SC,Passenger,1,0,1,19,20,5.00
June 30 2017,Mason,WA,Truck,0,0,0,19266,19266,0.00
March 31 2022,Charlottesville,VA,Passenger,0,1,1,7,8,12.50
January 31 2025,Chelan,WA,Truck,83,0,83,22853,22936,0.36
August 31 2017,Montgomery,TX,Passenger,1,0,1,62,63,1.59
February 28 2018,Klickitat,WA,Truck,0,0,0,8027,8027,0.00
August 31 2018,Tarrant,TX,Passenger,1,0,1,225,226,0.44
December 31 2018,San Francisco,CA,Passenger,2,2,4,118,122,3.28
January 31 2023,Loudoun,VA,Passenger,3,2,5,67,72,6.94
April 30 2025,San Bernardino,CA,Passenger,5,0,5,280,285,1.75
June 30 2022,Rockdale,GA,Passenger,1,0,1,9,10,10.00
March 31 2022,Montgomery,MD,Passenger,2,2,4,216,220,1.82
December 31 2024,Chesapeake,VA,Passenger,1,0,1,251,252,0.40
May 31 2022,Travis,TX,Passenger,3,2,5,142,147,3.40
September 30 2019,Placer,CA,Passenger,1,0,1,108,109,0.92
June 30 2024,Whitman,WA,Truck,11,0,11,8597,8608,0.13
September 30 2017,Garfield,WA,Truck,0,0,0,938,938,0.00
September 30 2020,Walla Walla,WA,Passenger,86,61,147,35901,36048,0.41
March 31 2020,Orange,FL,Passenger,1,0,1,147,148,0.68
August 31 2018,Frederick,MD,Passenger,0,1,1,83,84,1.19
April 30 2020,Riverside,CA,Passenger,5,1,6,677,683,0.88
June 30 2024,Penobscot,ME,Passenger,0,1,1,5,6,16.67
November 30 2019,Lincoln,WA,Truck,0,0,0,4692,4692,0.00
February 28 2021,Orange,FL,Passenger,2,0,2,131,133,1.50
July 31 2018,Snohomish,WA,Passenger,2402,1295,3697,522423,526120,0.70
November 30 2022,Forsyth,GA,Passenger,1,0,1,14,15,6.67
December 31 2023,Loudoun,VA,Passenger,2,1,3,64,67,4.48
May 31 2023,Norfolk,VA,Passenger,2,2,4,290,294,1.36
October 31 2022,Pend Oreille,WA,Truck,0,0,0,5604,5604,0.00
June 30 2020,Jefferson,CO,Passenger,0,1,1,64,65,1.54
July 31 2019,Frederick,MD,Passenger,1,1,2,78,80,2.50
January 31 2024,Middlesex,CT,Passenger,1,0,1,10,11,9.09
June 30 2023,Prince George's,MD,Passenger,3,2,5,136,141,3.55
February 28 2021,Mercer,NJ,Passenger,0,1,1,10,11,9.09
October 31 2017,Manatee,FL,Passenger,1,0,1,45,46,2.17
April 30 2017,Stevens,WA,Passenger,8,22,30,31216,31246,0.10
August 31 2023,Wake,NC,Passenger,5,1,6,109,115,5.22
February 28 2025,Ventura,CA,Passenger,3,2,5,209,214,2.34
March 31 2017,Middlesex,MA,Passenger,1,0,1,148,149,0.67
March 31 2024,Kent,DE,Passenger,1,0,1,42,43,2.33
April 30 2018,Juneau,AK,Passenger,0,1,1,49,50,2.00
August 31 2019,Howard,MD,Passenger,0,1,1,82,83,1.20
September 30 2022,Autauga,AL,Passenger,1,0,1,15,16,6.25
July 31 2023,Snohomish,WA,Truck,187,0,187,121054,121241,0.15
May 31 2019,Shasta,CA,Passenger,1,0,1,44,45,2.22
May 31 2022,Ferry,WA,Passenger,20,4,24,4420,4444,0.54
November 30 2022,Washoe,NV,Passenger,2,0,2,74,76,2.63
January 31 2025,Skagit,WA,Truck,71,0,71,31440,31511,0.23
August 31 2019,Larimer,CO,Passenger,1,0,1,64,65,1.54
October 31 2022,Collin,TX,Passenger,5,0,5,92,97,5.15
September 30 2021,San Francisco,CA,Passenger,1,2,3,103,106,2.83
May 31 2024,San Bernardino,CA,Passenger,6,1,7,328,335,2.09
December 31 2023,Wahkiakum,WA,Passenger,33,22,55,3053,3108,1.77
September 30 2022,Sarasota,FL,Passenger,1,0,1,40,41,2.44
October 31 2024,Pulaski,MO,Passenger,3,0,3,90,93,3.23
October 31 2023,Kittitas,WA,Passenger,430,115,545,29299,29844,1.83
April 30 2021,Montgomery,TX,Passenger,2,1,3,56,59,5.08
July 31 2024,Mesa,CO,Passenger,0,1,1,8,9,11.11
February 28 2022,Fulton,GA,Passenger,0,1,1,86,87,1.15
April 30 2023,Franklin,OH,Passenger,1,0,1,67,68,1.47
July 31 2021,Fort Bend,TX,Passenger,1,0,1,38,39,2.56
January 31 2018,Walla Walla,WA,Truck,0,0,0,13318,13318,0.00
July 31 2024,San Luis Obispo,CA,Passenger,0,2,2,43,45,4.44
March 31 2024,St. Louis,MO,Passenger,1,0,1,56,57,1.75
November 30 2024,Hudson,NJ,Passenger,1,0,1,23,24,4.17
April 30 2025,District of Columbia,DC,Truck,1,0,1,13,14,7.14
February 28 2023,Sussex,NJ,Passenger,1,0,1,2,3,33.33
October 31 2021,Spokane,WA,Truck,0,0,0,102420,102420,0.00
September 30 2018,Allegheny,PA,Passenger,1,0,1,88,89,1.12
November 30 2023,Newport News,VA,Passenger,1,0,1,115,116,0.86
May 31 2020,Harris,TX,Passenger,1,0,1,289,290,0.34
July 31 2022,Prince George's,MD,Passenger,3,1,4,146,150,2.67
October 31 2024,Spotsylvania,VA,Passenger,0,1,1,24,25,4.00
October 31 2024,Calvert,MD,Passenger,1,2,3,69,72,4.17
July 31 2024,Los Angeles,CA,Passenger,15,3,18,624,642,2.80
September 30 2024,Miami-Dade,FL,Passenger,2,0,2,67,69,2.90
October 31 2024,Lincoln,WA,Passenger,33,32,65,7547,7612,0.85
July 31 2018,Island,WA,Passenger,206,195,401,62499,62900,0.64
March 31 2020,Valencia,NM,Passenger,1,0,1,8,9,11.11
October 31 2020,Okanogan,WA,Truck,0,0,0,16556,16556,0.00
May 31 2022,Harnett,NC,Passenger,3,0,3,178,181,1.66
November 30 2021,Lake,IL,Passenger,4,0,4,164,168,2.38
January 31 2025,Orange,NC,Passenger,1,0,1,4,5,20.00
March 31 2021,Lake,FL,Passenger,1,0,1,26,27,3.70
December 31 2021,Okaloosa,FL,Passenger,0,1,1,124,125,0.80
January 31 2023,Asotin,WA,Truck,0,0,0,6651,6651,0.00
January 31 2021,Middlesex,MA,Passenger,1,0,1,98,99,1.01
March 31 2022,Chatham,NC,Passenger,1,0,1,7,8,12.50
October 31 2024,Montgomery,AL,Passenger,1,1,2,23,25,8.00
December 31 2021,Philadelphia,PA,Passenger,1,0,1,53,54,1.85
October 31 2023,Carroll,MD,Passenger,0,1,1,20,21,4.76
October 31 2018,Oldham,KY,Passenger,0,1,1,5,6,16.67
May 31 2020,Davidson,TN,Passenger,1,0,1,86,87,1.15
November 30 2024,Douglas,WA,Passenger,354,110,464,29156,29620,1.57
February 28 2021,Chelan,WA,Passenger,301,89,390,54465,54855,0.71
December 31 2024,Thurston,WA,Truck,213,0,213,53122,53335,0.40
August 31 2021,Manassas,VA,Passenger,0,1,1,7,8,12.50
March 31 2024,Sacramento,CA,Truck,1,0,1,31,32,3.12
March 31 2024,Kern,CA,Passenger,2,1,3,185,188,1.60
April 30 2024,Charlottesville,VA,Passenger,0,3,3,5,8,37.50
January 31 2023,Bristol,MA,Passenger,1,0,1,9,10,10.00
February 28 2025,Charlottesville,VA,Passenger,0,2,2,5,7,28.57
October 31 2021,Harford,MD,Passenger,1,1,2,61,63,3.17
April 30 2020,Loudoun,VA,Passenger,1,0,1,90,91,1.10
March 31 2017,Klickitat,WA,Truck,0,0,0,7931,7931,0.00
November 30 2024,Bell,TX,Passenger,1,0,1,209,210,0.48
October 31 2021,Los Angeles,CA,Passenger,8,9,17,957,974,1.75
July 31 2018,Pierce,WA,Passenger,1262,1195,2457,533190,535647,0.46
April 30 2019,Tulsa,OK,Passenger,1,0,1,57,58,1.72
January 31 2019,Alameda,CA,Passenger,0,2,2,332,334,0.60
August 31 2017,Pierce,WA,Passenger,999,867,1866,524675,526541,0.35
September 30 2022,Los Angeles,CA,Passenger,7,6,13,875,888,1.46
July 31 2020,Putnam,TN,Passenger,0,1,1,5,6,16.67
February 28 2022,Whatcom,WA,Truck,4,0,4,43538,43542,0.01
March 31 2025,Suffolk,MA,Passenger,2,1,3,25,28,10.71
August 31 2019,Honolulu,HI,Passenger,4,2,6,520,526,1.14
August 31 2017,Snohomish,WA,Passenger,1846,939,2785,513531,516316,0.54
November 30 2017,Prince George's,MD,Passenger,0,1,1,184,185,0.54
November 30 2022,Lake,IN,Passenger,0,1,1,13,14,7.14
March 31 2017,Douglas,WA,Truck,0,0,0,11442,11442,0.00
April 30 2017,Chelan,WA,Truck,0,0,0,21199,21199,0.00
February 29 2024,Hillsborough,FL,Passenger,3,1,4,117,121,3.31
January 31 2020,Clark,WA,Truck,0,0,0,81719,81719,0.00
May 31 2023,Maricopa,AZ,Passenger,20,5,25,1017,1042,2.40
February 28 2021,Hamilton,IN,Passenger,2,0,2,41,43,4.65
March 31 2020,Hamilton,IN,Passenger,1,0,1,44,45,2.22
April 30 2017,Skagit,WA,Passenger,124,97,221,87585,87806,0.25
August 31 2024,Medina,TX,Passenger,1,0,1,6,7,14.29
April 30 2020,DeKalb,GA,Passenger,1,0,1,88,89,1.12
August 31 2021,Ulster,NY,Passenger,1,0,1,15,16,6.25
February 28 2023,Chatham,NC,Passenger,1,0,1,7,8,12.50
May 31 2022,Baltimore,MD,Passenger,2,0,2,90,92,2.17
September 30 2021,Okanogan,WA,Truck,0,0,0,16683,16683,0.00
December 31 2019,Harford,MD,Passenger,0,1,1,64,65,1.54
October 31 2018,Clark,NV,Passenger,3,3,6,792,798,0.75
March 31 2023,Pierce,WA,Passenger,6811,2620,9431,531923,541354,1.74
March 31 2023,Davidson,TN,Passenger,1,0,1,56,57,1.75
December 31 2019,Fairfax,VA,Passenger,5,1,6,769,775,0.77
May 31 2023,Mason,WA,Truck,11,0,11,20674,20685,0.05
February 28 2021,Portsmouth,VA,Passenger,0,1,1,78,79,1.27
May 31 2019,Goochland,VA,Passenger,1,1,2,267,269,0.74
August 31 2023,Honolulu,HI,Passenger,4,3,7,354,361,1.94
November 30 2018,Whatcom,WA,Passenger,731,353,1084,149056,150140,0.72
December 31 2023,Collier,FL,Passenger,1,0,1,16,17,5.88
May 31 2023,Randolph,NC,Passenger,1,0,1,1,2,50.00
May 31 2020,New York,NY,Passenger,2,0,2,70,72,2.78
October 31 2019,Okanogan,WA,Truck,0,0,0,16516,16516,0.00
April 30 2023,Bartow,GA,Passenger,0,1,1,4,5,20.00
August 31 2023,Walla Walla,WA,Truck,7,0,7,13624,13631,0.05
October 31 2017,Monterey,CA,Passenger,0,2,2,200,202,0.99
April 30 2020,Kitsap,WA,Passenger,1312,678,1990,180338,182328,1.09
April 30 2019,King,WA,Truck,5,1,6,181707,181713,0.00
March 31 2022,DeKalb,GA,Passenger,1,0,1,64,65,1.54
June 30 2022,Fort Bend,TX,Passenger,1,0,1,32,33,3.03
June 30 2023,Okanogan,WA,Truck,7,0,7,16424,16431,0.04
October 31 2023,Virginia Beach,VA,Passenger,6,2,8,499,507,1.58
July 31 2018,Beaufort,SC,Passenger,1,0,1,42,43,2.33
September 30 2019,Oldham,KY,Passenger,0,1,1,5,6,16.67
March 31 2023,Skagit,WA,Passenger,1018,382,1400,88871,90271,1.55
August 31 2024,Nassau,NY,Passenger,2,0,2,20,22,9.09
March 31 2023,Harris,TX,Passenger,2,2,4,193,197,2.03
December 31 2021,Escambia,FL,Passenger,0,1,1,150,151,0.66
March 31 2024,Stafford,VA,Passenger,3,0,3,73,76,3.95
November 30 2018,Columbia,WA,Truck,0,0,0,1516,1516,0.00
December 31 2018,Marion,IN,Passenger,1,0,1,121,122,0.82
December 31 2020,Lake,IL,Passenger,2,0,2,167,169,1.18
October 31 2024,Williamson,TN,Passenger,0,1,1,6,7,14.29
October 31 2018,Volusia,FL,Passenger,0,1,1,39,40,2.50
September 30 2023,Yuba,CA,Passenger,1,0,1,55,56,1.79
September 30 2022,Harford,MD,Passenger,1,1,2,49,51,3.92
June 30 2017,Skagit,WA,Truck,1,0,1,31445,31446,0.00
March 31 2017,Moore,NC,Passenger,0,1,1,210,211,0.47
November 30 2023,Hennepin,MN,Passenger,1,0,1,52,53,1.89
August 31 2022,Escambia,FL,Passenger,0,1,1,151,152,0.66
October 31 2023,Santa Clara,CA,Passenger,24,7,31,238,269,11.52
February 28 2025,DeKalb,GA,Passenger,2,0,2,33,35,5.71
December 31 2023,Clay,FL,Passenger,1,0,1,72,73,1.37
November 30 2019,Douglas,CO,Passenger,1,0,1,84,85,1.18
November 30 2019,Jefferson,WA,Truck,0,0,0,9650,9650,0.00
July 31 2023,Texas,MO,Passenger,1,0,1,2,3,33.33
September 30 2021,Providence,RI,Passenger,1,0,1,28,29,3.45
May 31 2024,District of Columbia,DC,Truck,1,0,1,14,15,6.67
August 31 2023,Washington,OR,Passenger,2,0,2,291,293,0.68
February 28 2023,Norfolk,MA,Passenger,1,0,1,27,28,3.57
April 30 2019,San Juan,WA,Truck,0,0,0,5828,5828,0.00
May 31 2024,Washtenaw,MI,Passenger,0,2,2,26,28,7.14
December 31 2024,King,WA,Truck,2110,2,2112,168885,170997,1.24
March 31 2020,Chelan,WA,Passenger,220,80,300,54457,54757,0.55
January 31 2024,San Benito,CA,Passenger,1,0,1,6,7,14.29
December 31 2020,Kauai,HI,Passenger,1,0,1,23,24,4.17
June 30 2022,Walla Walla,WA,Passenger,172,100,272,35842,36114,0.75
April 30 2018,Hardin,KY,Passenger,0,1,1,117,118,0.85
January 31 2018,Honolulu,HI,Passenger,2,2,4,576,580,0.69
June 30 2024,Prince George,VA,Passenger,1,0,1,56,57,1.75
October 31 2017,Snohomish,WA,Truck,1,0,1,121440,121441,0.00
March 31 2021,Suffolk,MA,Passenger,0,2,2,41,43,4.65
December 31 2023,Salt Lake,UT,Passenger,5,1,6,129,135,4.44
September 30 2018,Manatee,FL,Passenger,1,0,1,42,43,2.33
August 31 2019,Eagle,CO,Passenger,1,0,1,6,7,14.29
February 29 2020,Hillsborough,FL,Passenger,0,1,1,201,202,0.50
August 31 2018,Jefferson,WA,Passenger,152,101,253,24660,24913,1.02
January 31 2019,Tulsa,OK,Passenger,1,0,1,58,59,1.69
October 31 2019,Asotin,WA,Passenger,12,8,20,12635,12655,0.16
September 30 2024,Columbia,WA,Truck,1,0,1,1563,1564,0.06
February 28 2023,Bell,TX,Passenger,1,0,1,318,319,0.31
February 28 2023,Thurston,WA,Passenger,2760,1147,3907,190431,194338,2.01
January 31 2021,Leavenworth,KS,Passenger,0,1,1,109,110,0.91
July 31 2019,Grant,WA,Passenger,43,61,104,64992,65096,0.16
April 30 2024,Penobscot,ME,Passenger,0,1,1,5,6,16.67
February 28 2025,Stafford,VA,Passenger,3,0,3,58,61,4.92
March 31 2025,Berkeley,SC,Passenger,1,0,1,82,83,1.20
February 28 2019,Calvert,MD,Passenger,0,1,1,86,87,1.15
June 30 2020,Snohomish,WA,Passenger,4428,1765,6193,534132,540325,1.15
March 31 2019,Stevens,WA,Passenger,18,27,45,31600,31645,0.14
August 31 2022,Philadelphia,PA,Passenger,1,0,1,60,61,1.64
December 31 2017,Whatcom,WA,Passenger,532,226,758,145114,145872,0.52
December 31 2020,Ulster,NY,Passenger,1,0,1,15,16,6.25
May 31 2025,Miami-Dade,FL,Passenger,2,0,2,53,55,3.64
February 28 2022,Chelan,WA,Truck,0,0,0,23044,23044,0.00
December 31 2019,Wayne,MI,Passenger,0,1,1,60,61,1.64
May 31 2023,District of Columbia,DC,Truck,1,0,1,17,18,5.56
January 31 2025,Atlantic,NJ,Passenger,1,0,1,4,5,20.00
March 31 2023,Hawaii,HI,Passenger,1,0,1,40,41,2.44
November 30 2022,Escambia,FL,Passenger,0,1,1,151,152,0.66
August 31 2020,St. Mary's,MD,Passenger,1,0,1,232,233,0.43
January 31 2025,Cuyahoga,OH,Passenger,1,0,1,34,35,2.86
September 30 2017,San Juan,WA,Truck,0,0,0,5554,5554,0.00
January 31 2018,Okanogan,WA,Passenger,7,19,26,25688,25714,0.10
December 31 2021,Lake,IN,Passenger,0,1,1,9,10,10.00
September 30 2024,Stevens,WA,Truck,6,0,6,18688,18694,0.03
May 31 2021,Hudson,NJ,Passenger,1,0,1,46,47,2.13
June 30 2022,Nassau,NY,Passenger,4,0,4,34,38,10.53
November 30 2019,Yakima,WA,Truck,0,0,0,59564,59564,0.00
June 30 2019,DuPage,IL,Passenger,2,0,2,64,66,3.03
January 31 2022,Santa Clara,CA,Passenger,16,3,19,302,321,5.92
January 31 2024,Chelan,WA,Truck,48,0,48,23088,23136,0.21
January 31 2021,Pima,AZ,Passenger,2,1,3,368,371,0.81
December 31 2018,Okanogan,WA,Passenger,16,22,38,26055,26093,0.15
December 31 2024,Kitsap,WA,Passenger,5334,1894,7228,174515,181743,3.98
April 30 2022,Hudson,NJ,Passenger,2,0,2,43,45,4.44
July 31 2020,Morris,NJ,Passenger,1,0,1,17,18,5.56
March 31 2023,Jackson,OK,Passenger,0,1,1,40,41,2.44
September 30 2023,Douglas,WA,Truck,8,0,8,13070,13078,0.06
April 30 2024,Thurston,WA,Truck,118,0,118,53173,53291,0.22
February 28 2017,Charles,MD,Passenger,0,1,1,91,92,1.09
February 29 2020,Sedgwick,KS,Passenger,1,1,2,105,107,1.87
August 31 2023,Dallas,TX,Truck,1,0,1,12,13,7.69
August 31 2021,Platte,MO,Passenger,1,1,2,16,18,11.11
May 31 2020,Dakota,MN,Passenger,0,1,1,32,33,3.03
August 31 2022,Wichita,TX,Passenger,1,0,1,41,42,2.38
June 30 2023,Spokane,WA,Passenger,2299,1087,3386,321644,325030,1.04
October 31 2024,Lincoln,WA,Truck,1,0,1,4746,4747,0.02
May 31 2023,Plaquemines,LA,Passenger,1,1,2,16,18,11.11
April 30 2019,Salt Lake,UT,Passenger,1,0,1,230,231,0.43
June 30 2018,Canyon,ID,Passenger,0,1,1,102,103,0.97
July 31 2020,Grays Harbor,WA,Passenger,109,112,221,48264,48485,0.46
March 31 2020,Portsmouth,VA,Passenger,0,1,1,75,76,1.32
April 30 2024,Yolo,CA,Passenger,3,0,3,25,28,10.71
January 31 2017,Dale,AL,Passenger,0,1,1,65,66,1.52
November 30 2018,Fresno,CA,Passenger,2,0,2,203,205,0.98
May 31 2019,Washoe,NV,Passenger,2,0,2,117,119,1.68
May 31 2023,Kootenai,ID,Passenger,1,3,4,153,157,2.55
October 31 2019,Penobscot,ME,Passenger,0,1,1,15,16,6.25
January 31 2021,Okaloosa,FL,Passenger,0,1,1,144,145,0.69
October 31 2024,San Juan,WA,Passenger,785,228,1013,13530,14543,6.97
June 30 2024,Kane,IL,Passenger,1,0,1,7,8,12.50
July 31 2022,Ulster,NY,Passenger,1,0,1,14,15,6.67
March 31 2022,Thurston,WA,Passenger,2023,1000,3023,194586,197609,1.53
March 31 2020,Montgomery,TX,Passenger,1,0,1,60,61,1.64
August 31 2022,Fredericksburg,VA,Passenger,1,0,1,6,7,14.29
January 31 2025,Island,WA,Truck,92,0,92,20706,20798,0.44
December 31 2021,Leavenworth,KS,Passenger,1,1,2,100,102,1.96
April 30 2017,Fairfax,VA,Passenger,3,2,5,858,863,0.58
February 28 2025,Sacramento,CA,Truck,1,0,1,27,28,3.57
August 31 2021,Prince George's,MD,Passenger,2,1,3,157,160,1.88
April 30 2020,Howard,MD,Passenger,0,1,1,83,84,1.19
March 31 2023,Hamilton,OH,Passenger,1,0,1,45,46,2.17
March 31 2025,Bannock,ID,Passenger,1,0,1,6,7,14.29
December 31 2019,Harrison,MS,Passenger,1,0,1,59,60,1.67
July 31 2018,Kent,MI,Passenger,0,1,1,30,31,3.23
January 31 2025,Currituck,NC,Passenger,1,0,1,18,19,5.26
July 31 2023,Onslow,NC,Passenger,0,1,1,145,146,0.68
September 30 2018,Broward,FL,Passenger,1,1,2,138,140,1.43
August 31 2020,Multnomah,OR,Passenger,5,6,11,776,787,1.40
February 28 2023,Clackamas,OR,Passenger,0,1,1,156,157,0.64
October 31 2017,Cowlitz,WA,Truck,0,0,0,28113,28113,0.00
September 30 2020,Brevard,FL,Passenger,0,1,1,89,90,1.11
July 31 2021,Walla Walla,WA,Passenger,115,75,190,36513,36703,0.52
July 31 2021,Nassau,NY,Passenger,4,0,4,38,42,9.52
February 28 2021,Asotin,WA,Truck,0,0,0,6685,6685,0.00
July 31 2021,Ferry,WA,Passenger,9,3,12,4374,4386,0.27
January 31 2021,Washoe,NV,Passenger,1,0,1,110,111,0.90
April 30 2021,Dakota,MN,Passenger,0,1,1,28,29,3.45
March 31 2024,Orange,CA,Passenger,7,3,10,361,371,2.70
April 30 2024,Kitsap,WA,Passenger,4352,1613,5965,174413,180378,3.31
January 31 2023,Montgomery,TX,Passenger,1,0,1,39,40,2.50
January 31 2024,Osceola,FL,Passenger,1,0,1,23,24,4.17
January 31 2025,Monterey,CA,Passenger,1,5,6,123,129,4.65
November 30 2017,Adams,WA,Truck,0,0,0,5138,5138,0.00
December 31 2023,Charles,MD,Passenger,1,1,2,55,57,3.51
April 30 2021,Hamilton,IN,Passenger,2,0,2,41,43,4.65
April 30 2018,San Diego,CA,Passenger,7,2,9,2563,2572,0.35
May 31 2023,Adams,CO,Passenger,1,0,1,37,38,2.63
September 30 2019,Duval,FL,Passenger,1,2,3,380,383,0.78
May 31 2024,Allen,IN,Passenger,1,1,2,6,8,25.00
July 31 2017,Howard,MD,Passenger,0,2,2,94,96,2.08
June 30 2020,Ventura,CA,Passenger,1,1,2,308,310,0.65
October 31 2021,Plaquemines,LA,Passenger,0,1,1,18,19,5.26
September 30 2020,Carroll,NH,Passenger,0,1,1,3,4,25.00
July 31 2017,DeKalb,GA,Passenger,1,0,1,87,88,1.14
May 31 2025,Monterey,CA,Truck,1,0,1,26,27,3.70
July 31 2023,Escambia,FL,Passenger,0,1,1,145,146,0.68
June 30 2020,Franklin,WA,Truck,0,0,0,19958,19958,0.00
February 28 2022,Benton,WA,Truck,0,0,0,43594,43594,0.00
August 31 2022,San Luis Obispo,CA,Passenger,1,1,2,69,71,2.82
April 30 2025,Washtenaw,MI,Passenger,0,1,1,17,18,5.56
January 31 2024,Gwinnett,GA,Passenger,1,0,1,53,54,1.85
May 31 2017,Hardin,KY,Passenger,0,1,1,121,122,0.82
July 31 2020,Whatcom,WA,Truck,3,0,3,43132,43135,0.01
December 31 2024,Arapahoe,CO,Passenger,1,1,2,54,56,3.57
February 29 2024,Boulder,CO,Passenger,1,0,1,26,27,3.70
November 30 2021,Kauai,HI,Passenger,1,0,1,25,26,3.85
March 31 2024,Collier,FL,Passenger,1,0,1,12,13,7.69
November 30 2022,Clark,WA,Passenger,4776,1974,6750,314209,320959,2.10
November 30 2021,Chelan,WA,Passenger,401,114,515,54650,55165,0.93
March 31 2017,Stevens,WA,Truck,0,0,0,18293,18293,0.00
July 31 2019,Pend Oreille,WA,Passenger,4,6,10,9525,9535,0.10
April 30 2025,Klickitat,WA,Passenger,285,123,408,15118,15526,2.63
October 31 2020,Cameron,TX,Passenger,1,0,1,25,26,3.85
February 28 2021,Alameda,CA,Passenger,5,0,5,282,287,1.74
December 31 2023,Chelan,WA,Passenger,760,211,971,54232,55203,1.76
January 31 2022,Lincoln,WA,Truck,0,0,0,4825,4825,0.00
February 29 2020,Lincoln,WA,Truck,0,0,0,4652,4652,0.00
February 28 2017,Klickitat,WA,Passenger,20,22,42,14770,14812,0.28
March 31 2024,Franklin,WA,Truck,11,0,11,20872,20883,0.05
February 28 2025,Montgomery,TX,Passenger,1,0,1,16,17,5.88
April 30 2024,Jefferson,WA,Truck,21,0,21,9176,9197,0.23
October 31 2019,Jefferson,CO,Passenger,0,2,2,61,63,3.17
April 30 2020,Thurston,WA,Truck,0,0,0,55421,55421,0.00
September 30 2024,Grays Harbor,WA,Truck,26,0,26,20704,20730,0.13
December 31 2024,Sonoma,CA,Passenger,1,1,2,62,64,3.12
April 30 2023,Doña Ana,NM,Passenger,1,0,1,17,18,5.56
August 31 2020,Ferry,WA,Passenger,7,3,10,4309,4319,0.23
February 28 2025,Orange,FL,Passenger,4,1,5,46,51,9.80
May 31 2023,Fairbanks North Star,AK,Passenger,0,1,1,64,65,1.54
July 31 2019,Powhatan,VA,Passenger,1,0,1,1,2,50.00
January 31 2021,Stevens,WA,Truck,0,0,0,18726,18726,0.00
March 31 2017,Gwinnett,GA,Passenger,0,1,1,89,90,1.11
November 30 2024,New Haven,CT,Passenger,1,2,3,22,25,12.00
July 31 2017,Montgomery,PA,Passenger,1,0,1,40,41,2.44
November 30 2024,Thurston,WA,Passenger,5100,1745,6845,189148,195993,3.49
July 31 2024,Lewis,WA,Truck,18,0,18,25666,25684,0.07
April 30 2023,Travis,TX,Passenger,3,4,7,119,126,5.56
June 30 2023,DuPage,IL,Passenger,5,1,6,42,48,12.50
May 31 2022,Queens,NY,Passenger,1,0,1,54,55,1.82
April 30 2025,Kitsap,WA,Truck,262,0,262,50809,51071,0.51
January 31 2019,Chelan,WA,Passenger,140,64,204,54194,54398,0.38
June 30 2021,Morris,NJ,Passenger,1,0,1,16,17,5.88
April 30 2021,Fulton,GA,Passenger,0,2,2,93,95,2.11
November 30 2021,Washington,MD,Passenger,2,0,2,12,14,14.29
April 30 2021,Mason,WA,Passenger,191,132,323,48048,48371,0.67
October 31 2024,Douglas,CO,Passenger,0,1,1,46,47,2.13
December 31 2019,Chelan,WA,Passenger,201,79,280,54604,54884,0.51
October 31 2018,Pinal,AZ,Passenger,2,0,2,224,226,0.88
November 30 2019,Okanogan,WA,Passenger,27,30,57,26218,26275,0.22
June 30 2018,Sacramento,CA,Passenger,1,1,2,315,317,0.63
April 30 2025,Jackson,MS,Passenger,1,0,1,9,10,10.00
September 30 2021,Walla Walla,WA,Truck,0,0,0,14064,14064,0.00
November 30 2021,Loudoun,VA,Passenger,1,0,1,75,76,1.32
February 28 2019,Bergen,NJ,Passenger,1,0,1,25,26,3.85
September 30 2017,Whitman,WA,Truck,0,0,0,8427,8427,0.00
July 31 2017,Sacramento,CA,Passenger,0,1,1,362,363,0.28
November 30 2024,Isle of Wight,VA,Passenger,0,1,1,15,16,6.25
September 30 2017,Latah,ID,Passenger,0,1,1,95,96,1.04
October 31 2023,Chatham,NC,Passenger,1,0,1,6,7,14.29
December 31 2021,Goochland,VA,Passenger,4,2,6,237,243,2.47
August 31 2024,Shelby,AL,Passenger,1,0,1,2,3,33.33
October 31 2024,Dallas,TX,Truck,1,0,1,11,12,8.33
June 30 2022,Howard,MD,Passenger,0,2,2,70,72,2.78
July 31 2019,Jefferson,WA,Passenger,202,118,320,25040,25360,1.26
January 31 2025,Dakota,MN,Passenger,0,1,1,10,11,9.09
August 31 2018,Pend Oreille,WA,Passenger,5,5,10,9581,9591,0.10
February 28 2025,Franklin,WA,Truck,28,0,28,20906,20934,0.13
May 31 2020,Pierce,WA,Truck,0,0,0,141176,141176,0.00
August 31 2018,Cowlitz,WA,Truck,0,0,0,28603,28603,0.00
January 31 2022,San Juan,WA,Passenger,481,153,634,14152,14786,4.29
April 30 2020,Santa Clara,CA,Passenger,11,2,13,355,368,3.53
February 28 2023,Duval,FL,Passenger,2,1,3,298,301,1.00
January 31 2019,Clark,WA,Passenger,1313,868,2181,311941,314122,0.69
October 31 2022,Lane,OR,Passenger,0,1,1,115,116,0.86
July 31 2023,Collin,TX,Passenger,5,0,5,70,75,6.67
June 30 2020,Kittitas,WA,Truck,0,0,0,14589,14589,0.00
June 30 2018,Montgomery,PA,Passenger,2,0,2,35,37,5.41
December 31 2021,Stevens,WA,Truck,0,0,0,18910,18910,0.00
June 30 2024,Albemarle,VA,Passenger,2,0,2,20,22,9.09
November 30 2018,St. Lucie,FL,Passenger,1,0,1,27,28,3.57
February 29 2020,Pueblo,CO,Passenger,1,0,1,33,34,2.94
October 31 2020,Ada,ID,Passenger,0,1,1,295,296,0.34
March 31 2023,Meade,KY,Passenger,1,0,1,19,20,5.00
January 31 2017,Whatcom,WA,Passenger,383,141,524,141833,142357,0.37
November 30 2018,Jefferson,WA,Passenger,169,104,273,24777,25050,1.09
June 30 2017,Madison,ID,Passenger,1,0,1,37,38,2.63
November 30 2020,Muskogee,OK,Passenger,0,1,1,2,3,33.33
May 31 2024,Kitsap,WA,Truck,139,0,139,51517,51656,0.27
January 31 2024,Stevens,WA,Truck,3,0,3,18648,18651,0.02
October 31 2023,Garfield,WA,Passenger,0,4,4,1292,1296,0.31
June 30 2018,Contra Costa,CA,Passenger,0,1,1,443,444,0.23
November 30 2024,Ferry,WA,Truck,0,0,0,3433,3433,0.00
November 30 2024,Cook,IL,Passenger,1,2,3,177,180,1.67
April 30 2020,Chesapeake,VA,Passenger,0,1,1,436,437,0.23
November 30 2020,Fort Bend,TX,Passenger,1,0,1,45,46,2.17
May 31 2020,Hamilton,IN,Passenger,1,0,1,43,44,2.27
June 30 2020,Jones,GA,Passenger,1,0,1,0,1,100.00
June 30 2018,Howard,MD,Passenger,0,1,1,93,94,1.06
July 31 2017,Orange,CA,Passenger,3,1,4,651,655,0.61
May 31 2022,Sacramento,CA,Passenger,1,1,2,255,257,0.78
October 31 2018,Marion,OR,Passenger,1,0,1,131,132,0.76
March 31 2020,Franklin,WA,Truck,0,0,0,19889,19889,0.00
March 31 2023,Chesterfield,VA,Passenger,1,0,1,45,46,2.17
July 31 2024,Cumberland,NC,Passenger,3,2,5,318,323,1.55
December 31 2024,Beaufort,SC,Passenger,1,0,1,22,23,4.35
September 30 2021,Garfield,WA,Truck,0,0,0,995,995,0.00
August 31 2022,Cumberland,NC,Passenger,1,4,5,379,384,1.30
December 31 2022,Newport News,VA,Passenger,1,0,1,120,121,0.83
June 30 2023,Anne Arundel,MD,Truck,1,0,1,48,49,2.04
July 31 2022,Sevier,AR,Passenger,0,1,1,1,2,50.00
June 30 2017,Clark,WA,Truck,0,0,0,77603,77603,0.00
June 30 2022,Pend Oreille,WA,Truck,0,0,0,5652,5652,0.00
February 28 2021,Wahkiakum,WA,Passenger,8,6,14,3042,3056,0.46
November 30 2020,Multnomah,OR,Passenger,4,6,10,770,780,1.28
April 30 2024,Stafford,VA,Passenger,3,0,3,73,76,3.95
June 30 2018,San Juan,WA,Passenger,145,61,206,14060,14266,1.44
April 30 2023,DeKalb,GA,Passenger,2,0,2,54,56,3.57
March 31 2022,Cook,IL,Passenger,3,0,3,247,250,1.20
June 30 2019,Montgomery,TX,Passenger,2,0,2,68,70,2.86
April 30 2025,El Paso,CO,Truck,1,0,1,114,115,0.87
March 31 2025,Klickitat,WA,Passenger,275,119,394,15169,15563,2.53
September 30 2021,Whitman,WA,Truck,0,0,0,8552,8552,0.00
February 29 2024,Frederick,MD,Passenger,2,1,3,51,54,5.56
May 31 2018,Lincoln,WA,Passenger,2,7,9,7638,7647,0.12
August 31 2021,DuPage,IL,Passenger,3,1,4,59,63,6.35
November 30 2018,Pend Oreille,WA,Passenger,5,5,10,9552,9562,0.10
June 30 2024,Marin,CA,Passenger,3,2,5,35,40,12.50
April 30 2023,Nassau,NY,Passenger,4,0,4,32,36,11.11
March 31 2023,Brown,WI,Passenger,1,0,1,6,7,14.29
February 28 2019,King,WA,Passenger,17518,6758,24276,1378652,1402928,1.73
December 31 2024,Orange,FL,Passenger,4,1,5,48,53,9.43
June 30 2022,Placer,CA,Passenger,2,0,2,87,89,2.25
May 31 2018,Orange,FL,Passenger,2,1,3,184,187,1.60
May 31 2023,New York,NY,Passenger,3,0,3,41,44,6.82
April 30 2024,Duval,FL,Truck,1,0,1,55,56,1.79
October 31 2024,Bergen,NJ,Passenger,1,0,1,6,7,14.29
April 30 2020,Larimer,CO,Passenger,1,0,1,58,59,1.69
March 31 2025,Grays Harbor,WA,Passenger,571,282,853,47302,48155,1.77
December 31 2021,El Paso,TX,Passenger,1,0,1,392,393,0.25
September 30 2022,Columbia,WA,Passenger,8,0,8,2437,2445,0.33
June 30 2019,Pierce,WA,Passenger,1807,1555,3362,542578,545940,0.62
January 31 2017,Klickitat,WA,Truck,0,0,0,7937,7937,0.00
January 31 2025,Pinellas,FL,Passenger,1,0,1,47,48,2.08
March 31 2020,Kittitas,WA,Truck,0,0,0,14619,14619,0.00
March 31 2025,Spokane,WA,Truck,226,0,226,100132,100358,0.23
April 30 2024,Walla Walla,WA,Truck,12,0,12,13626,13638,0.09
September 30 2023,Medina,TX,Passenger,1,0,1,6,7,14.29
February 28 2022,Danville,VA,Passenger,1,0,1,0,1,100.00
May 31 2018,Kittitas,WA,Truck,0,0,0,14023,14023,0.00
February 28 2022,El Paso,TX,Passenger,1,0,1,392,393,0.25
September 30 2017,Eagle,CO,Passenger,1,0,1,8,9,11.11
September 30 2021,Anchorage,AK,Passenger,1,0,1,158,159,0.63
November 30 2018,Douglas,NE,Passenger,0,1,1,69,70,1.43
October 31 2024,Solano,CA,Passenger,4,0,4,144,148,2.70
June 30 2022,Multnomah,OR,Passenger,3,3,6,649,655,0.92
June 30 2024,Williamson,TX,Passenger,2,1,3,72,75,4.00
May 31 2023,Columbia,OR,Passenger,1,0,1,19,20,5.00
October 31 2022,Rockingham,NH,Passenger,2,0,2,19,21,9.52
April 30 2023,Franklin,WA,Truck,4,0,4,20838,20842,0.02
April 30 2024,Anne Arundel,MD,Passenger,4,3,7,298,305,2.30
May 31 2023,Santa Cruz,CA,Passenger,1,0,1,24,25,4.00
January 31 2024,Henrico,VA,Passenger,2,1,3,18,21,14.29
June 30 2017,Franklin,MA,Passenger,0,1,1,4,5,20.00
July 31 2018,Skagit,WA,Passenger,216,171,387,90675,91062,0.42
March 31 2024,Hoke,NC,Passenger,1,0,1,74,75,1.33
March 31 2024,Montgomery,TX,Passenger,1,0,1,28,29,3.45
July 31 2021,Skamania,WA,Truck,0,0,0,4026,4026,0.00
March 31 2023,Mercer,NJ,Passenger,0,1,1,14,15,6.67
May 31 2024,El Paso,CO,Truck,1,0,1,138,139,0.72
September 30 2024,San Luis Obispo,CA,Passenger,0,2,2,40,42,4.76
September 30 2017,Anne Arundel,MD,Passenger,0,1,1,494,495,0.20
January 31 2024,Jefferson,NY,Passenger,2,0,2,181,183,1.09
July 31 2017,San Juan,WA,Passenger,112,39,151,13557,13708,1.10
January 31 2024,Tarrant,TX,Passenger,2,0,2,118,120,1.67
January 31 2022,Pulaski,MO,Passenger,2,0,2,123,125,1.60
March 31 2024,Allen,IN,Passenger,1,1,2,10,12,16.67
January 31 2024,Kootenai,ID,Passenger,2,3,5,127,132,3.79
June 30 2019,Kitsap,WA,Truck,1,0,1,54058,54059,0.00
March 31 2018,Salt Lake,UT,Passenger,1,0,1,248,249,0.40
February 28 2025,Marin,CA,Truck,1,0,1,6,7,14.29
March 31 2019,Charles,MD,Passenger,0,1,1,83,84,1.19
April 30 2025,Allen,IN,Passenger,1,1,2,5,7,28.57
November 30 2019,Garfield,WA,Truck,0,0,0,963,963,0.00
July 31 2023,Middlesex,MA,Passenger,3,0,3,95,98,3.06
January 31 2024,Clark,WA,Truck,154,0,154,80569,80723,0.19
March 31 2018,King,WA,Passenger,11965,5149,17114,1366953,1384067,1.24
February 28 2021,Kittitas,WA,Truck,0,0,0,14695,14695,0.00
July 31 2018,Montgomery,TX,Passenger,1,0,1,68,69,1.45
May 31 2021,Missoula,MT,Passenger,1,0,1,71,72,1.39
June 30 2018,Thurston,WA,Truck,0,0,0,54281,54281,0.00
January 31 2024,El Paso,TX,Passenger,3,2,5,318,323,1.55
February 29 2024,Sedgwick,KS,Passenger,0,1,1,56,57,1.75
July 31 2021,Bucks,PA,Passenger,1,0,1,22,23,4.35
September 30 2019,Multnomah,OR,Passenger,5,6,11,802,813,1.35
February 28 2022,Jefferson,NY,Passenger,1,0,1,205,206,0.49
January 31 2021,Fresno,CA,Passenger,2,0,2,199,201,1.00
May 31 2020,Spartanburg,SC,Passenger,0,1,1,52,53,1.89
March 31 2018,Ada,ID,Passenger,0,2,2,356,358,0.56
December 31 2017,Pinal,AZ,Passenger,2,0,2,226,228,0.88
February 29 2020,San Diego,CA,Passenger,13,4,17,2771,2788,0.61
March 31 2025,York,VA,Passenger,2,0,2,60,62,3.23
April 30 2020,Montgomery,PA,Passenger,1,0,1,34,35,2.86
February 28 2023,Travis,TX,Passenger,3,4,7,121,128,5.47
September 30 2017,Richland,SC,Passenger,0,1,1,185,186,0.54
August 31 2021,Adams,WA,Truck,0,0,0,5410,5410,0.00
February 28 2017,Clark,WA,Passenger,695,434,1129,297856,298985,0.38
October 31 2023,Prince George,VA,Passenger,1,0,1,59,60,1.67
June 30 2020,Kern,CA,Passenger,0,1,1,223,224,0.45
March 31 2019,Benton,WA,Truck,0,0,0,41516,41516,0.00
March 31 2025,Otero,NM,Passenger,0,1,1,16,17,5.88
June 30 2024,Benton,AR,Passenger,1,0,1,20,21,4.76
October 31 2024,Yakima,WA,Truck,24,0,24,60919,60943,0.04
May 31 2024,Cascade,MT,Passenger,0,1,1,38,39,2.56
May 31 2022,Hanover,VA,Passenger,1,0,1,3,4,25.00
July 31 2018,Manatee,FL,Passenger,1,0,1,42,43,2.33
November 30 2023,Laramie,WY,Passenger,1,0,1,32,33,3.03
November 30 2021,Okanogan,WA,Truck,0,0,0,16667,16667,0.00
May 31 2017,Montgomery,MD,Passenger,1,0,1,311,312,0.32
July 31 2021,Howard,MD,Passenger,0,1,1,70,71,1.41
June 30 2022,St. Mary's,MD,Passenger,2,0,2,228,230,0.87
February 28 2018,Columbia,WA,Truck,0,0,0,1535,1535,0.00
July 31 2022,Kitsap,WA,Truck,13,0,13,53198,53211,0.02
July 31 2019,Deschutes,OR,Passenger,3,0,3,172,175,1.71
July 31 2019,Cowlitz,WA,Truck,0,0,0,28854,28854,0.00
May 31 2021,Essex,MA,Passenger,1,0,1,22,23,4.35
July 31 2020,Pierce,WA,Truck,0,0,0,142782,142782,0.00
November 30 2021,Manassas,VA,Passenger,0,1,1,7,8,12.50
September 30 2022,Lake,IL,Passenger,5,0,5,137,142,3.52
November 30 2023,Chatham,NC,Passenger,1,0,1,6,7,14.29
March 31 2020,Charles,MD,Passenger,0,1,1,77,78,1.28
February 28 2021,Loudoun,VA,Passenger,1,0,1,76,77,1.30
April 30 2020,Kittitas,WA,Passenger,101,49,150,29840,29990,0.50
September 30 2023,Lane,OR,Passenger,0,1,1,89,90,1.11
June 30 2024,Essex,NJ,Passenger,2,1,3,8,11,27.27
March 31 2023,Sarpy,NE,Passenger,1,0,1,66,67,1.49
December 31 2018,DeKalb,IN,Passenger,1,0,1,1,2,50.00
February 29 2024,Newport News,VA,Passenger,1,0,1,107,108,0.93
December 31 2018,Lee,AL,Passenger,1,0,1,36,37,2.70
August 31 2020,Thurston,WA,Truck,0,0,0,55886,55886,0.00
February 28 2019,Lincoln,WA,Passenger,3,5,8,7732,7740,0.10
January 31 2019,Stevens,WA,Passenger,18,28,46,31783,31829,0.14
October 31 2020,Lincoln,WA,Truck,0,0,0,4655,4655,0.00
April 30 2018,St. Clair,IL,Passenger,0,1,1,161,162,0.62
January 31 2018,Shelby,TN,Passenger,0,1,1,109,110,0.91
March 31 2024,Marin,CA,Truck,1,0,1,7,8,12.50
July 31 2024,Washington,WI,Passenger,1,0,1,0,1,100.00
February 28 2019,Pueblo,CO,Passenger,1,0,1,35,36,2.78
March 31 2022,Lexington,SC,Passenger,1,0,1,25,26,3.85
December 31 2022,Santa Clara,CA,Passenger,17,6,23,277,300,7.67
March 31 2019,Clark,WA,Passenger,1358,882,2240,311802,314042,0.71
August 31 2024,Galveston,TX,Passenger,1,1,2,20,22,9.09
April 30 2022,Grant,WA,Truck,0,0,0,28047,28047,0.00
January 31 2020,Collin,TX,Passenger,2,1,3,150,153,1.96
March 31 2022,Sacramento,CA,Passenger,1,1,2,258,260,0.77
November 30 2018,Brevard,FL,Passenger,0,1,1,102,103,0.97
May 31 2023,Whatcom,WA,Truck,57,0,57,42675,42732,0.13
December 31 2020,Clallam,WA,Truck,1,0,1,21824,21825,0.00
April 30 2023,Ferry,WA,Passenger,19,4,23,4332,4355,0.53
August 31 2023,Lincoln,OR,Passenger,1,1,2,24,26,7.69
October 31 2021,Washington,WI,Passenger,1,0,1,2,3,33.33
June 30 2019,Flathead,MT,Passenger,1,0,1,72,73,1.37
August 31 2022,Okaloosa,FL,Passenger,0,2,2,111,113,1.77
January 31 2021,El Paso,TX,Passenger,2,0,2,405,407,0.49
March 31 2024,Bay,FL,Passenger,1,0,1,26,27,3.70
November 30 2019,DeKalb,IN,Passenger,1,0,1,1,2,50.00
October 31 2019,Clallam,WA,Truck,1,0,1,21839,21840,0.00
October 31 2023,Sonoma,CA,Passenger,2,1,3,70,73,4.11
March 31 2018,San Juan,WA,Passenger,140,50,190,13928,14118,1.35
July 31 2021,Howard,IN,Passenger,0,1,1,5,6,16.67
September 30 2024,Jefferson,KY,Passenger,1,0,1,33,34,2.94
September 30 2020,Denton,TX,Passenger,1,0,1,103,104,0.96
December 31 2024,Stafford,VA,Passenger,3,0,3,61,64,4.69
January 31 2023,Franklin,WA,Truck,4,0,4,20939,20943,0.02
March 31 2017,Columbia,WA,Truck,0,0,0,1530,1530,0.00
February 28 2022,Goochland,VA,Passenger,5,2,7,227,234,2.99
June 30 2022,Whitman,WA,Passenger,87,60,147,21913,22060,0.67
August 31 2018,Monterey,CA,Passenger,0,2,2,191,193,1.04
January 31 2017,Carroll,NH,Passenger,0,1,1,0,1,100.00
May 31 2020,Norfolk,VA,Passenger,2,2,4,331,335,1.19
June 30 2018,Sedgwick,KS,Passenger,0,1,1,105,106,0.94
August 31 2023,Yakima,WA,Truck,15,0,15,60977,60992,0.02
July 31 2021,St. Mary's,MD,Passenger,1,0,1,231,232,0.43
May 31 2020,Lewis,WA,Passenger,99,110,209,58212,58421,0.36
October 31 2022,Middlesex,MA,Passenger,2,0,2,94,96,2.08
July 31 2022,Nueces,TX,Passenger,1,0,1,70,71,1.41
August 31 2018,Utah,UT,Passenger,0,1,1,156,157,0.64
April 30 2023,Adams,WA,Truck,2,0,2,5332,5334,0.04
March 31 2025,Orange,NY,Passenger,1,1,2,34,36,5.56
August 31 2018,Grant,WA,Passenger,34,49,83,63534,63617,0.13
December 31 2020,Manassas,VA,Passenger,0,1,1,6,7,14.29
December 31 2017,Dale,AL,Passenger,0,1,1,63,64,1.56
June 30 2019,Hawaii,HI,Passenger,1,0,1,67,68,1.47
February 28 2023,Whitman,WA,Passenger,124,70,194,21897,22091,0.88
November 30 2022,Stevens,WA,Passenger,87,56,143,29912,30055,0.48
March 31 2025,District of Columbia,DC,Truck,1,0,1,13,14,7.14
March 31 2023,San Bernardino,CA,Passenger,3,1,4,371,375,1.07
January 31 2025,Newport,RI,Truck,1,0,1,9,10,10.00
April 30 2019,Montgomery,TX,Passenger,2,0,2,66,68,2.94
March 31 2025,Henrico,VA,Passenger,0,2,2,11,13,15.38
December 31 2018,Shelby,TN,Passenger,0,1,1,106,107,0.93
July 31 2021,Alexandria,VA,Passenger,3,0,3,125,128,2.34
October 31 2022,Rockdale,GA,Passenger,1,0,1,9,10,10.00
January 31 2018,Whitman,WA,Truck,0,0,0,8473,8473,0.00
June 30 2017,Cowlitz,WA,Truck,0,0,0,27909,27909,0.00
April 30 2022,Grant,WA,Passenger,159,97,256,66783,67039,0.38
November 30 2023,Will,IL,Passenger,0,1,1,16,17,5.88
March 31 2018,Franklin,WA,Passenger,34,55,89,57183,57272,0.16
December 31 2019,Alameda,CA,Passenger,4,1,5,309,314,1.59
April 30 2024,Howard,MD,Passenger,0,2,2,59,61,3.28
May 31 2023,Texas,MO,Passenger,1,0,1,2,3,33.33
October 31 2017,Mason,WA,Truck,0,0,0,19466,19466,0.00
January 31 2025,Norfolk,VA,Passenger,0,1,1,218,219,0.46
April 30 2019,Berkshire,MA,Passenger,0,1,1,6,7,14.29
February 28 2022,Kootenai,ID,Passenger,1,2,3,198,201,1.49
February 28 2025,Williamson,TX,Passenger,2,0,2,58,60,3.33
August 31 2021,Meade,KY,Passenger,1,0,1,25,26,3.85
May 31 2025,Grays Harbor,WA,Truck,28,0,28,20004,20032,0.14
February 28 2021,Ventura,CA,Passenger,1,2,3,306,309,0.97
October 31 2020,Whitman,WA,Truck,0,0,0,8484,8484,0.00
May 31 2023,Ray,MO,Passenger,0,1,1,1,2,50.00
March 31 2019,Pierce,WA,Passenger,1635,1456,3091,538976,542067,0.57
June 30 2023,Kitsap,WA,Truck,76,0,76,52129,52205,0.15
June 30 2018,Thurston,WA,Passenger,570,480,1050,192847,193897,0.54
November 30 2023,Contra Costa,CA,Passenger,3,1,4,170,174,2.30
November 30 2020,St. Mary's,MD,Passenger,1,0,1,234,235,0.43
November 30 2021,Salt Lake,UT,Passenger,1,1,2,199,201,1.00
November 30 2020,Alexandria,VA,Passenger,3,0,3,135,138,2.17
May 31 2022,Mercer,NJ,Passenger,0,1,1,13,14,7.14
April 30 2017,San Mateo,CA,Passenger,0,1,1,160,161,0.62
June 30 2023,Lake,IL,Passenger,7,0,7,134,141,4.96
May 31 2024,Meade,KY,Passenger,1,0,1,18,19,5.26
August 31 2017,Hamilton,IN,Passenger,1,0,1,58,59,1.69
January 31 2024,Richmond,GA,Passenger,0,1,1,60,61,1.64
April 30 2021,Lewis,WA,Passenger,146,137,283,59731,60014,0.47
November 30 2022,Stevens,WA,Truck,2,0,2,18797,18799,0.01
May 31 2018,King,WA,Truck,7,1,8,183053,183061,0.00
April 30 2024,Wise,TX,Passenger,2,0,2,5,7,28.57
July 31 2020,Spartanburg,SC,Passenger,0,1,1,51,52,1.92
June 30 2023,Polk,OR,Passenger,1,1,2,23,25,8.00
July 31 2021,Whitman,WA,Passenger,61,49,110,21888,21998,0.50
January 31 2022,Ferry,WA,Truck,0,0,0,3578,3578,0.00
March 31 2020,Asotin,WA,Truck,0,0,0,6665,6665,0.00
September 30 2023,Okaloosa,FL,Passenger,0,2,2,103,105,1.90
April 30 2018,Sedgwick,KS,Passenger,0,1,1,105,106,0.94
June 30 2017,Deschutes,OR,Passenger,1,0,1,208,209,0.48
August 31 2022,Miami-Dade,FL,Passenger,1,0,1,99,100,1.00
March 31 2025,Weld,CO,Passenger,1,0,1,14,15,6.67
March 31 2021,Benton,WA,Truck,0,0,0,43501,43501,0.00
January 31 2022,Contra Costa,CA,Passenger,1,4,5,244,249,2.01
June 30 2019,Kent,MI,Passenger,0,1,1,26,27,3.70
March 31 2020,Kern,CA,Passenger,0,1,1,221,222,0.45
March 31 2025,St. Charles,MO,Passenger,1,0,1,23,24,4.17
May 31 2019,Williamson,TX,Passenger,0,1,1,168,169,0.59
December 31 2017,Adams,WA,Truck,0,0,0,5125,5125,0.00
August 31 2019,Lewis,WA,Truck,0,0,0,25978,25978,0.00
June 30 2020,Clark,WA,Truck,0,0,0,82169,82169,0.00
March 31 2020,Duval,FL,Passenger,0,2,2,373,375,0.53
August 31 2017,Lane,OR,Passenger,0,1,1,229,230,0.43
March 31 2024,Jefferson,WA,Passenger,690,291,981,23988,24969,3.93
June 30 2024,Berkeley,SC,Passenger,2,0,2,102,104,1.92
November 30 2019,Island,WA,Truck,1,0,1,21288,21289,0.00
September 30 2020,Saginaw,MI,Passenger,1,0,1,10,11,9.09
December 31 2022,Clark,WA,Passenger,4914,2023,6937,314043,320980,2.16
November 30 2019,Harrison,MS,Passenger,1,0,1,60,61,1.64
February 28 2022,DeKalb,GA,Passenger,1,0,1,66,67,1.49
July 31 2023,Larimer,CO,Passenger,1,0,1,45,46,2.17
February 29 2024,Washtenaw,MI,Passenger,0,2,2,27,29,6.90
November 30 2020,Grays Harbor,WA,Passenger,122,117,239,48515,48754,0.49
June 30 2020,RÃ­o Grande,PR,Passenger,1,0,1,0,1,100.00
September 30 2018,San Francisco,CA,Passenger,1,2,3,120,123,2.44
September 30 2022,Medina,TX,Passenger,1,0,1,9,10,10.00
March 31 2017,Orange,FL,Passenger,1,1,2,159,161,1.24
November 30 2020,Morris,NJ,Passenger,1,0,1,17,18,5.56
April 30 2017,Yakima,WA,Truck,0,0,0,57207,57207,0.00
August 31 2020,Harrison,MS,Passenger,1,0,1,51,52,1.92
June 30 2024,Weld,CO,Passenger,1,0,1,16,17,5.88
February 28 2019,Denver,CO,Passenger,1,0,1,141,142,0.70
November 30 2020,Charles,MD,Passenger,1,1,2,76,78,2.56
August 31 2024,Chelan,WA,Passenger,916,264,1180,54102,55282,2.13
September 30 2019,Asotin,WA,Passenger,12,8,20,12624,12644,0.16
June 30 2022,Autauga,AL,Passenger,1,0,1,14,15,6.67
January 31 2024,Montgomery,AL,Passenger,1,1,2,30,32,6.25
November 30 2021,Whatcom,WA,Passenger,1611,658,2269,149961,152230,1.49
February 28 2022,Penobscot,ME,Passenger,0,2,2,8,10,20.00
July 31 2017,Fresno,CA,Passenger,1,0,1,224,225,0.44
June 30 2017,DeKalb,GA,Passenger,1,0,1,88,89,1.12
September 30 2022,Alexandria,VA,Passenger,4,0,4,117,121,3.31
March 31 2022,Benton,WA,Truck,1,0,1,43561,43562,0.00
October 31 2018,Clay,FL,Passenger,0,1,1,97,98,1.02
December 31 2024,New York,NY,Passenger,4,0,4,27,31,12.90
October 31 2023,Grant,WA,Passenger,347,153,500,67191,67691,0.74
August 31 2021,Okaloosa,FL,Passenger,0,1,1,127,128,0.78
March 31 2022,Los Angeles,CA,Passenger,6,7,13,934,947,1.37
February 29 2024,Geary,KS,Truck,1,0,1,23,24,4.17
September 30 2023,Bexar,TX,Passenger,4,3,7,430,437,1.60
August 31 2023,St. Lawrence,NY,Passenger,1,1,2,5,7,28.57
July 31 2024,Essex,NJ,Passenger,2,1,3,8,11,27.27
December 31 2023,Richmond,VA,Passenger,1,0,1,11,12,8.33
February 28 2023,Whatcom,WA,Truck,44,0,44,42848,42892,0.10
November 30 2017,Ramsey,MN,Passenger,1,0,1,41,42,2.38
January 31 2022,Fairbanks North Star,AK,Passenger,0,1,1,85,86,1.16
August 31 2023,Hamilton,OH,Truck,1,0,1,3,4,25.00
April 30 2025,San Diego,CA,Passenger,26,8,34,1731,1765,1.93
July 31 2017,Allegheny,PA,Passenger,1,0,1,91,92,1.09
July 31 2023,Sarpy,NE,Passenger,1,1,2,63,65,3.08
August 31 2021,Prince William,VA,Passenger,1,3,4,210,214,1.87
February 28 2019,Cascade,MT,Passenger,0,1,1,64,65,1.54
March 31 2025,Harnett,NC,Passenger,2,1,3,119,122,2.46
May 31 2022,Spartanburg,SC,Passenger,0,1,1,41,42,2.38
June 30 2018,Island,WA,Passenger,197,189,386,62451,62837,0.61
November 30 2022,Travis,TX,Passenger,3,2,5,125,130,3.85
September 30 2021,Los Angeles,CA,Passenger,8,9,17,967,984,1.73
April 30 2024,Goochland,VA,Passenger,3,0,3,69,72,4.17
November 30 2019,Fairfax,VA,Passenger,5,1,6,768,774,0.78
July 31 2019,Owyhee,ID,Passenger,1,0,1,5,6,16.67
April 30 2018,Fairfax,VA,Passenger,3,1,4,835,839,0.48
November 30 2019,Harford,MD,Passenger,0,1,1,65,66,1.52
October 31 2022,Lewis,WA,Passenger,259,182,441,59750,60191,0.73
September 30 2023,Whitman,WA,Truck,5,0,5,8652,8657,0.06
March 31 2017,Mercer,NJ,Passenger,0,1,1,19,20,5.00
January 31 2025,San Francisco,CA,Passenger,2,1,3,57,60,5.00
January 31 2021,Sacramento,CA,Passenger,2,1,3,268,271,1.11
April 30 2020,Greene,MO,Passenger,0,1,1,38,39,2.56
July 31 2017,Carroll,NH,Passenger,0,1,1,1,2,50.00
May 31 2021,Wahkiakum,WA,Passenger,13,7,20,3108,3128,0.64
July 31 2018,San Diego,CA,Passenger,7,2,9,2573,2582,0.35
September 30 2019,Pierce,WA,Passenger,1965,1601,3566,544907,548473,0.65
June 30 2023,Middlesex,NJ,Passenger,1,0,1,21,22,4.55
January 31 2024,Asotin,WA,Truck,0,0,0,6558,6558,0.00
March 31 2022,Moore,NC,Passenger,0,1,1,139,140,0.71
September 30 2024,Clay,FL,Passenger,1,0,1,63,64,1.56
December 31 2024,Kootenai,ID,Passenger,2,3,5,81,86,5.81
May 31 2023,Larimer,CO,Passenger,1,0,1,47,48,2.08
August 31 2021,Pacific,WA,Truck,0,0,0,7965,7965,0.00
September 30 2024,Alameda,CA,Passenger,8,1,9,173,182,4.95
July 31 2021,Fulton,GA,Passenger,0,1,1,96,97,1.03
January 31 2025,Ferry,WA,Passenger,30,6,36,4183,4219,0.85
September 30 2024,Salt Lake,UT,Passenger,2,0,2,110,112,1.79
December 31 2023,Mohave,AZ,Passenger,1,0,1,53,54,1.85
October 31 2021,Duval,FL,Passenger,0,2,2,350,352,0.57
July 31 2021,Sarasota,FL,Passenger,2,0,2,43,45,4.44
August 31 2017,Missoula,MT,Passenger,1,0,1,71,72,1.39
February 29 2020,Maricopa,AZ,Passenger,10,9,19,1700,1719,1.11
June 30 2022,Cowlitz,WA,Passenger,334,172,506,70608,71114,0.71
January 31 2018,Pierce,WA,Truck,0,0,0,137088,137088,0.00
February 28 2018,Garfield,WA,Truck,0,0,0,940,940,0.00
November 30 2023,Portsmouth,VA,Passenger,0,3,3,67,70,4.29
November 30 2020,Bradley,TN,Passenger,1,0,1,0,1,100.00
December 31 2022,Charleston,SC,Passenger,1,2,3,68,71,4.23
February 28 2023,Washington,WI,Passenger,1,0,1,1,2,50.00
September 30 2019,Skagit,WA,Passenger,317,210,527,92467,92994,0.57
June 30 2023,Tarrant,TX,Passenger,2,0,2,116,118,1.69
June 30 2020,Denton,TX,Passenger,1,0,1,106,107,0.93
December 31 2022,San Luis Obispo,CA,Passenger,1,1,2,66,68,2.94
June 30 2023,Pulaski,AR,Passenger,3,0,3,29,32,9.38
November 30 2020,Columbia,OR,Passenger,1,0,1,26,27,3.70
May 31 2017,Clark,WA,Passenger,770,489,1259,298711,299970,0.42
November 30 2020,Clallam,WA,Truck,1,0,1,21776,21777,0.00
February 28 2025,Grays Harbor,WA,Truck,28,0,28,20547,20575,0.14
August 31 2021,Jefferson,WA,Passenger,349,185,534,24812,25346,2.11
January 31 2022,Escambia,FL,Passenger,0,1,1,155,156,0.64
January 31 2020,Jefferson,CO,Passenger,0,2,2,62,64,3.12
February 28 2022,Garfield,WA,Truck,0,0,0,996,996,0.00
September 30 2022,Contra Costa,CA,Passenger,0,2,2,222,224,0.89
November 30 2024,Chesterfield,VA,Passenger,1,0,1,38,39,2.56
May 31 2018,Douglas,WA,Passenger,44,31,75,27536,27611,0.27
May 31 2020,St. Mary's,MD,Passenger,1,0,1,228,229,0.44
November 30 2022,Okanogan,WA,Truck,2,0,2,16441,16443,0.01
March 31 2023,Cook,IL,Passenger,3,1,4,223,227,1.76
December 31 2019,Maui,HI,Passenger,2,0,2,40,42,4.76
September 30 2022,Sussex,NJ,Passenger,1,0,1,2,3,33.33
February 29 2024,Otero,NM,Passenger,0,1,1,21,22,4.55
July 31 2024,Kane,IL,Passenger,1,0,1,7,8,12.50
September 30 2021,Onslow,NC,Passenger,0,1,1,166,167,0.60
August 31 2017,Jefferson,WA,Passenger,112,64,176,23942,24118,0.73
July 31 2022,Montgomery,MD,Passenger,3,2,5,218,223,2.24
July 31 2021,Lake,IL,Passenger,3,0,3,168,171,1.75
November 30 2024,Mercer,NJ,Passenger,0,1,1,6,7,14.29
August 31 2019,Jefferson,NY,Passenger,0,1,1,212,213,0.47
May 31 2020,Arapahoe,CO,Passenger,1,0,1,141,142,0.70
May 31 2019,Ada,ID,Passenger,0,2,2,334,336,0.60
February 28 2025,Clark,WA,Truck,339,0,339,80554,80893,0.42
June 30 2023,Camden,NJ,Passenger,0,1,1,12,13,7.69
August 31 2021,Sumter,SC,Passenger,0,1,1,34,35,2.86
March 31 2023,Denton,TX,Passenger,2,0,2,71,73,2.74
August 31 2023,Columbia,OR,Passenger,1,0,1,18,19,5.26
May 31 2022,Douglas,NE,Passenger,1,2,3,51,54,5.56
June 30 2019,Deschutes,OR,Passenger,3,0,3,173,176,1.70
January 31 2024,Providence,RI,Passenger,1,0,1,17,18,5.56
August 31 2024,Allen,IN,Passenger,1,1,2,6,8,25.00
July 31 2024,Yolo,CA,Passenger,3,0,3,25,28,10.71
December 31 2022,Columbia,OR,Passenger,1,0,1,19,20,5.00
August 31 2017,Pacific,WA,Truck,0,0,0,7512,7512,0.00
September 30 2021,Monterey,CA,Passenger,1,2,3,167,170,1.76
September 30 2019,Broward,FL,Passenger,2,1,3,130,133,2.26
August 31 2019,Greene,MO,Passenger,0,1,1,38,39,2.56
January 31 2020,Orange,CA,Passenger,8,2,10,554,564,1.77
May 31 2018,Moore,NC,Passenger,0,1,1,196,197,0.51
May 31 2022,Saratoga,NY,Passenger,1,0,1,50,51,1.96
March 31 2020,Rogers,OK,Passenger,1,0,1,11,12,8.33
January 31 2020,Montgomery,TX,Passenger,1,0,1,64,65,1.54
May 31 2021,Charles,MD,Passenger,1,1,2,71,73,2.74
April 30 2020,Whatcom,WA,Passenger,1058,488,1546,149990,151536,1.02
October 31 2023,Yuba,CA,Passenger,1,0,1,54,55,1.82
November 30 2024,Anne Arundel,MD,Truck,1,0,1,38,39,2.56
September 30 2020,Salt Lake,UT,Passenger,1,1,2,204,206,0.97
November 30 2017,Montgomery,MD,Passenger,1,0,1,310,311,0.32
November 30 2024,Manassas,VA,Passenger,1,0,1,6,7,14.29
March 31 2025,Baltimore,MD,Passenger,1,0,1,59,60,1.67
October 31 2022,DuPage,IL,Passenger,4,1,5,51,56,8.93
September 30 2021,Vigo,IN,Passenger,1,0,1,5,6,16.67
April 30 2017,Ferry,WA,Passenger,2,1,3,4398,4401,0.07
April 30 2024,Allegheny,PA,Passenger,4,0,4,60,64,6.25
July 31 2022,Alexandria,VA,Passenger,4,0,4,122,126,3.17
August 31 2024,Hunt,TX,Passenger,1,0,1,4,5,20.00
May 31 2021,Clallam,WA,Truck,1,0,1,21985,21986,0.00
December 31 2018,Douglas,NE,Passenger,0,1,1,70,71,1.41
November 30 2023,St. Louis,MO,Passenger,1,0,1,60,61,1.64
November 30 2019,New York,NY,Passenger,2,0,2,73,75,2.67
January 31 2024,Salt Lake,UT,Passenger,5,1,6,125,131,4.58
July 31 2023,Suffolk,VA,Passenger,1,0,1,112,113,0.88
February 28 2022,Sonoma,CA,Passenger,0,1,1,93,94,1.06
April 30 2025,Hudson,NJ,Passenger,1,0,1,16,17,5.88
December 31 2022,Santa Cruz,AZ,Passenger,1,0,1,6,7,14.29
April 30 2019,Lumpkin,GA,Passenger,1,0,1,6,7,14.29
April 30 2017,Lee,AL,Passenger,1,0,1,35,36,2.78
April 30 2023,Spokane,WA,Truck,33,0,33,101407,101440,0.03
September 30 2019,Portsmouth,VA,Passenger,0,1,1,79,80,1.25
March 31 2021,Franklin,WA,Passenger,100,88,188,61618,61806,0.30
March 31 2023,Essex,MA,Passenger,1,0,1,17,18,5.56
April 30 2022,Whitman,WA,Truck,0,0,0,8572,8572,0.00
July 31 2020,Stafford,VA,Passenger,1,1,2,99,101,1.98
August 31 2023,Tooele,UT,Passenger,1,0,1,12,13,7.69
February 28 2018,Bexar,TX,Passenger,2,2,4,812,816,0.49
September 30 2018,Cook,IL,Passenger,1,0,1,269,270,0.37
August 31 2022,Mercer,NJ,Passenger,0,1,1,13,14,7.14
January 31 2023,Douglas,WA,Truck,5,0,5,12858,12863,0.04
May 31 2017,Orange,FL,Passenger,1,1,2,153,155,1.29
March 31 2017,Kitsap,WA,Truck,1,0,1,52309,52310,0.00
April 30 2024,Monterey,CA,Passenger,1,5,6,131,137,4.38
July 31 2020,Montgomery,AL,Passenger,1,1,2,39,41,4.88
September 30 2018,Okanogan,WA,Passenger,10,20,30,26040,26070,0.12
April 30 2024,Cuyahoga,OH,Passenger,1,0,1,50,51,1.96
September 30 2021,Grays Harbor,WA,Passenger,183,150,333,49431,49764,0.67
January 31 2021,Okanogan,WA,Passenger,54,36,90,26113,26203,0.34
August 31 2018,Santa Fe,NM,Passenger,0,1,1,47,48,2.08
December 31 2018,Santa Cruz,CA,Passenger,1,0,1,43,44,2.27
June 30 2023,Boulder,CO,Passenger,2,0,2,38,40,5.00
December 31 2023,Will,IL,Passenger,0,1,1,16,17,5.88
April 30 2022,Owyhee,ID,Passenger,1,0,1,2,3,33.33
December 31 2023,Yuba,CA,Passenger,1,0,1,51,52,1.92
February 29 2020,Lake,IL,Passenger,1,0,1,173,174,0.57
May 31 2025,Alameda,CA,Passenger,7,1,8,144,152,5.26
June 30 2022,Portsmouth,VA,Passenger,0,1,1,80,81,1.23
October 31 2019,Middlesex,MA,Passenger,1,0,1,108,109,0.92
April 30 2018,Manatee,FL,Passenger,1,0,1,42,43,2.33
January 31 2024,Solano,CA,Passenger,4,0,4,158,162,2.47
April 30 2022,St. Louis,MO,Passenger,2,0,2,77,79,2.53
September 30 2023,Sonoma,CA,Passenger,3,1,4,72,76,5.26
February 29 2024,Snohomish,WA,Passenger,17144,3762,20906,525063,545969,3.83
February 28 2025,Frederick,MD,Passenger,1,2,3,44,47,6.38
March 31 2019,Ada,ID,Passenger,0,2,2,331,333,0.60
July 31 2018,Ramsey,MN,Passenger,1,0,1,45,46,2.17
April 30 2017,Skamania,WA,Truck,0,0,0,3872,3872,0.00
October 31 2018,Tulsa,OK,Passenger,1,0,1,55,56,1.79
August 31 2023,San Luis Obispo,CA,Passenger,1,1,2,55,57,3.51
April 30 2020,Mason,WA,Truck,0,0,0,20516,20516,0.00
November 30 2018,Williamson,TX,Passenger,0,1,1,173,174,0.57
October 31 2021,Sedgwick,KS,Passenger,0,1,1,87,88,1.14
September 30 2024,Bergen,NJ,Passenger,1,0,1,7,8,12.50
October 31 2023,St. Louis,MN,Passenger,0,1,1,4,5,20.00
November 30 2019,Columbia,WA,Passenger,3,2,5,2444,2449,0.20
October 31 2022,Ulster,NY,Passenger,1,0,1,11,12,8.33
August 31 2018,Eagle,CO,Passenger,1,0,1,5,6,16.67
March 31 2024,Douglas,WA,Truck,11,0,11,13028,13039,0.08
August 31 2023,Douglas,NE,Passenger,2,1,3,29,32,9.38
August 31 2020,Pierce,WA,Passenger,2515,1704,4219,551701,555920,0.76
May 31 2023,Marion,OR,Passenger,1,0,1,97,98,1.02
July 31 2021,Harris,TX,Passenger,1,1,2,248,250,0.80
November 30 2017,Pend Oreille,WA,Truck,0,0,0,5593,5593,0.00
July 31 2020,Kern,CA,Passenger,0,1,1,222,223,0.45
November 30 2021,Lee,FL,Passenger,1,0,1,46,47,2.13
December 31 2024,Pacific,WA,Passenger,136,129,265,15535,15800,1.68
June 30 2023,Liberty,GA,Passenger,0,1,1,106,107,0.93
February 28 2022,Wilson,TX,Passenger,0,1,1,3,4,25.00
November 30 2018,Travis,TX,Passenger,1,1,2,218,220,0.91
December 31 2019,Dallas,TX,Passenger,1,0,1,220,221,0.45
September 30 2023,Collier,FL,Passenger,1,0,1,17,18,5.56
October 31 2023,Richmond,VA,Passenger,1,0,1,12,13,7.69
December 31 2021,Hanover,VA,Passenger,1,0,1,3,4,25.00
July 31 2019,Montgomery,PA,Passenger,2,0,2,40,42,4.76
October 31 2024,Dakota,MN,Passenger,0,1,1,10,11,9.09
February 28 2021,Montgomery,MD,Passenger,1,0,1,248,249,0.40
January 31 2025,Falls Church,VA,Passenger,1,0,1,6,7,14.29
May 31 2025,Orange,CA,Passenger,7,2,9,251,260,3.46
January 31 2019,Sedgwick,KS,Passenger,0,1,1,106,107,0.93
November 30 2020,Harris,TX,Passenger,1,0,1,278,279,0.36
July 31 2020,Anne Arundel,MD,Passenger,0,1,1,409,410,0.24
April 30 2023,Richmond,GA,Passenger,0,1,1,62,63,1.59
May 31 2018,Carroll,NH,Passenger,0,1,1,1,2,50.00
August 31 2020,Chelan,WA,Passenger,248,81,329,54155,54484,0.60
December 31 2019,New Haven,CT,Passenger,0,2,2,44,46,4.35
May 31 2021,Montgomery,TX,Passenger,2,1,3,56,59,5.08
June 30 2017,El Paso,CO,Passenger,2,1,3,822,825,0.36
December 31 2023,Forsyth,GA,Passenger,1,0,1,12,13,7.69
November 30 2020,Wahkiakum,WA,Passenger,6,6,12,3037,3049,0.39
May 31 2022,Columbia,GA,Passenger,0,1,1,105,106,0.94
May 31 2021,Salt Lake,UT,Passenger,1,1,2,210,212,0.94
November 30 2023,Island,WA,Passenger,1271,465,1736,60541,62277,2.79
October 31 2019,Cochise,AZ,Passenger,0,1,1,111,112,0.89
August 31 2024,Klickitat,WA,Passenger,224,93,317,15141,15458,2.05
January 31 2019,Douglas,CO,Passenger,1,0,1,90,91,1.10
December 31 2023,New Haven,CT,Passenger,1,2,3,26,29,10.34
January 31 2019,Washington,OR,Passenger,0,1,1,497,498,0.20
December 31 2021,Honolulu,HI,Passenger,4,5,9,438,447,2.01
August 31 2018,Montgomery,TX,Passenger,2,0,2,67,69,2.90
November 30 2023,Klickitat,WA,Passenger,175,70,245,15051,15296,1.60
November 30 2020,Lewis,WA,Truck,0,0,0,26548,26548,0.00
September 30 2020,Montgomery,TX,Passenger,1,0,1,56,57,1.75
May 31 2023,Nassau,NY,Passenger,4,0,4,32,36,11.11
December 31 2023,Placer,CA,Passenger,2,0,2,77,79,2.53
April 30 2018,Spokane,WA,Passenger,318,287,605,301778,302383,0.20
December 31 2023,Clark,WA,Truck,150,0,150,80759,80909,0.19
September 30 2022,Juneau,AK,Passenger,0,1,1,34,35,2.86
November 30 2022,King,WA,Passenger,46915,12032,58947,1335924,1394871,4.23
August 31 2023,Maricopa,AZ,Passenger,15,6,21,969,990,2.12
July 31 2018,Hardin,KY,Passenger,0,1,1,120,121,0.83
February 28 2019,Randolph,NC,Passenger,1,0,1,5,6,16.67
December 31 2024,Pacific,WA,Truck,15,0,15,7750,7765,0.19
April 30 2017,Essex,MA,Passenger,1,0,1,27,28,3.57
February 28 2019,Tarrant,TX,Passenger,2,0,2,220,222,0.90
March 31 2017,Wahkiakum,WA,Passenger,0,2,2,2849,2851,0.07
April 30 2019,Brevard,FL,Passenger,0,1,1,93,94,1.06
June 30 2022,Bristol,MA,Passenger,1,0,1,13,14,7.14
September 30 2020,Garfield,WA,Passenger,0,1,1,1349,1350,0.07
February 28 2017,San Diego,CA,Passenger,4,1,5,2818,2823,0.18
December 31 2019,Skamania,WA,Truck,0,0,0,4099,4099,0.00
September 30 2020,Jefferson,CO,Passenger,0,1,1,59,60,1.67
November 30 2021,Henrico,VA,Passenger,0,1,1,21,22,4.55
June 30 2024,Pima,AZ,Passenger,2,0,2,192,194,1.03
May 31 2021,Manassas,VA,Passenger,0,1,1,7,8,12.50
December 31 2017,Sumter,FL,Passenger,0,1,1,10,11,9.09
March 31 2020,Columbia,WA,Truck,0,0,0,1533,1533,0.00
December 31 2018,Moore,NC,Passenger,0,1,1,191,192,0.52
February 28 2017,Dallas,TX,Passenger,1,0,1,216,217,0.46
January 31 2023,Okaloosa,FL,Passenger,0,3,3,108,111,2.70
December 31 2024,Miami-Dade,FL,Passenger,2,0,2,63,65,3.08
August 31 2020,Broward,FL,Passenger,2,1,3,112,115,2.61
September 30 2020,Lewis,WA,Passenger,111,119,230,58280,58510,0.39
September 30 2020,Kitsap,WA,Truck,0,0,0,54119,54119,0.00
March 31 2022,Lake,IL,Passenger,5,0,5,155,160,3.12
October 31 2022,Hamilton,OH,Passenger,1,0,1,48,49,2.04
January 31 2022,Stevens,WA,Passenger,58,47,105,30123,30228,0.35
January 31 2024,Hoke,NC,Passenger,1,0,1,76,77,1.30
November 30 2022,Wise,TX,Passenger,2,0,2,9,11,18.18
November 30 2024,Nueces,TX,Passenger,2,0,2,51,53,3.77
August 31 2024,Hartford,CT,Passenger,1,0,1,18,19,5.26
June 30 2019,St. Mary's,MD,Passenger,1,0,1,221,222,0.45
August 31 2020,Skagit,WA,Passenger,433,222,655,91154,91809,0.71
February 28 2022,Williamson,TX,Passenger,1,2,3,128,131,2.29
November 30 2024,Macomb,MI,Passenger,4,0,4,18,22,18.18
March 31 2025,Albemarle,VA,Passenger,2,0,2,17,19,10.53
July 31 2021,Snohomish,WA,Truck,1,0,1,126077,126078,0.00
April 30 2019,,,Passenger,4,2,6,428,434,1.38
July 31 2017,Clark,WA,Passenger,795,517,1312,299863,301175,0.44
April 30 2025,Monterey,CA,Truck,1,0,1,26,27,3.70
January 31 2023,Rockdale,GA,Passenger,1,0,1,9,10,10.00
May 31 2021,New London,CT,Passenger,1,2,3,225,228,1.32
March 31 2021,San Juan,WA,Truck,0,0,0,5877,5877,0.00
March 31 2022,Douglas,NE,Passenger,1,2,3,54,57,5.26
April 30 2024,Tooele,UT,Passenger,2,0,2,10,12,16.67
September 30 2020,Mercer,NJ,Passenger,0,1,1,13,14,7.14
July 31 2024,Spotsylvania,VA,Passenger,1,1,2,25,27,7.41
August 31 2018,Kitsap,WA,Passenger,827,488,1315,179216,180531,0.73
February 29 2024,Lewis,WA,Passenger,416,326,742,58613,59355,1.25
April 30 2019,Palm Beach,FL,Passenger,0,2,2,96,98,2.04
January 31 2023,Palm Beach,FL,Passenger,3,1,4,55,59,6.78
May 31 2025,Kitsap,WA,Truck,265,0,265,50136,50401,0.53
August 31 2020,Skagit,WA,Truck,1,0,1,32610,32611,0.00
December 31 2024,Stevens,WA,Truck,8,0,8,18587,18595,0.04
May 31 2020,Honolulu,HI,Passenger,4,2,6,497,503,1.19
February 28 2023,Cowlitz,WA,Passenger,426,191,617,70050,70667,0.87
November 30 2021,Frederick,MD,Passenger,1,1,2,70,72,2.78
September 30 2022,Douglas,WA,Passenger,147,61,208,28417,28625,0.73
May 31 2017,Alameda,CA,Passenger,1,1,2,375,377,0.53
March 31 2023,Skamania,WA,Passenger,97,53,150,8104,8254,1.82
October 31 2023,Moore,NC,Passenger,0,1,1,128,129,0.78
July 31 2019,Virginia Beach,VA,Passenger,1,0,1,714,715,0.14
April 30 2025,Talladega,AL,Passenger,0,1,1,1,2,50.00
November 30 2024,Pettis,MO,Passenger,1,0,1,3,4,25.00
March 31 2021,Anne Arundel,MD,Passenger,2,1,3,396,399,0.75
July 31 2021,Arlington,VA,Passenger,1,1,2,155,157,1.27
October 31 2023,Onslow,NC,Passenger,0,1,1,146,147,0.68
June 30 2024,Fresno,CA,Passenger,1,1,2,137,139,1.44
April 30 2020,Grays Harbor,WA,Truck,0,0,0,20719,20719,0.00
November 30 2017,Yakima,WA,Passenger,57,73,130,161580,161710,0.08
September 30 2021,Carroll,NH,Passenger,0,1,1,3,4,25.00
June 30 2021,Williamson,TX,Passenger,0,2,2,145,147,1.36
September 30 2023,Ventura,CA,Passenger,3,2,5,251,256,1.95
October 31 2020,Klickitat,WA,Truck,0,0,0,8078,8078,0.00
August 31 2017,Palm Beach,FL,Passenger,0,2,2,101,103,1.94
May 31 2019,Mecklenburg,NC,Passenger,1,0,1,93,94,1.06
July 31 2022,Skamania,WA,Passenger,76,47,123,8131,8254,1.49
January 31 2023,Collin,TX,Passenger,5,0,5,87,92,5.43
May 31 2021,Mercer,NJ,Passenger,0,1,1,10,11,9.09
April 30 2024,Plaquemines,LA,Passenger,1,1,2,18,20,10.00
July 31 2022,Lee,FL,Passenger,1,0,1,46,47,2.13
November 30 2020,Snohomish,WA,Truck,0,0,0,125392,125392,0.00
November 30 2022,Kittitas,WA,Passenger,294,94,388,29491,29879,1.30
April 30 2017,Montgomery,PA,Passenger,1,0,1,42,43,2.33
May 31 2019,Lee,AL,Passenger,1,0,1,36,37,2.70
February 28 2021,Pend Oreille,WA,Truck,0,0,0,5718,5718,0.00
October 31 2021,Boone,MO,Passenger,0,1,1,10,11,9.09
August 31 2019,Carson City,NV,Passenger,1,0,1,12,13,7.69
October 31 2021,Camden,NJ,Passenger,0,1,1,13,14,7.14
August 31 2024,Cowlitz,WA,Passenger,746,294,1040,69687,70727,1.47
March 31 2019,Contra Costa,CA,Passenger,1,2,3,385,388,0.77
September 30 2021,Leavenworth,KS,Passenger,0,1,1,105,106,0.94
October 31 2023,Lewis,WA,Truck,8,0,8,25711,25719,0.03
February 28 2018,DeKalb,GA,Passenger,1,0,1,87,88,1.14
June 30 2022,Klickitat,WA,Passenger,102,56,158,15207,15365,1.03
January 31 2021,Okanogan,WA,Truck,0,0,0,16576,16576,0.00
December 31 2020,Clark,NV,Passenger,4,3,7,739,746,0.94
May 31 2019,Lincoln,WA,Passenger,3,8,11,7769,7780,0.14
January 31 2021,Nassau,NY,Passenger,5,0,5,35,40,12.50
December 31 2018,Carroll,NH,Passenger,0,1,1,1,2,50.00
December 31 2019,Douglas,WA,Passenger,67,38,105,28282,28387,0.37
June 30 2020,Middlesex,MA,Passenger,1,0,1,96,97,1.03
August 31 2019,Fresno,CA,Passenger,2,0,2,212,214,0.93
July 31 2020,Asotin,WA,Truck,0,0,0,6650,6650,0.00
December 31 2023,Maui,HI,Passenger,2,0,2,20,22,9.09
March 31 2022,Nueces,TX,Passenger,1,0,1,72,73,1.37
June 30 2023,Stevens,WA,Truck,1,0,1,18675,18676,0.01
April 30 2017,Walla Walla,WA,Truck,0,0,0,13169,13169,0.00
January 31 2021,King,WA,Passenger,27765,8329,36094,1365360,1401454,2.58
April 30 2024,Maricopa,AZ,Passenger,16,3,19,829,848,2.24
October 31 2024,New York,NY,Passenger,4,0,4,29,33,12.12
September 30 2021,Danville,VA,Passenger,1,0,1,0,1,100.00
May 31 2021,Garfield,WA,Passenger,0,2,2,1365,1367,0.15
February 28 2025,Forsyth,GA,Passenger,1,0,1,7,8,12.50
December 31 2021,Riverside,CA,Passenger,8,0,8,581,589,1.36
January 31 2023,Pinal,AZ,Passenger,0,1,1,133,134,0.75
March 31 2023,Dallas,TX,Passenger,1,0,1,113,114,0.88
February 29 2020,Kent,MI,Passenger,0,1,1,30,31,3.23
July 31 2021,Clark,WA,Passenger,2977,1457,4434,321955,326389,1.36
March 31 2024,El Paso,TX,Passenger,3,2,5,311,316,1.58
March 31 2022,Pima,AZ,Passenger,1,1,2,308,310,0.65
December 31 2022,Saratoga,NY,Passenger,1,0,1,52,53,1.89
December 31 2024,Camden,GA,Passenger,1,0,1,94,95,1.05
November 30 2023,San Joaquin,CA,Passenger,0,1,1,86,87,1.15
February 29 2024,Anne Arundel,MD,Truck,1,0,1,43,44,2.27
October 31 2019,Frederick,MD,Passenger,1,1,2,77,79,2.53
October 31 2021,Honolulu,HI,Passenger,5,4,9,453,462,1.95
October 31 2019,Lee,FL,Passenger,1,0,1,58,59,1.69
March 31 2025,Solano,CA,Passenger,3,0,3,137,140,2.14
November 30 2024,Wasco,OR,Passenger,0,1,1,13,14,7.14
December 31 2019,Essex,MA,Passenger,1,0,1,31,32,3.12
February 28 2017,Juneau,AK,Passenger,0,1,1,58,59,1.69
March 31 2019,Larimer,CO,Passenger,1,0,1,65,66,1.52
December 31 2020,Wichita,TX,Passenger,1,0,1,44,45,2.22
November 30 2020,Montgomery,TX,Passenger,1,0,1,57,58,1.72
August 31 2018,Garfield,WA,Passenger,1,1,2,1319,1321,0.15
January 31 2021,Travis,TX,Passenger,4,4,8,192,200,4.00
June 30 2023,Clark,NV,Passenger,11,4,15,560,575,2.61
November 30 2020,Los Angeles,CA,Passenger,9,10,19,1049,1068,1.78
June 30 2023,Columbia,WA,Truck,0,0,0,1544,1544,0.00
July 31 2017,Hamilton,IN,Passenger,1,0,1,58,59,1.69
March 31 2025,Bergen,NJ,Passenger,1,0,1,7,8,12.50
October 31 2023,Clark,WA,Truck,122,0,122,80937,81059,0.15
April 30 2024,Clark,WA,Passenger,8000,2873,10873,313396,324269,3.35
January 31 2022,New York,NY,Passenger,4,0,4,52,56,7.14
December 31 2021,Howard,MD,Passenger,0,2,2,65,67,2.99
May 31 2022,Clinton,PA,Passenger,1,0,1,1,2,50.00
June 30 2018,Dakota,MN,Passenger,0,2,2,42,44,4.55
September 30 2020,Orange,FL,Passenger,1,0,1,136,137,0.73
March 31 2021,Kern,CA,Passenger,0,1,1,217,218,0.46
October 31 2023,Douglas,NE,Passenger,2,1,3,29,32,9.38
September 30 2019,Owyhee,ID,Passenger,1,0,1,4,5,20.00
October 31 2018,Maricopa,AZ,Passenger,2,2,4,1719,1723,0.23
May 31 2023,Montgomery,MD,Passenger,6,2,8,208,216,3.70
December 31 2022,Sarasota,FL,Passenger,1,0,1,37,38,2.63
September 30 2019,Cowlitz,WA,Passenger,106,106,212,73278,73490,0.29
June 30 2022,Pierce,WA,Passenger,5051,2301,7352,544057,551409,1.33
August 31 2019,Harris,TX,Passenger,1,1,2,303,305,0.66
April 30 2022,Bristol,MA,Passenger,1,0,1,14,15,6.67
May 31 2025,Riverside,CA,Passenger,6,2,8,319,327,2.45
October 31 2024,Kootenai,ID,Passenger,3,3,6,84,90,6.67
August 31 2021,Suffolk,MA,Passenger,1,2,3,35,38,7.89
April 30 2019,Tarrant,TX,Passenger,3,0,3,216,219,1.37
April 30 2024,Hamilton,OH,Passenger,2,0,2,36,38,5.26
October 31 2024,Whatcom,WA,Truck,139,0,139,42320,42459,0.33
July 31 2023,Santa Clara,CA,Passenger,22,7,29,258,287,10.10
May 31 2019,Sacramento,CA,Passenger,0,1,1,308,309,0.32
May 31 2025,Kitsap,WA,Passenger,5866,2002,7868,170992,178860,4.40
December 31 2020,Douglas,WA,Truck,0,0,0,12485,12485,0.00
April 30 2017,Norfolk,MA,Passenger,1,0,1,41,42,2.38
May 31 2017,Wahkiakum,WA,Passenger,0,2,2,2838,2840,0.07
May 31 2017,Nueces,TX,Passenger,0,1,1,101,102,0.98
February 28 2025,Placer,CA,Passenger,3,0,3,55,58,5.17
July 31 2019,El Paso,CO,Passenger,3,2,5,762,767,0.65
May 31 2025,Franklin,WA,Truck,30,0,30,20350,20380,0.15
December 31 2019,Fort Bend,TX,Passenger,1,0,1,49,50,2.00
January 31 2023,Thurston,WA,Passenger,2688,1139,3827,190829,194656,1.97
April 30 2024,Norfolk,VA,Passenger,0,1,1,258,259,0.39
March 31 2021,Loudoun,VA,Passenger,1,0,1,76,77,1.30
October 31 2023,San Luis Obispo,CA,Passenger,1,1,2,52,54,3.70
September 30 2018,Whitman,WA,Passenger,20,32,52,22675,22727,0.23
April 30 2025,Sussex,NJ,Passenger,1,0,1,0,1,100.00
December 31 2019,San Francisco,CA,Passenger,2,2,4,108,112,3.57
August 31 2017,Thurston,WA,Passenger,420,359,779,187656,188435,0.41
June 30 2024,Newport,RI,Truck,1,0,1,8,9,11.11
November 30 2022,Bartow,GA,Passenger,0,1,1,4,5,20.00
August 31 2019,Pend Oreille,WA,Passenger,5,6,11,9483,9494,0.12
September 30 2023,Sacramento,CA,Truck,1,0,1,32,33,3.03
August 31 2022,Howard,MD,Passenger,0,2,2,67,69,2.90
December 31 2017,Eagle,CO,Passenger,1,0,1,7,8,12.50
May 31 2021,Lewis,WA,Passenger,157,137,294,59754,60048,0.49
November 30 2023,Hawaii,HI,Passenger,1,0,1,35,36,2.78
October 31 2023,Monterey,CA,Passenger,1,3,4,130,134,2.99
October 31 2020,Utah,UT,Passenger,0,1,1,150,151,0.66
September 30 2018,Contra Costa,CA,Passenger,0,2,2,413,415,0.48
August 31 2019,Allegheny,PA,Passenger,2,0,2,89,91,2.20
February 29 2020,Santa Cruz,CA,Passenger,1,0,1,40,41,2.44
August 31 2020,Hawaii,HI,Passenger,1,0,1,63,64,1.56
June 30 2018,Manatee,FL,Passenger,1,0,1,42,43,2.33
December 31 2017,Orange,CA,Passenger,4,1,5,609,614,0.81
June 30 2023,Gwinnett,GA,Passenger,1,0,1,61,62,1.61
January 31 2025,Walla Walla,WA,Truck,26,0,26,13640,13666,0.19
January 31 2023,Lake,FL,Passenger,1,0,1,24,25,4.00
March 31 2021,San Juan,WA,Passenger,394,124,518,14100,14618,3.54
April 30 2021,Calvert,MD,Passenger,0,2,2,93,95,2.11
November 30 2020,Washtenaw,MI,Passenger,1,1,2,36,38,5.26
May 31 2023,Ferry,WA,Passenger,20,4,24,4307,4331,0.55
October 31 2023,Grays Harbor,WA,Passenger,351,215,566,48002,48568,1.17
August 31 2018,Adams,WA,Truck,0,0,0,5170,5170,0.00
February 28 2019,Kalamazoo,MI,Passenger,1,0,1,18,19,5.26
April 30 2023,Texas,MO,Passenger,1,0,1,2,3,33.33
August 31 2020,Pierce,WA,Truck,0,0,0,143241,143241,0.00
November 30 2017,Essex,MA,Passenger,1,0,1,26,27,3.70
September 30 2024,Bay,FL,Passenger,2,0,2,24,26,7.69
April 30 2024,Douglas,NE,Passenger,1,1,2,28,30,6.67
September 30 2020,Kern,CA,Passenger,0,1,1,223,224,0.45
September 30 2021,District of Columbia,DC,Passenger,4,0,4,188,192,2.08
March 31 2019,Multnomah,OR,Passenger,4,5,9,804,813,1.11
January 31 2017,Hood River,OR,Passenger,1,0,1,41,42,2.38
May 31 2022,Fulton,GA,Passenger,1,1,2,87,89,2.25
March 31 2025,Riverside,CA,Passenger,6,2,8,347,355,2.25
March 31 2022,Jefferson,NY,Passenger,1,0,1,205,206,0.49
August 31 2022,Charlottesville,VA,Passenger,0,1,1,7,8,12.50
March 31 2024,Escambia,FL,Truck,1,0,1,26,27,3.70
August 31 2023,Lewis,WA,Passenger,345,251,596,59314,59910,0.99
March 31 2023,Montgomery,MD,Passenger,5,3,8,211,219,3.65
December 31 2021,Salt Lake,UT,Passenger,2,1,3,197,200,1.50
November 30 2021,Maui,HI,Passenger,1,0,1,28,29,3.45
April 30 2020,Lewis,WA,Truck,0,0,0,25976,25976,0.00
June 30 2019,Thurston,WA,Passenger,874,638,1512,197462,198974,0.76
September 30 2024,Thurston,WA,Truck,176,0,176,53184,53360,0.33
September 30 2018,Queens,NY,Passenger,1,0,1,65,66,1.52
July 31 2024,Hays,TX,Passenger,1,0,1,7,8,12.50
March 31 2020,Pinal,AZ,Passenger,1,0,1,217,218,0.46
December 31 2019,Walla Walla,WA,Passenger,63,60,123,36273,36396,0.34
July 31 2021,Leavenworth,KS,Passenger,0,1,1,106,107,0.93
May 31 2022,Mason,WA,Truck,1,0,1,21004,21005,0.00
May 31 2021,Adams,WA,Truck,0,0,0,5372,5372,0.00
January 31 2018,Island,WA,Truck,0,0,0,20762,20762,0.00
December 31 2022,Adams,CO,Passenger,1,0,1,46,47,2.13
November 30 2024,Monroe,WI,Passenger,2,0,2,8,10,20.00
October 31 2022,Asotin,WA,Truck,0,0,0,6663,6663,0.00
September 30 2020,Alameda,CA,Passenger,2,0,2,289,291,0.69
February 28 2019,Fairfax,VA,Passenger,4,1,5,809,814,0.61
September 30 2021,Clark,WA,Truck,0,0,0,84046,84046,0.00
August 31 2019,Fulton,GA,Passenger,0,3,3,106,109,2.75
August 31 2017,,,Passenger,3,0,3,447,450,0.67
November 30 2024,Wahkiakum,WA,Passenger,44,27,71,3041,3112,2.28
June 30 2020,San Diego,CA,Passenger,15,4,19,2751,2770,0.69
October 31 2020,Lake,FL,Passenger,1,0,1,27,28,3.57
July 31 2020,Howard,MD,Passenger,0,1,1,80,81,1.23
January 31 2017,Montgomery,TN,Passenger,1,0,1,309,310,0.32
June 30 2021,DeKalb,GA,Passenger,1,0,1,70,71,1.41
June 30 2022,Chelan,WA,Passenger,461,127,588,54268,54856,1.07
May 31 2022,Henrico,VA,Passenger,0,1,1,22,23,4.35
October 31 2020,Washington,WI,Passenger,1,0,1,3,4,25.00
July 31 2020,Franklin,WA,Passenger,65,78,143,60729,60872,0.23
August 31 2020,Flathead,MT,Passenger,2,0,2,68,70,2.86
August 31 2023,Charleston,SC,Passenger,0,2,2,65,67,2.99
April 30 2021,Wise,TX,Passenger,1,0,1,9,10,10.00
December 31 2021,Richland,SC,Passenger,0,1,1,142,143,0.70
August 31 2023,Lewis,WA,Truck,8,0,8,25834,25842,0.03
April 30 2024,Charleston,SC,Passenger,0,2,2,60,62,3.23
February 28 2022,Ferry,WA,Passenger,15,3,18,4432,4450,0.40
February 28 2019,Shasta,CA,Passenger,1,0,1,47,48,2.08
October 31 2017,Sumter,FL,Passenger,0,1,1,10,11,9.09
July 31 2017,Cumberland,NC,Passenger,1,0,1,572,573,0.17
March 31 2019,Douglas,WA,Passenger,53,34,87,27875,27962,0.31
November 30 2018,Caddo,LA,Passenger,0,1,1,26,27,3.70
July 31 2024,Lincoln,WA,Truck,1,0,1,4780,4781,0.02
June 30 2021,Ventura,CA,Passenger,1,3,4,298,302,1.32
August 31 2022,Kitsap,WA,Passenger,2517,1094,3611,176961,180572,2.00
November 30 2019,San Mateo,CA,Passenger,1,1,2,138,140,1.43
February 28 2025,Whatcom,WA,Passenger,4107,1434,5541,148019,153560,3.61
September 30 2022,Montgomery,MD,Passenger,3,2,5,210,215,2.33
November 30 2022,Nassau,NY,Passenger,4,0,4,30,34,11.76
January 31 2018,Columbia,WA,Passenger,2,1,3,2401,2404,0.12
February 28 2017,Grant,WA,Truck,0,0,0,24995,24995,0.00
July 31 2021,Saratoga,NY,Passenger,1,0,1,48,49,2.04
March 31 2021,Howard,MD,Passenger,0,1,1,74,75,1.33
May 31 2024,St. Mary's,MD,Passenger,4,0,4,195,199,2.01
April 30 2021,San Francisco,CA,Passenger,2,2,4,102,106,3.77
November 30 2020,Kitsap,WA,Truck,0,0,0,54215,54215,0.00
November 30 2021,RÃ­o Grande,PR,Passenger,1,0,1,0,1,100.00
August 31 2022,Thurston,WA,Truck,17,0,17,54934,54951,0.03
September 30 2017,Mason,WA,Truck,0,0,0,19374,19374,0.00
November 30 2020,Benton,WA,Truck,0,0,0,43080,43080,0.00
November 30 2020,Lewis,WA,Passenger,117,119,236,58601,58837,0.40
December 31 2022,Hamilton,OH,Passenger,1,0,1,46,47,2.13
September 30 2024,Manassas,VA,Passenger,1,0,1,6,7,14.29
July 31 2022,Hudson,NJ,Passenger,2,0,2,43,45,4.44
November 30 2020,Sarasota,FL,Passenger,2,0,2,44,46,4.35
August 31 2024,DeKalb,GA,Truck,1,0,1,0,1,100.00
June 30 2022,Skagit,WA,Passenger,778,335,1113,89900,91013,1.22
October 31 2018,Clallam,WA,Truck,0,0,0,21571,21571,0.00
May 31 2025,Madison,IL,Passenger,1,0,1,8,9,11.11
November 30 2019,El Paso,TX,Passenger,2,0,2,459,461,0.43
June 30 2024,Denton,TX,Passenger,1,0,1,47,48,2.08
September 30 2024,Madison,IL,Passenger,1,0,1,10,11,9.09
February 28 2017,Norfolk,MA,Passenger,1,0,1,40,41,2.44
June 30 2024,Clark,WA,Truck,196,0,196,80624,80820,0.24
December 31 2024,Kings,CA,Passenger,3,0,3,242,245,1.22
July 31 2023,Wilson,TX,Passenger,0,1,1,3,4,25.00
May 31 2019,Walla Walla,WA,Truck,0,0,0,13605,13605,0.00
June 30 2019,Douglas,WA,Truck,0,0,0,12178,12178,0.00
July 31 2023,Montgomery,PA,Passenger,1,0,1,25,26,3.85
February 28 2017,Multnomah,OR,Passenger,0,3,3,1167,1170,0.26
July 31 2018,Douglas,WA,Passenger,43,32,75,27710,27785,0.27
August 31 2020,Klickitat,WA,Passenger,56,42,98,15035,15133,0.65
January 31 2024,Orange,CA,Passenger,8,3,11,368,379,2.90
March 31 2022,Wahkiakum,WA,Truck,0,0,0,1811,1811,0.00
December 31 2022,Mason,WA,Passenger,367,186,553,46740,47293,1.17
October 31 2022,Lake,IL,Passenger,4,0,4,136,140,2.86
January 31 2024,Ulster,NY,Passenger,1,0,1,7,8,12.50
March 31 2025,Madison,IL,Passenger,1,0,1,8,9,11.11
April 30 2023,Pierce,WA,Truck,140,0,140,137354,137494,0.10
August 31 2019,Spartanburg,SC,Passenger,0,1,1,43,44,2.27
July 31 2024,Marion,IN,Passenger,3,0,3,26,29,10.34
August 31 2019,Los Angeles,CA,Passenger,7,7,14,1161,1175,1.19
April 30 2020,Benton,WA,Truck,0,0,0,42459,42459,0.00
September 30 2018,Garfield,OK,Passenger,1,0,1,17,18,5.56
March 31 2022,Cumberland,NC,Passenger,1,4,5,405,410,1.22
April 30 2023,Wichita,TX,Passenger,1,0,1,35,36,2.78
March 31 2021,Sumter,FL,Passenger,0,1,1,10,11,9.09
March 31 2020,Boone,MO,Passenger,0,1,1,12,13,7.69
November 30 2022,Sacramento,CA,Truck,1,0,1,41,42,2.38
June 30 2018,Klickitat,WA,Passenger,25,30,55,15161,15216,0.36
June 30 2017,Whitman,WA,Truck,0,0,0,8427,8427,0.00
July 31 2018,New Haven,CT,Passenger,0,1,1,48,49,2.04
January 31 2024,Honolulu,HI,Passenger,6,2,8,323,331,2.42
September 30 2023,Chesapeake,VA,Passenger,1,0,1,327,328,0.30
May 31 2023,Penobscot,ME,Passenger,0,1,1,7,8,12.50
February 29 2020,Lewis,WA,Passenger,108,107,215,59547,59762,0.36
June 30 2017,King,WA,Truck,8,1,9,187649,187658,0.00
December 31 2018,Twin Falls,ID,Passenger,0,1,1,25,26,3.85
September 30 2019,Shelby,OH,Passenger,0,1,1,2,3,33.33
April 30 2017,Garfield,WA,Truck,0,0,0,937,937,0.00
April 30 2018,Caddo,LA,Passenger,0,1,1,24,25,4.00
November 30 2019,Chelan,WA,Truck,0,0,0,22507,22507,0.00
December 31 2022,Los Angeles,CA,Passenger,6,6,12,856,868,1.38
February 28 2023,Island,WA,Truck,19,0,19,20955,20974,0.09
April 30 2025,Skamania,WA,Passenger,177,65,242,7651,7893,3.07
January 31 2019,Pacific,WA,Truck,0,0,0,7610,7610,0.00
July 31 2017,Snohomish,WA,Truck,1,0,1,121746,121747,0.00
September 30 2019,El Paso,CO,Passenger,3,2,5,765,770,0.65
June 30 2024,Monterey,CA,Truck,1,0,1,29,30,3.33
April 30 2021,Douglas,WA,Passenger,88,46,134,28462,28596,0.47
March 31 2024,Prince William,VA,Passenger,1,4,5,143,148,3.38
December 31 2023,Frederick,MD,Passenger,3,1,4,54,58,6.90
June 30 2021,Washington,MD,Passenger,1,0,1,11,12,8.33
November 30 2021,Danville,VA,Passenger,1,0,1,0,1,100.00
October 31 2024,District of Columbia,DC,Truck,1,0,1,15,16,6.25
November 30 2024,Geary,KS,Truck,1,0,1,21,22,4.55
April 30 2020,District of Columbia,DC,Passenger,1,1,2,192,194,1.03
August 31 2021,Thurston,WA,Passenger,1710,906,2616,197089,199705,1.31
October 31 2021,San Juan,WA,Passenger,468,148,616,14169,14785,4.17
November 30 2018,Montgomery,PA,Passenger,2,0,2,36,38,5.26
January 31 2025,Calvert,MD,Passenger,1,1,2,66,68,2.94
June 30 2017,Bexar,TX,Passenger,1,1,2,952,954,0.21
May 31 2017,Norfolk,VA,Passenger,1,1,2,304,306,0.65
January 31 2019,Thurston,WA,Passenger,769,589,1358,195841,197199,0.69
December 31 2024,Jefferson,WA,Passenger,838,326,1164,23853,25017,4.65
October 31 2018,Wahkiakum,WA,Passenger,1,1,2,2982,2984,0.07
December 31 2019,Santa Rosa,FL,Passenger,1,0,1,91,92,1.09
January 31 2018,Stevens,WA,Truck,0,0,0,18372,18372,0.00
August 31 2021,Deschutes,OR,Passenger,1,0,1,142,143,0.70
March 31 2019,Walla Walla,WA,Passenger,44,55,99,36041,36140,0.27
April 30 2023,Geary,KS,Passenger,1,0,1,81,82,1.22
December 31 2020,,,Passenger,5,1,6,393,399,1.50
February 29 2024,San Bernardino,CA,Passenger,5,1,6,333,339,1.77
March 31 2022,Washtenaw,MI,Passenger,0,1,1,34,35,2.86
March 31 2022,Coryell,TX,Passenger,1,0,1,107,108,0.93
January 31 2021,Cameron,TX,Passenger,1,0,1,24,25,4.00
April 30 2024,Mesa,CO,Passenger,0,1,1,9,10,10.00
March 31 2021,Lincoln,WA,Truck,0,0,0,4728,4728,0.00
August 31 2018,Charles,MD,Passenger,0,1,1,86,87,1.15
March 31 2018,Clark,WA,Passenger,918,641,1559,305881,307440,0.51
January 31 2025,Larimer,CO,Passenger,1,0,1,26,27,3.70
April 30 2023,Columbia,WA,Passenger,8,1,9,2401,2410,0.37
May 31 2020,Pulaski,MO,Passenger,1,0,1,139,140,0.71
October 31 2017,Jefferson,WA,Truck,0,0,0,9431,9431,0.00
December 31 2017,Santa Fe,NM,Passenger,0,1,1,45,46,2.17
January 31 2025,Montgomery,PA,Passenger,1,0,1,15,16,6.25
November 30 2017,Volusia,FL,Passenger,0,1,1,39,40,2.50
October 31 2022,Mason,WA,Passenger,346,182,528,46844,47372,1.11
May 31 2021,Alameda,CA,Passenger,5,0,5,269,274,1.82
July 31 2020,Eagle,CO,Passenger,1,0,1,7,8,12.50
August 31 2019,Clark,WA,Truck,0,0,0,80810,80810,0.00
October 31 2019,Yakima,WA,Passenger,116,114,230,165832,166062,0.14
May 31 2019,DeKalb,GA,Passenger,1,0,1,85,86,1.16
May 31 2021,Jones,GA,Passenger,1,0,1,0,1,100.00
December 31 2023,Walla Walla,WA,Passenger,265,132,397,35355,35752,1.11
April 30 2018,Pierce,WA,Passenger,1154,1092,2246,528875,531121,0.42
June 30 2024,Onslow,NC,Passenger,0,1,1,135,136,0.74
December 31 2023,Essex,MA,Passenger,1,0,1,15,16,6.25
August 31 2022,Adams,WA,Passenger,21,9,30,12919,12949,0.23
July 31 2023,Travis,TX,Passenger,3,4,7,115,122,5.74
August 31 2022,Tom Green,TX,Passenger,0,1,1,22,23,4.35
November 30 2023,Harford,MD,Passenger,1,1,2,48,50,4.00
December 31 2019,Frederick,MD,Passenger,1,1,2,74,76,2.63
October 31 2022,Anne Arundel,MD,Truck,1,0,1,48,49,2.04
February 28 2023,Randolph,NC,Passenger,1,0,1,2,3,33.33
March 31 2023,Hudson,NJ,Passenger,2,0,2,32,34,5.88
August 31 2024,St. Louis,MO,Passenger,1,0,1,51,52,1.92
April 30 2023,Shasta,CA,Passenger,1,0,1,31,32,3.12
December 31 2023,Yakima,WA,Passenger,648,299,947,166527,167474,0.57
June 30 2018,Benton,WA,Passenger,192,199,391,131432,131823,0.30
March 31 2021,Garfield,WA,Passenger,0,2,2,1361,1363,0.15
April 30 2021,Dallas,TX,Passenger,1,0,1,191,192,0.52
February 28 2019,San Mateo,CA,Passenger,2,1,3,136,139,2.16
August 31 2018,Orange,CA,Passenger,5,1,6,588,594,1.01
July 31 2024,Franklin,WA,Passenger,473,194,667,62583,63250,1.05
June 30 2019,Sedgwick,KS,Passenger,1,1,2,109,111,1.80
July 31 2024,Madison,IL,Passenger,2,0,2,12,14,14.29
August 31 2018,Alameda,CA,Passenger,0,1,1,354,355,0.28
April 30 2022,Skagit,WA,Passenger,751,328,1079,90097,91176,1.18
May 31 2023,DeKalb,GA,Passenger,2,0,2,53,55,3.64
October 31 2021,Douglas,CO,Passenger,1,1,2,91,93,2.15
July 31 2019,Penobscot,ME,Passenger,0,1,1,15,16,6.25
December 31 2023,Douglas,WA,Passenger,247,81,328,28798,29126,1.13
August 31 2024,Autauga,AL,Passenger,2,2,4,11,15,26.67
December 31 2021,Tom Green,TX,Passenger,0,1,1,24,25,4.00
March 31 2021,Richland,SC,Passenger,0,1,1,140,141,0.71
April 30 2024,District of Columbia,DC,Passenger,3,1,4,152,156,2.56
May 31 2023,Okanogan,WA,Passenger,122,62,184,26113,26297,0.70
September 30 2017,Skamania,WA,Passenger,10,7,17,8570,8587,0.20
May 31 2021,Orange,FL,Passenger,2,0,2,131,133,1.50
June 30 2024,Henrico,VA,Passenger,2,2,4,15,19,21.05
April 30 2022,Sevier,AR,Passenger,0,1,1,1,2,50.00
October 31 2021,Lexington,SC,Passenger,1,0,1,28,29,3.45
April 30 2022,Autauga,AL,Passenger,1,0,1,14,15,6.67
April 30 2020,Carroll,NH,Passenger,0,1,1,3,4,25.00
April 30 2020,Osceola,FL,Passenger,1,0,1,48,49,2.04
September 30 2020,Ulster,NY,Passenger,1,0,1,15,16,6.25
September 30 2022,San Diego,CA,Passenger,21,8,29,2519,2548,1.14
January 31 2021,Kittitas,WA,Truck,0,0,0,14676,14676,0.00
September 30 2017,Clark,WA,Truck,0,0,0,77819,77819,0.00
August 31 2021,Clark,NV,Passenger,6,3,9,709,718,1.25
June 30 2024,Jefferson,NY,Passenger,3,0,3,174,177,1.69
February 28 2017,Contra Costa,CA,Passenger,1,0,1,646,647,0.15
June 30 2022,Island,WA,Passenger,815,376,1191,61385,62576,1.90
March 31 2017,Marin,CA,Passenger,1,0,1,62,63,1.59
December 31 2023,Montgomery,MD,Passenger,6,1,7,196,203,3.45
March 31 2023,Mohave,AZ,Passenger,1,0,1,56,57,1.75
December 31 2024,Gwinnett,GA,Passenger,2,0,2,47,49,4.08
July 31 2018,Juneau,AK,Passenger,0,1,1,51,52,1.92
April 30 2025,Medina,TX,Passenger,1,0,1,4,5,20.00
November 30 2024,Clallam,WA,Truck,41,0,41,21336,21377,0.19
December 31 2024,York,VA,Passenger,2,0,2,66,68,2.94
September 30 2024,Beaufort,SC,Passenger,1,0,1,25,26,3.85
March 31 2025,Franklin,WA,Passenger,660,216,876,62505,63381,1.38
February 29 2024,Santa Cruz,CA,Passenger,1,0,1,25,26,3.85
December 31 2020,Denver,CO,Passenger,1,0,1,129,130,0.77
November 30 2022,Norfolk,MA,Passenger,1,0,1,30,31,3.23
March 31 2022,Hamilton,IN,Passenger,2,0,2,30,32,6.25
February 29 2020,Putnam,TN,Passenger,0,1,1,5,6,16.67
October 31 2022,Mercer,NJ,Passenger,0,1,1,15,16,6.25
February 28 2017,Essex,MA,Passenger,1,0,1,29,30,3.33
June 30 2020,Pend Oreille,WA,Passenger,7,6,13,9231,9244,0.14
December 31 2023,Onslow,NC,Passenger,0,1,1,140,141,0.71
February 28 2025,Pima,AZ,Passenger,2,0,2,148,150,1.33
December 31 2017,New London,CT,Passenger,1,0,1,238,239,0.42
December 31 2024,Columbia,WA,Truck,1,0,1,1567,1568,0.06
May 31 2023,Galveston,TX,Passenger,0,1,1,22,23,4.35
June 30 2021,Kittitas,WA,Passenger,159,67,226,29960,30186,0.75
August 31 2017,Ferry,WA,Truck,0,0,0,3533,3533,0.00
January 31 2024,Marion,IN,Passenger,2,0,2,30,32,6.25
April 30 2018,Skagit,WA,Passenger,183,155,338,89995,90333,0.37
February 29 2024,Saginaw,MI,Passenger,0,1,1,5,6,16.67
November 30 2021,Milwaukee,WI,Passenger,1,0,1,51,52,1.92
November 30 2018,Lincoln,WA,Passenger,2,6,8,7767,7775,0.10
August 31 2022,Monroe,WI,Passenger,1,0,1,11,12,8.33
February 28 2017,Walla Walla,WA,Passenger,17,21,38,34768,34806,0.11
November 30 2021,Carroll,NH,Passenger,0,1,1,3,4,25.00
September 30 2021,Goochland,VA,Passenger,4,2,6,257,263,2.28
May 31 2022,District of Columbia,DC,Passenger,3,0,3,179,182,1.65
November 30 2019,San Joaquin,CA,Passenger,1,0,1,146,147,0.68
September 30 2022,Bartow,GA,Passenger,0,1,1,4,5,20.00
October 31 2024,Klickitat,WA,Passenger,242,100,342,15282,15624,2.19
April 30 2019,Suffolk,MA,Passenger,0,1,1,41,42,2.38
January 31 2025,Christian,MO,Passenger,0,1,1,7,8,12.50
July 31 2023,Sacramento,CA,Truck,1,0,1,33,34,2.94
February 28 2021,Dallas,TX,Passenger,1,0,1,193,194,0.52
April 30 2020,Twin Falls,ID,Passenger,0,1,1,30,31,3.23
April 30 2021,Nassau,NY,Passenger,5,0,5,35,40,12.50
February 29 2024,Hamilton,IN,Passenger,1,0,1,26,27,3.70
February 29 2020,Benton,WA,Truck,0,0,0,42549,42549,0.00
August 31 2020,Portsmouth,VA,Passenger,0,1,1,72,73,1.37
October 31 2024,Clallam,WA,Passenger,863,390,1253,48545,49798,2.52
May 31 2024,Pinal,AZ,Passenger,3,1,4,92,96,4.17
July 31 2019,Whitman,WA,Truck,0,0,0,8625,8625,0.00
August 31 2023,Harris,TX,Passenger,2,2,4,194,198,2.02
August 31 2021,,,Passenger,4,3,7,372,379,1.85
January 31 2023,Lane,OR,Passenger,0,1,1,116,117,0.85
January 31 2025,Suffolk,VA,Passenger,1,1,2,84,86,2.33
November 30 2023,Fairfax,VA,Passenger,13,7,20,624,644,3.11
January 31 2021,Williamson,TX,Passenger,0,2,2,160,162,1.23
February 28 2019,Polk,FL,Passenger,1,0,1,72,73,1.37
February 28 2019,Whatcom,WA,Truck,2,0,2,42685,42687,0.00
April 30 2017,Nassau,NY,Passenger,0,1,1,40,41,2.44
April 30 2025,Yakima,WA,Passenger,1144,447,1591,165642,167233,0.95
January 31 2017,DeKalb,GA,Passenger,1,0,1,93,94,1.06
April 30 2018,Cowlitz,WA,Passenger,55,73,128,71344,71472,0.18
March 31 2021,Botetourt,VA,Passenger,1,0,1,0,1,100.00
June 30 2017,Virginia Beach,VA,Passenger,2,1,3,652,655,0.46
May 31 2020,Pueblo,CO,Passenger,1,0,1,32,33,3.03
November 30 2024,San Juan,WA,Truck,40,0,40,5875,5915,0.68
October 31 2020,Columbia,WA,Truck,0,0,0,1530,1530,0.00
November 30 2018,Whitman,WA,Truck,0,0,0,8535,8535,0.00
February 29 2020,Mason,WA,Passenger,150,133,283,47558,47841,0.59
January 31 2020,Adams,WA,Truck,0,0,0,5204,5204,0.00
September 30 2023,Spokane,WA,Passenger,2543,1231,3774,321421,325195,1.16
August 31 2021,Columbia,WA,Truck,0,0,0,1536,1536,0.00
March 31 2022,St. Lawrence,NY,Passenger,1,0,1,6,7,14.29
December 31 2022,Newport,RI,Passenger,0,1,1,63,64,1.56
April 30 2022,El Paso,CO,Passenger,4,5,9,684,693,1.30
December 31 2022,Wahkiakum,WA,Truck,1,0,1,1786,1787,0.06
September 30 2020,Loudoun,VA,Passenger,1,0,1,84,85,1.18
March 31 2022,Mason,WA,Passenger,283,167,450,47548,47998,0.94
May 31 2023,Santa Clara,CA,Passenger,18,7,25,263,288,8.68
July 31 2024,Duval,FL,Truck,1,0,1,55,56,1.79
August 31 2020,Island,WA,Passenger,434,274,708,62595,63303,1.12
May 31 2021,Carroll,MD,Passenger,0,1,1,17,18,5.56
January 31 2020,Kern,CA,Passenger,0,1,1,226,227,0.44
February 28 2022,Ventura,CA,Passenger,2,2,4,283,287,1.39
December 31 2017,Latah,ID,Passenger,0,1,1,81,82,1.22
November 30 2023,Whatcom,WA,Truck,83,0,83,42456,42539,0.20
October 31 2023,Henrico,VA,Passenger,1,1,2,18,20,10.00
May 31 2022,Carroll,NH,Passenger,0,1,1,3,4,25.00
October 31 2023,Forsyth,GA,Passenger,1,0,1,13,14,7.14
April 30 2022,Portsmouth,VA,Passenger,0,1,1,77,78,1.28
December 31 2018,Nantucket,MA,Passenger,1,0,1,4,5,20.00
March 31 2018,Pend Oreille,WA,Passenger,4,3,7,9454,9461,0.07
May 31 2020,Adams,WA,Passenger,8,7,15,12704,12719,0.12
February 28 2022,Santa Clara,CA,Passenger,18,3,21,301,322,6.52
May 31 2017,Kent,MI,Passenger,0,1,1,37,38,2.63
September 30 2024,Adams,WA,Passenger,40,21,61,13259,13320,0.46
February 28 2021,Douglas,WA,Passenger,86,46,132,28239,28371,0.47
December 31 2024,Orange,NY,Passenger,1,1,2,35,37,5.41
January 31 2020,Eagle,CO,Passenger,1,0,1,6,7,14.29
June 30 2021,Whitman,WA,Passenger,58,47,105,21940,22045,0.48
April 30 2023,Klickitat,WA,Truck,8,0,8,8249,8257,0.10
December 31 2024,Kootenai,ID,Truck,1,0,1,17,18,5.56
July 31 2018,Maui,HI,Passenger,1,0,1,57,58,1.72
January 31 2025,Multnomah,OR,Passenger,7,1,8,406,414,1.93
September 30 2023,Harrison,MS,Passenger,1,0,1,39,40,2.50
February 28 2025,Monterey,CA,Passenger,1,4,5,122,127,3.94
January 31 2024,Franklin,WA,Passenger,391,169,560,62271,62831,0.89
November 30 2024,Mason,WA,Passenger,725,291,1016,45976,46992,2.16
November 30 2019,Cascade,MT,Passenger,0,1,1,66,67,1.49
November 30 2023,Horry,SC,Passenger,1,0,1,17,18,5.56
April 30 2021,Sussex,NJ,Passenger,1,0,1,2,3,33.33
May 31 2024,Pacific,WA,Truck,10,0,10,7769,7779,0.13
May 31 2025,San Juan,WA,Truck,52,0,52,5701,5753,0.90
February 28 2025,Hudson,NJ,Passenger,1,0,1,18,19,5.26
March 31 2017,Adams,WA,Truck,0,0,0,5069,5069,0.00
October 31 2020,El Paso,TX,Passenger,2,0,2,415,417,0.48
June 30 2022,Lake,IN,Passenger,0,1,1,11,12,8.33
January 31 2020,Loudoun,VA,Passenger,1,0,1,92,93,1.08
October 31 2019,Pend Oreille,WA,Passenger,7,6,13,9480,9493,0.14
January 31 2022,Fairfax,VA,Passenger,5,3,8,697,705,1.13
July 31 2018,Skamania,WA,Truck,0,0,0,3964,3964,0.00
May 31 2018,Ramsey,MN,Passenger,1,0,1,43,44,2.27
November 30 2023,Spokane,WA,Passenger,2772,1341,4113,321731,325844,1.26
March 31 2019,Grant,WA,Truck,0,0,0,26326,26326,0.00
March 31 2020,St. Mary's,MD,Passenger,1,0,1,223,224,0.45
December 31 2024,St. Charles,MO,Passenger,1,0,1,25,26,3.85
May 31 2018,Clark,WA,Truck,0,0,0,78874,78874,0.00
January 31 2024,Adams,WA,Truck,3,0,3,5361,5364,0.06
November 30 2024,Clay,FL,Passenger,1,0,1,62,63,1.59
April 30 2025,Contra Costa,CA,Passenger,4,1,5,115,120,4.17
May 31 2019,Santa Clara,CA,Passenger,9,1,10,398,408,2.45
February 29 2020,Mason,WA,Truck,0,0,0,20589,20589,0.00
May 31 2020,Clark,NV,Passenger,4,3,7,768,775,0.90
March 31 2025,Honolulu,HI,Passenger,1,2,3,234,237,1.27
May 31 2024,Rockingham,NH,Passenger,1,0,1,15,16,6.25
May 31 2020,Montgomery,AL,Passenger,1,1,2,37,39,5.13
May 31 2018,Pima,AZ,Passenger,1,1,2,451,453,0.44
July 31 2021,Norfolk,VA,Passenger,2,3,5,316,321,1.56
September 30 2018,Lee,AL,Passenger,1,0,1,37,38,2.63
January 31 2019,Jefferson,WA,Passenger,175,112,287,24829,25116,1.14
February 28 2023,Flathead,MT,Passenger,1,0,1,43,44,2.27
July 31 2020,Riverside,CA,Passenger,5,1,6,658,664,0.90
March 31 2022,Maricopa,AZ,Passenger,14,4,18,1338,1356,1.33
August 31 2019,Middlesex,MA,Passenger,1,0,1,112,113,0.88
June 30 2022,Broward,FL,Passenger,1,0,1,91,92,1.09
July 31 2024,Arapahoe,CO,Passenger,2,1,3,67,70,4.29
December 31 2020,Rogers,OK,Passenger,1,0,1,9,10,10.00
October 31 2021,St. Mary's,MD,Passenger,1,0,1,228,229,0.44
January 31 2024,Howard,MD,Passenger,0,2,2,63,65,3.08
August 31 2019,Putnam,TN,Passenger,0,1,1,4,5,20.00
October 31 2023,Snohomish,WA,Truck,216,0,216,120553,120769,0.18
March 31 2022,Clark,WA,Passenger,3742,1654,5396,317701,323097,1.67
January 31 2022,Sevier,AR,Passenger,0,1,1,1,2,50.00
January 31 2023,Bell,TX,Passenger,1,0,1,317,318,0.31
August 31 2024,Caddo,LA,Passenger,3,0,3,14,17,17.65
February 28 2019,Island,WA,Truck,0,0,0,21144,21144,0.00
August 31 2018,Jefferson,CO,Passenger,0,1,1,64,65,1.54
February 28 2023,Spokane,WA,Truck,25,0,25,101567,101592,0.02
February 28 2022,Wise,TX,Passenger,1,0,1,9,10,10.00
December 31 2018,Allegheny,PA,Passenger,1,0,1,89,90,1.11
November 30 2024,Greene,OH,Passenger,2,0,2,17,19,10.53
May 31 2024,Rockdale,GA,Passenger,1,0,1,7,8,12.50
June 30 2021,Travis,TX,Passenger,4,4,8,190,198,4.04
February 28 2023,Kootenai,ID,Passenger,1,3,4,169,173,2.31
May 31 2021,Arlington,VA,Passenger,1,1,2,156,158,1.27
April 30 2024,Geary,KS,Truck,1,0,1,23,24,4.17
February 28 2022,Walla Walla,WA,Truck,0,0,0,14060,14060,0.00
January 31 2017,Brown,WI,Passenger,1,0,1,45,46,2.17
November 30 2017,Maui,HI,Passenger,1,0,1,68,69,1.45
December 31 2020,Collin,TX,Passenger,2,1,3,138,141,2.13
February 29 2024,Harris,TX,Passenger,2,1,3,163,166,1.81
December 31 2019,Hillsborough,FL,Passenger,0,1,1,201,202,0.50
August 31 2024,El Paso,CO,Truck,1,0,1,132,133,0.75
October 31 2023,Jefferson,NY,Passenger,2,0,2,195,197,1.02
December 31 2021,New London,CT,Passenger,2,4,6,220,226,2.65
August 31 2021,Lake,FL,Passenger,1,0,1,27,28,3.57
February 28 2022,Platte,MO,Passenger,1,1,2,19,21,9.52
May 31 2022,Coryell,TX,Passenger,1,0,1,104,105,0.95
October 31 2022,Monroe,WI,Passenger,1,0,1,11,12,8.33
January 31 2022,Whatcom,WA,Truck,3,0,3,43550,43553,0.01
August 31 2023,Hamilton,IN,Passenger,1,0,1,26,27,3.70
September 30 2023,Allen,IN,Passenger,1,0,1,10,11,9.09
February 29 2024,Allegheny,PA,Passenger,4,0,4,62,66,6.06
September 30 2024,Kitsap,WA,Passenger,4987,1772,6759,174534,181293,3.73
April 30 2021,Placer,CA,Passenger,2,0,2,95,97,2.06
July 31 2024,St. Mary's,MD,Passenger,4,0,4,191,195,2.05
December 31 2018,Monterey,CA,Passenger,0,1,1,197,198,0.51
January 31 2021,Dallas,IA,Passenger,0,1,1,11,12,8.33
January 31 2020,Riverside,CA,Passenger,6,1,7,687,694,1.01
December 31 2020,Deschutes,OR,Passenger,2,0,2,148,150,1.33
December 31 2018,Los Angeles,CA,Passenger,6,6,12,1149,1161,1.03
August 31 2018,Prince George,VA,Passenger,0,1,1,75,76,1.32
March 31 2021,Adams,WA,Truck,0,0,0,5373,5373,0.00
September 30 2024,Anne Arundel,MD,Truck,1,0,1,39,40,2.50
February 28 2017,Douglas,WA,Passenger,30,19,49,26537,26586,0.18
April 30 2025,Calvert,MD,Passenger,0,1,1,61,62,1.61
June 30 2019,,,Passenger,5,2,7,427,434,1.61
August 31 2018,Latah,ID,Passenger,0,1,1,82,83,1.20
April 30 2019,El Paso,TX,Passenger,2,0,2,488,490,0.41
December 31 2018,Fulton,GA,Passenger,1,3,4,112,116,3.45
April 30 2025,Montgomery,MD,Passenger,5,1,6,164,170,3.53
September 30 2021,Snohomish,WA,Truck,1,0,1,125814,125815,0.00
October 31 2022,Loudoun,VA,Passenger,3,1,4,69,73,5.48
September 30 2024,Benton,AR,Passenger,1,0,1,16,17,5.88
November 30 2020,Jones,GA,Passenger,1,0,1,0,1,100.00
July 31 2022,Yavapai,AZ,Passenger,0,1,1,34,35,2.86
September 30 2021,Henrico,VA,Passenger,0,1,1,21,22,4.55
May 31 2023,New Haven,CT,Passenger,0,2,2,28,30,6.67
February 28 2025,Monterey,CA,Truck,1,0,1,25,26,3.85
June 30 2023,Palm Beach,FL,Passenger,3,1,4,55,59,6.78
October 31 2022,Chesterfield,VA,Passenger,1,0,1,45,46,2.17
November 30 2024,St. Lawrence,NY,Passenger,1,0,1,4,5,20.00
July 31 2024,Washington,OR,Passenger,3,0,3,219,222,1.35
February 29 2024,Beaufort,SC,Passenger,1,0,1,30,31,3.23
April 30 2021,Ferry,WA,Passenger,10,3,13,4404,4417,0.29
March 31 2022,Harris,TX,Passenger,1,1,2,216,218,0.92
May 31 2025,Clallam,WA,Truck,50,0,50,20729,20779,0.24
November 30 2024,Muscogee,GA,Passenger,2,2,4,99,103,3.88
January 31 2020,Manassas,VA,Passenger,0,1,1,7,8,12.50
June 30 2018,Broward,FL,Passenger,1,1,2,133,135,1.48
January 31 2025,King,WA,Passenger,92648,21739,114387,1301298,1415685,8.08
April 30 2024,Adams,CO,Passenger,1,0,1,35,36,2.78
December 31 2022,Benton,WA,Truck,10,0,10,43260,43270,0.02
July 31 2020,Garfield,WA,Passenger,0,1,1,1351,1352,0.07
August 31 2022,New London,CT,Passenger,2,5,7,201,208,3.37
December 31 2019,Alexandria,VA,Passenger,1,0,1,146,147,0.68
March 31 2018,Franklin,MA,Passenger,0,1,1,3,4,25.00
March 31 2018,Maricopa,AZ,Passenger,1,2,3,1700,1703,0.18
October 31 2020,Stevens,WA,Passenger,36,39,75,30330,30405,0.25
November 30 2021,Clark,WA,Truck,0,0,0,83958,83958,0.00
November 30 2024,Charleston,SC,Passenger,0,2,2,51,53,3.77
January 31 2021,Queens,NY,Passenger,1,0,1,57,58,1.72
August 31 2017,Orleans,LA,Passenger,0,1,1,45,46,2.17
August 31 2022,Orange,CA,Passenger,9,3,12,444,456,2.63
August 31 2024,Asotin,WA,Passenger,54,29,83,12242,12325,0.67
June 30 2017,Okanogan,WA,Truck,0,0,0,16196,16196,0.00
November 30 2019,Prince George's,MD,Passenger,1,1,2,182,184,1.09
November 30 2024,Lewis,WA,Passenger,571,429,1000,59866,60866,1.64
May 31 2023,Lee,AL,Passenger,1,0,1,20,21,4.76
July 31 2023,DeKalb,GA,Passenger,2,0,2,48,50,4.00
December 31 2023,Sussex,NJ,Passenger,1,0,1,2,3,33.33
October 31 2022,Marin,CA,Passenger,2,2,4,40,44,9.09
April 30 2023,San Mateo,CA,Passenger,6,1,7,101,108,6.48
November 30 2019,Montgomery,OH,Passenger,0,1,1,49,50,2.00
November 30 2024,Hamilton,OH,Passenger,2,0,2,36,38,5.26
September 30 2022,Skamania,WA,Truck,0,0,0,3902,3902,0.00
December 31 2021,Montgomery,AL,Passenger,1,0,1,37,38,2.63
October 31 2024,Chelan,WA,Truck,69,0,69,22926,22995,0.30
May 31 2017,Arlington,VA,Passenger,1,1,2,178,180,1.11
July 31 2022,Maui,HI,Passenger,1,0,1,25,26,3.85
December 31 2018,Benton,WA,Truck,0,0,0,41544,41544,0.00
August 31 2019,Washoe,NV,Passenger,2,0,2,119,121,1.65
December 31 2023,Dallas,TX,Passenger,2,0,2,94,96,2.08
August 31 2021,Gwinnett,GA,Passenger,1,0,1,68,69,1.45
September 30 2017,Grant,WA,Passenger,20,33,53,61445,61498,0.09
March 31 2024,Pacific,WA,Truck,9,0,9,7767,7776,0.12
March 31 2022,Lewis,WA,Truck,0,0,0,26501,26501,0.00
September 30 2022,San Francisco,CA,Passenger,3,0,3,93,96,3.12
January 31 2021,Kings,NY,Passenger,2,0,2,70,72,2.78
August 31 2023,Fresno,CA,Passenger,1,0,1,157,158,0.63
October 31 2022,Muscogee,GA,Passenger,1,2,3,143,146,2.05
May 31 2022,Danville,VA,Passenger,1,0,1,0,1,100.00
January 31 2024,DuPage,IL,Passenger,6,1,7,35,42,16.67
September 30 2021,San Luis Obispo,CA,Passenger,1,0,1,75,76,1.32
July 31 2022,Louisa,VA,Passenger,0,1,1,2,3,33.33
January 31 2022,Shelby,OH,Passenger,0,1,1,3,4,25.00
May 31 2020,DeKalb,IN,Passenger,1,0,1,1,2,50.00
April 30 2017,Marion,OR,Passenger,1,0,1,188,189,0.53
December 31 2019,Sussex,NJ,Passenger,1,0,1,3,4,25.00
August 31 2023,Mason,WA,Truck,14,0,14,20555,20569,0.07
July 31 2020,Clackamas,OR,Passenger,2,0,2,213,215,0.93
April 30 2021,Sacramento,CA,Passenger,2,1,3,266,269,1.12
December 31 2022,Santa Cruz,CA,Passenger,1,0,1,22,23,4.35
August 31 2020,Island,WA,Truck,1,0,1,21171,21172,0.00
January 31 2024,Thurston,WA,Truck,97,0,97,53264,53361,0.18
February 29 2020,Newport,RI,Passenger,0,1,1,82,83,1.20
December 31 2023,Pend Oreille,WA,Truck,2,0,2,5571,5573,0.04
April 30 2024,Mason,WA,Truck,23,0,23,20422,20445,0.11
March 31 2025,Kitsap,WA,Passenger,5709,1980,7689,173518,181207,4.24
March 31 2024,Jefferson,KY,Passenger,1,0,1,36,37,2.70
August 31 2023,Los Angeles,CA,Passenger,10,4,14,754,768,1.82
February 28 2019,Benton,WA,Passenger,233,245,478,132931,133409,0.36
January 31 2025,Ada,ID,Passenger,2,0,2,109,111,1.80
March 31 2019,Sacramento,CA,Passenger,0,1,1,310,311,0.32
June 30 2024,Monterey,CA,Passenger,1,5,6,130,136,4.41
September 30 2023,Platte,MO,Passenger,2,1,3,18,21,14.29
August 31 2020,Cascade,MT,Passenger,0,1,1,66,67,1.49
September 30 2018,Larimer,CO,Passenger,1,0,1,68,69,1.45
April 30 2021,Montgomery,MD,Passenger,1,0,1,248,249,0.40
June 30 2023,Suffolk,MA,Passenger,4,1,5,32,37,13.51
May 31 2024,Duval,FL,Passenger,2,1,3,235,238,1.26
March 31 2020,Clark,NV,Passenger,4,3,7,771,778,0.90
March 31 2020,Prince William,VA,Passenger,2,4,6,228,234,2.56
June 30 2018,St. Lucie,FL,Passenger,1,0,1,25,26,3.85
June 30 2024,Saratoga,NY,Passenger,1,1,2,40,42,4.76
February 28 2025,San Diego,CA,Passenger,28,8,36,1812,1848,1.95
December 31 2022,San Bernardino,CA,Passenger,2,1,3,376,379,0.79
March 31 2022,Jefferson,IL,Passenger,1,0,1,1,2,50.00
May 31 2023,Wise,TX,Passenger,2,0,2,10,12,16.67
July 31 2018,Walla Walla,WA,Passenger,34,43,77,35722,35799,0.22
July 31 2020,Richland,SC,Passenger,0,1,1,149,150,0.67
August 31 2022,DuPage,IL,Passenger,4,1,5,54,59,8.47
December 31 2022,Currituck,NC,Passenger,1,0,1,23,24,4.17
April 30 2024,Weld,CO,Passenger,1,0,1,18,19,5.26
August 31 2018,San Juan,WA,Truck,0,0,0,5749,5749,0.00
February 29 2024,Clay,FL,Passenger,1,0,1,71,72,1.39
December 31 2021,Providence,RI,Passenger,1,0,1,22,23,4.35
July 31 2021,Vigo,IN,Passenger,1,0,1,5,6,16.67
November 30 2024,Charles,MD,Passenger,1,1,2,46,48,4.17
December 31 2017,Prince George,VA,Passenger,0,1,1,72,73,1.37
November 30 2024,Kauai,HI,Passenger,0,1,1,17,18,5.56
March 31 2022,Fulton,GA,Passenger,1,1,2,89,91,2.20
March 31 2021,New London,CT,Passenger,1,2,3,224,227,1.32
April 30 2020,Cochise,AZ,Passenger,0,1,1,110,111,0.90
February 28 2019,Pacific,WA,Passenger,22,26,48,15854,15902,0.30
December 31 2021,Loudoun,VA,Passenger,1,0,1,75,76,1.32
March 31 2025,Laramie,WY,Passenger,1,1,2,18,20,10.00
January 31 2022,Harrison,MS,Passenger,2,0,2,52,54,3.70
May 31 2019,Cameron,TX,Passenger,1,0,1,36,37,2.70
December 31 2017,Kitsap,WA,Truck,1,0,1,52693,52694,0.00
November 30 2024,Washtenaw,MI,Passenger,0,2,2,19,21,9.52
October 31 2017,DeKalb,IN,Passenger,1,0,1,1,2,50.00
June 30 2022,Dakota,MN,Passenger,0,1,1,19,20,5.00
November 30 2024,Davidson,TN,Passenger,1,0,1,33,34,2.94
May 31 2025,DuPage,IL,Passenger,3,0,3,22,25,12.00
September 30 2024,Anne Arundel,MD,Passenger,6,3,9,283,292,3.08
July 31 2024,Sedgwick,KS,Passenger,0,1,1,53,54,1.85
June 30 2021,Okanogan,WA,Passenger,61,38,99,26486,26585,0.37
April 30 2024,Atlantic,NJ,Passenger,1,0,1,6,7,14.29
June 30 2018,Prince George's,MD,Passenger,1,1,2,190,192,1.04
October 31 2024,El Paso,CO,Truck,1,0,1,127,128,0.78
February 29 2024,Pettis,MO,Passenger,1,0,1,4,5,20.00
January 31 2025,Hennepin,MN,Passenger,1,0,1,38,39,2.56
November 30 2018,Santa Clara,CA,Passenger,8,1,9,402,411,2.19
March 31 2022,Allegheny,PA,Passenger,2,1,3,73,76,3.95
September 30 2017,Monterey,CA,Passenger,0,2,2,201,203,0.99
March 31 2019,San Diego,CA,Passenger,11,3,14,2645,2659,0.53
January 31 2017,Bexar,TX,Passenger,3,3,6,1271,1277,0.47
November 30 2020,Plaquemines,LA,Passenger,0,1,1,15,16,6.25
March 31 2018,Los Angeles,CA,Passenger,4,5,9,1217,1226,0.73
December 31 2024,Pierce,WA,Truck,532,0,532,132561,133093,0.40
November 30 2019,Clallam,WA,Passenger,195,153,348,50878,51226,0.68
July 31 2024,Bay,FL,Passenger,2,0,2,25,27,7.41
November 30 2024,Newport,RI,Passenger,0,2,2,42,44,4.55
January 31 2021,Virginia Beach,VA,Passenger,2,0,2,642,644,0.31
April 30 2025,Grant,WA,Truck,51,0,51,27729,27780,0.18
December 31 2022,St. Lawrence,NY,Passenger,1,0,1,5,6,16.67
July 31 2024,San Juan,WA,Passenger,755,217,972,13583,14555,6.68
August 31 2023,Cumberland,NC,Passenger,2,3,5,349,354,1.41
September 30 2017,Moore,NC,Passenger,0,1,1,201,202,0.50
October 31 2019,Whatcom,WA,Passenger,948,468,1416,151351,152767,0.93
October 31 2018,Allegheny,PA,Passenger,1,0,1,91,92,1.09
April 30 2024,Wahkiakum,WA,Truck,5,0,5,1755,1760,0.28
October 31 2024,Island,WA,Truck,74,0,74,20597,20671,0.36
March 31 2023,Yuba,CA,Passenger,1,0,1,56,57,1.75
May 31 2020,Chatham,NC,Passenger,1,0,1,7,8,12.50
October 31 2020,Miami-Dade,FL,Passenger,1,0,1,118,119,0.84
December 31 2021,Kern,CA,Passenger,1,1,2,208,210,0.95
May 31 2020,Camden,NJ,Passenger,0,1,1,19,20,5.00
July 31 2020,Adams,WA,Truck,0,0,0,5279,5279,0.00
March 31 2025,San Juan,WA,Passenger,822,260,1082,13277,14359,7.54
October 31 2023,Columbia,GA,Passenger,1,1,2,81,83,2.41
February 29 2020,Harris,TX,Passenger,1,0,1,294,295,0.34
January 31 2018,Clallam,WA,Passenger,106,95,201,49265,49466,0.41
September 30 2023,Okanogan,WA,Truck,7,0,7,16354,16361,0.04
June 30 2021,Okanogan,WA,Truck,0,0,0,16746,16746,0.00
February 28 2023,Cascade,MT,Passenger,0,1,1,43,44,2.27
October 31 2022,Franklin,WA,Truck,2,0,2,20853,20855,0.01
July 31 2017,Twin Falls,ID,Passenger,0,1,1,25,26,3.85
March 31 2025,Thurston,WA,Truck,247,0,247,52667,52914,0.47
March 31 2018,Snohomish,WA,Truck,1,0,1,121212,121213,0.00
April 30 2021,Oldham,KY,Passenger,0,1,1,5,6,16.67
February 28 2023,Island,WA,Passenger,973,408,1381,60795,62176,2.22
January 31 2020,Albemarle,VA,Passenger,1,0,1,29,30,3.33
February 29 2024,Cumberland,PA,Passenger,1,0,1,48,49,2.04
March 31 2018,Clark,WA,Truck,0,0,0,78585,78585,0.00
May 31 2019,Skamania,WA,Truck,0,0,0,4054,4054,0.00
May 31 2022,Lee,FL,Passenger,1,0,1,48,49,2.04
April 30 2023,Skagit,WA,Truck,18,0,18,31910,31928,0.06
July 31 2023,Okanogan,WA,Passenger,127,65,192,26027,26219,0.73
June 30 2019,Pacific,WA,Truck,0,0,0,7646,7646,0.00
June 30 2018,Skagit,WA,Truck,1,0,1,32031,32032,0.00
June 30 2021,Anchorage,AK,Passenger,1,0,1,154,155,0.65
January 31 2024,Duval,FL,Truck,1,0,1,56,57,1.75
April 30 2020,Henrico,VA,Passenger,0,1,1,21,22,4.55
April 30 2019,Stevens,WA,Truck,0,0,0,18664,18664,0.00
August 31 2017,Duval,FL,Passenger,1,1,2,379,381,0.52
September 30 2018,St. Clair,IL,Passenger,0,1,1,168,169,0.59
January 31 2025,Lee,AL,Passenger,1,0,1,15,16,6.25
March 31 2025,Williamson,TN,Passenger,0,1,1,6,7,14.29
April 30 2019,Denver,CO,Passenger,1,0,1,143,144,0.69
August 31 2018,Clay,FL,Passenger,0,1,1,97,98,1.02
October 31 2021,Dorchester,SC,Passenger,1,0,1,80,81,1.23
September 30 2022,Calvert,MD,Passenger,0,3,3,86,89,3.37
July 31 2018,Dallas,TX,Passenger,0,1,1,207,208,0.48
April 30 2024,Harris,TX,Passenger,2,2,4,156,160,2.50
September 30 2021,Saratoga,NY,Passenger,1,0,1,49,50,2.00
August 31 2018,Salt Lake,UT,Passenger,1,0,1,242,243,0.41
August 31 2020,San Mateo,CA,Passenger,1,1,2,130,132,1.52
November 30 2020,Nassau,FL,Passenger,1,0,1,39,40,2.50
November 30 2024,Montgomery,TX,Passenger,1,0,1,20,21,4.76
October 31 2018,Orange,FL,Passenger,3,1,4,176,180,2.22
July 31 2018,Skamania,WA,Passenger,13,9,22,8632,8654,0.25
September 30 2023,St. Louis,MO,Passenger,1,0,1,60,61,1.64
March 31 2021,Honolulu,HI,Passenger,5,3,8,484,492,1.63
June 30 2023,Deschutes,OR,Passenger,2,0,2,98,100,2.00
April 30 2021,Burlington,NJ,Passenger,0,1,1,131,132,0.76
June 30 2023,Okaloosa,FL,Passenger,0,2,2,107,109,1.83
December 31 2017,Salt Lake,UT,Passenger,1,0,1,251,252,0.40
February 28 2017,Skamania,WA,Truck,0,0,0,3888,3888,0.00
June 30 2022,Clallam,WA,Passenger,421,250,671,49696,50367,1.33
November 30 2022,Ada,ID,Passenger,2,0,2,189,191,1.05
August 31 2023,San Bernardino,CA,Passenger,4,1,5,363,368,1.36
May 31 2022,Middlesex,MA,Passenger,1,0,1,98,99,1.01
December 31 2019,Contra Costa,CA,Passenger,3,3,6,334,340,1.76
February 29 2020,Clark,WA,Passenger,1969,1060,3029,320307,323336,0.94
June 30 2018,Polk,FL,Passenger,1,0,1,72,73,1.37
May 31 2019,Marion,OR,Passenger,1,0,1,126,127,0.79
February 28 2018,Whitman,WA,Truck,0,0,0,8456,8456,0.00
March 31 2018,Monterey,CA,Passenger,0,2,2,197,199,1.01
February 29 2024,Orange,FL,Passenger,5,0,5,70,75,6.67
January 31 2024,Prince George,VA,Passenger,1,0,1,58,59,1.69
December 31 2024,Isle of Wight,VA,Passenger,0,1,1,14,15,6.67
May 31 2025,Chesterfield,VA,Passenger,1,0,1,34,35,2.86
April 30 2025,Frederick,MD,Passenger,1,2,3,41,44,6.82
January 31 2024,San Juan,WA,Truck,30,0,30,5897,5927,0.51
February 28 2021,Alexandria,VA,Passenger,3,0,3,135,138,2.17
January 31 2023,Pacific,WA,Truck,2,0,2,7807,7809,0.03
November 30 2017,Juneau,AK,Passenger,0,1,1,48,49,2.04
October 31 2023,Whatcom,WA,Passenger,2820,992,3812,147570,151382,2.52
November 30 2023,Chelan,WA,Truck,39,0,39,23121,23160,0.17
June 30 2022,Stevens,WA,Passenger,68,54,122,30054,30176,0.40
March 31 2020,Palm Beach,FL,Passenger,0,3,3,84,87,3.45
October 31 2021,Champaign,IL,Passenger,1,0,1,15,16,6.25
December 31 2022,Goochland,VA,Passenger,3,2,5,138,143,3.50
July 31 2024,Laramie,WY,Passenger,1,1,2,29,31,6.45
June 30 2019,Collin,TX,Passenger,2,1,3,155,158,1.90
May 31 2020,Sedgwick,KS,Passenger,1,1,2,102,104,1.92
February 28 2023,Harford,MD,Passenger,1,1,2,49,51,3.92
April 30 2020,Orange,NC,Passenger,1,0,1,15,16,6.25
October 31 2017,Albemarle,VA,Passenger,0,1,1,31,32,3.12
April 30 2025,Douglas,WA,Passenger,403,111,514,28818,29332,1.75
December 31 2020,Camden,NJ,Passenger,0,1,1,17,18,5.56
August 31 2021,Powhatan,VA,Passenger,1,0,1,1,2,50.00
July 31 2023,Garfield,WA,Truck,0,0,0,977,977,0.00
December 31 2024,Suffolk,MA,Passenger,3,1,4,25,29,13.79
June 30 2022,Pinellas,FL,Passenger,0,1,1,91,92,1.09
March 31 2021,DuPage,IL,Passenger,4,1,5,60,65,7.69
October 31 2024,Montgomery,OH,Passenger,0,1,1,41,42,2.38
May 31 2017,Manassas,VA,Passenger,0,1,1,9,10,10.00
January 31 2022,Klickitat,WA,Passenger,90,55,145,15283,15428,0.94
April 30 2023,Benton,WA,Passenger,1087,551,1638,135237,136875,1.20
October 31 2022,Adams,WA,Truck,1,0,1,5422,5423,0.02
August 31 2019,Maricopa,AZ,Passenger,8,6,14,1721,1735,0.81
June 30 2024,Pend Oreille,WA,Passenger,38,19,57,8653,8710,0.65
July 31 2018,Sangamon,IL,Passenger,1,0,1,11,12,8.33
April 30 2024,Jefferson,IL,Passenger,1,0,1,1,2,50.00
October 31 2023,Ray,MO,Passenger,0,1,1,1,2,50.00
December 31 2017,Anne Arundel,MD,Passenger,0,1,1,475,476,0.21
February 28 2021,Contra Costa,CA,Passenger,3,4,7,271,278,2.52
January 31 2023,Cass,MN,Passenger,0,1,1,2,3,33.33
August 31 2019,Clark,WA,Passenger,1646,960,2606,315335,317941,0.82
July 31 2023,Churchill,NV,Passenger,0,1,1,41,42,2.38
July 31 2019,Kittitas,WA,Truck,0,0,0,14489,14489,0.00
October 31 2022,Hanover,VA,Passenger,1,0,1,3,4,25.00
September 30 2022,Kittitas,WA,Passenger,289,92,381,29554,29935,1.27
February 28 2025,Middlesex,MA,Passenger,4,0,4,65,69,5.80
April 30 2019,Rogers,OK,Passenger,1,0,1,8,9,11.11
September 30 2022,Sacramento,CA,Passenger,2,1,3,250,253,1.19
May 31 2017,Snohomish,WA,Passenger,1738,864,2602,512452,515054,0.51
October 31 2024,Meade,KY,Passenger,1,0,1,18,19,5.26
May 31 2025,Saginaw,MI,Passenger,0,1,1,2,3,33.33
October 31 2020,Spokane,WA,Truck,0,0,0,100114,100114,0.00
March 31 2025,Anne Arundel,MD,Passenger,6,3,9,251,260,3.46
October 31 2024,Middlesex,CT,Passenger,1,0,1,5,6,16.67
September 30 2017,Frederick,MD,Passenger,0,1,1,84,85,1.18
March 31 2019,Sangamon,IL,Passenger,2,0,2,7,9,22.22
March 31 2017,Latah,ID,Passenger,0,1,1,125,126,0.79
August 31 2022,Lexington,SC,Passenger,1,0,1,23,24,4.17
January 31 2024,Charlottesville,VA,Passenger,0,3,3,5,8,37.50
January 31 2023,Camden,NJ,Passenger,0,1,1,11,12,8.33
September 30 2021,Pend Oreille,WA,Passenger,17,7,24,9229,9253,0.26
April 30 2022,Bexar,TX,Passenger,4,4,8,529,537,1.49
February 29 2024,Greene,OH,Passenger,2,0,2,23,25,8.00
March 31 2018,Skagit,WA,Truck,1,0,1,31913,31914,0.00
June 30 2017,Eagle,CO,Passenger,1,0,1,7,8,12.50
May 31 2019,Franklin,WA,Passenger,51,69,120,59751,59871,0.20
November 30 2019,Maricopa,AZ,Passenger,8,8,16,1711,1727,0.93
August 31 2023,Washington,WI,Passenger,1,0,1,1,2,50.00
February 28 2017,Palm Beach,FL,Passenger,0,1,1,103,104,0.96
February 28 2025,Orange,NY,Passenger,1,1,2,34,36,5.56
December 31 2022,Geary,KS,Passenger,1,0,1,82,83,1.20
April 30 2025,Rockdale,GA,Passenger,1,0,1,6,7,14.29
March 31 2019,,,Passenger,4,2,6,427,433,1.39
August 31 2024,Charleston,SC,Passenger,0,2,2,54,56,3.57
December 31 2020,Juneau,AK,Passenger,0,1,1,30,31,3.23
January 31 2022,Snohomish,WA,Truck,3,0,3,125148,125151,0.00
August 31 2019,Whatcom,WA,Truck,2,0,2,42969,42971,0.00
October 31 2023,Miami-Dade,FL,Passenger,3,0,3,76,79,3.80
August 31 2022,El Paso,CO,Passenger,4,7,11,653,664,1.66
November 30 2024,Churchill,NV,Passenger,0,1,1,37,38,2.63
March 31 2022,Spokane,WA,Truck,0,0,0,102257,102257,0.00
March 31 2025,Sonoma,CA,Passenger,0,1,1,56,57,1.75
July 31 2022,Isle of Wight,VA,Passenger,0,1,1,20,21,4.76
January 31 2025,Franklin,WA,Passenger,615,218,833,63035,63868,1.30
December 31 2024,Pima,AZ,Passenger,2,0,2,156,158,1.27
November 30 2018,Anne Arundel,MD,Passenger,0,1,1,448,449,0.22
April 30 2023,Hamilton,OH,Truck,1,0,1,3,4,25.00
March 31 2021,Montgomery,PA,Passenger,1,0,1,27,28,3.57
January 31 2020,Williamson,TX,Passenger,0,2,2,176,178,1.12
March 31 2020,Alexandria,VA,Passenger,1,0,1,140,141,0.71
September 30 2021,Suffolk,MA,Passenger,1,2,3,34,37,8.11
April 30 2017,Anne Arundel,MD,Passenger,0,1,1,502,503,0.20
March 31 2022,Cowlitz,WA,Truck,0,1,1,28829,28830,0.00
October 31 2018,Chelan,WA,Passenger,126,59,185,53918,54103,0.34
February 28 2023,Allegheny,PA,Passenger,2,0,2,71,73,2.74
May 31 2019,Sedgwick,KS,Passenger,0,1,1,109,110,0.91
January 31 2019,Contra Costa,CA,Passenger,1,2,3,393,396,0.76
February 28 2025,Jefferson,KY,Passenger,1,0,1,28,29,3.45
May 31 2024,Hennepin,MN,Passenger,1,0,1,45,46,2.17
September 30 2021,Pinellas,FL,Passenger,0,1,1,107,108,0.93
June 30 2017,Franklin,WA,Truck,0,0,0,18115,18115,0.00
February 29 2020,Chelan,WA,Truck,0,0,0,22559,22559,0.00
May 31 2021,Prince George's,MD,Passenger,2,1,3,159,162,1.85
August 31 2019,Tarrant,TX,Passenger,3,0,3,218,221,1.36
April 30 2022,Hamilton,IN,Passenger,2,0,2,30,32,6.25
April 30 2023,Newport,RI,Truck,1,0,1,6,7,14.29
May 31 2025,Virginia Beach,VA,Passenger,5,2,7,368,375,1.87
August 31 2017,Walla Walla,WA,Passenger,27,27,54,34966,35020,0.15
February 28 2018,Asotin,WA,Truck,0,0,0,6577,6577,0.00
October 31 2023,Pacific,WA,Passenger,86,100,186,15475,15661,1.19
October 31 2022,St. Louis,MO,Passenger,2,0,2,72,74,2.70
April 30 2017,Albemarle,VA,Passenger,0,1,1,30,31,3.23
November 30 2022,Clackamas,OR,Passenger,1,1,2,163,165,1.21
December 31 2019,Rogers,OK,Passenger,1,0,1,11,12,8.33
April 30 2020,Montgomery,OH,Passenger,0,1,1,47,48,2.08
September 30 2024,Kings,NY,Passenger,2,1,3,37,40,7.50
November 30 2023,Washoe,NV,Passenger,4,0,4,62,66,6.06
March 31 2022,Clallam,WA,Passenger,402,241,643,49905,50548,1.27
August 31 2020,Vigo,IN,Passenger,1,0,1,5,6,16.67
March 31 2019,Bucks,PA,Passenger,1,0,1,22,23,4.35
September 30 2017,,,Passenger,3,0,3,443,446,0.67
April 30 2018,Kent,MI,Passenger,0,1,1,35,36,2.78
September 30 2022,Arapahoe,CO,Passenger,0,1,1,97,98,1.02
January 31 2024,Bexar,TX,Passenger,4,4,8,410,418,1.91
July 31 2021,Richmond,NY,Passenger,1,0,1,7,8,12.50
October 31 2024,Maricopa,AZ,Passenger,10,1,11,698,709,1.55
September 30 2018,Thurston,WA,Passenger,619,526,1145,194413,195558,0.59
March 31 2017,Asotin,WA,Passenger,5,2,7,12331,12338,0.06
June 30 2017,Mercer,NJ,Passenger,0,1,1,17,18,5.56
June 30 2024,Pacific,WA,Truck,11,0,11,7759,7770,0.14
July 31 2018,Pacific,WA,Truck,0,0,0,7608,7608,0.00
October 31 2019,Prince William,VA,Passenger,1,4,5,231,236,2.12
June 30 2022,Snohomish,WA,Passenger,8349,2529,10878,531913,542791,2.00
September 30 2019,Saginaw,MI,Passenger,1,0,1,12,13,7.69
June 30 2024,Gwinnett,GA,Passenger,1,0,1,49,50,2.00
September 30 2023,Salt Lake,UT,Passenger,4,1,5,139,144,3.47
October 31 2019,Brevard,FL,Passenger,0,1,1,100,101,0.99
June 30 2024,Jefferson,KY,Passenger,1,0,1,35,36,2.78
September 30 2023,Beaufort,SC,Passenger,1,0,1,30,31,3.23
March 31 2022,Autauga,AL,Passenger,1,0,1,14,15,6.67
August 31 2017,Dallas,TX,Passenger,0,1,1,188,189,0.53
June 30 2019,Santa Rosa,FL,Passenger,1,0,1,90,91,1.10
December 31 2024,Weld,CO,Passenger,1,0,1,14,15,6.67
September 30 2023,San Juan,WA,Truck,17,0,17,5911,5928,0.29
June 30 2021,Douglas,CO,Passenger,1,1,2,86,88,2.27
April 30 2022,Loudoun,VA,Passenger,2,1,3,75,78,3.85
July 31 2017,Klickitat,WA,Truck,0,0,0,7941,7941,0.00
October 31 2024,Greene,OH,Passenger,2,0,2,17,19,10.53
March 31 2023,,,Passenger,5,2,7,330,337,2.08
November 30 2017,Okaloosa,FL,Passenger,1,0,1,185,186,0.54
December 31 2022,Bristol,MA,Passenger,1,0,1,9,10,10.00
June 30 2020,Clark,NV,Passenger,3,3,6,769,775,0.77
October 31 2021,Contra Costa,CA,Passenger,1,4,5,253,258,1.94
April 30 2023,Lewis,WA,Truck,6,0,6,26037,26043,0.02
December 31 2021,Santa Clara,CA,Passenger,15,3,18,301,319,5.64
October 31 2017,Sacramento,CA,Passenger,1,1,2,337,339,0.59
February 28 2025,,,Passenger,2,2,4,241,245,1.63
October 31 2024,Berkeley,SC,Passenger,1,0,1,92,93,1.08
May 31 2025,St. Louis,MO,Passenger,1,1,2,30,32,6.25
January 31 2018,Northampton,PA,Passenger,0,1,1,62,63,1.59
October 31 2024,Newport,RI,Truck,1,0,1,9,10,10.00
November 30 2019,Cumberland,NC,Passenger,1,2,3,490,493,0.61
December 31 2019,Douglas,CO,Passenger,1,0,1,87,88,1.14
November 30 2017,Jefferson,WA,Truck,0,0,0,9453,9453,0.00
December 31 2022,Columbia,WA,Passenger,7,1,8,2435,2443,0.33
July 31 2017,Flathead,MT,Passenger,1,0,1,66,67,1.49
August 31 2022,Okanogan,WA,Passenger,86,48,134,26249,26383,0.51
December 31 2019,Jefferson,WA,Truck,0,0,0,9644,9644,0.00
November 30 2023,Cumberland,PA,Passenger,1,0,1,47,48,2.08
September 30 2020,St. Louis,MO,Passenger,1,0,1,103,104,0.96
June 30 2021,Orange,CA,Passenger,6,3,9,479,488,1.84
June 30 2017,Salt Lake,UT,Passenger,1,1,2,275,277,0.72
February 29 2020,Polk,FL,Passenger,1,0,1,82,83,1.20
May 31 2021,Allen,IN,Passenger,1,0,1,20,21,4.76
March 31 2024,Milwaukee,WI,Passenger,1,0,1,42,43,2.33
July 31 2024,Garfield,WA,Truck,0,0,0,995,995,0.00
November 30 2024,Spokane,WA,Passenger,4134,1837,5971,320431,326402,1.83
May 31 2022,Gwinnett,GA,Passenger,1,0,1,65,66,1.52
November 30 2022,Arapahoe,CO,Passenger,0,1,1,97,98,1.02
February 28 2017,Duval,FL,Passenger,1,1,2,372,374,0.53
March 31 2021,Lincoln,WA,Passenger,5,13,18,7675,7693,0.23
October 31 2024,Douglas,NE,Passenger,1,1,2,17,19,10.53
August 31 2021,Placer,CA,Passenger,2,0,2,86,88,2.27
December 31 2019,Ferry,WA,Truck,0,0,0,3579,3579,0.00
September 30 2022,Sedgwick,KS,Passenger,0,1,1,77,78,1.28
July 31 2017,Skagit,WA,Truck,1,0,1,31470,31471,0.00
June 30 2019,Contra Costa,CA,Passenger,2,2,4,374,378,1.06
October 31 2020,Spartanburg,SC,Passenger,0,1,1,53,54,1.85
March 31 2024,Osceola,FL,Passenger,1,0,1,21,22,4.55
November 30 2023,Kent,MI,Passenger,1,0,1,20,21,4.76
March 31 2021,Kings,NY,Passenger,2,0,2,75,77,2.60
March 31 2023,Lane,OR,Passenger,0,1,1,107,108,0.93
April 30 2023,Saratoga,NY,Passenger,1,1,2,49,51,3.92
June 30 2023,Middlesex,MA,Passenger,3,0,3,94,97,3.09
August 31 2020,Allegheny,PA,Passenger,2,0,2,84,86,2.33
March 31 2019,Pacific,WA,Truck,0,0,0,7648,7648,0.00
February 28 2019,Santa Cruz,CA,Passenger,1,0,1,43,44,2.27
April 30 2020,Chelan,WA,Truck,0,0,0,22447,22447,0.00
November 30 2018,Adams,WA,Truck,0,0,0,5155,5155,0.00
June 30 2017,Alameda,CA,Passenger,1,1,2,371,373,0.54
February 28 2021,Deschutes,OR,Passenger,2,0,2,150,152,1.32
November 30 2024,Skagit,WA,Passenger,1723,604,2327,87918,90245,2.58
March 31 2021,Garfield,WA,Truck,0,0,0,1009,1009,0.00
September 30 2019,Jones,GA,Passenger,1,0,1,0,1,100.00
June 30 2019,San Diego,CA,Passenger,11,3,14,2682,2696,0.52
January 31 2023,Yavapai,AZ,Passenger,0,1,1,31,32,3.12
December 31 2018,New York,NY,Passenger,1,0,1,84,85,1.18
October 31 2022,Broward,FL,Passenger,1,0,1,79,80,1.25
April 30 2020,New York,NY,Passenger,2,0,2,71,73,2.74
May 31 2023,Williamson,TN,Passenger,0,1,1,18,19,5.26
August 31 2018,El Paso,CO,Passenger,3,2,5,781,786,0.64
April 30 2020,Pierce,WA,Truck,0,0,0,141000,141000,0.00
May 31 2022,Columbia,WA,Passenger,7,0,7,2437,2444,0.29
August 31 2022,Sacramento,CA,Passenger,2,1,3,250,253,1.19
March 31 2020,Pend Oreille,WA,Truck,0,0,0,5754,5754,0.00
February 28 2021,Utah,UT,Passenger,0,1,1,147,148,0.68
February 29 2020,Fairbanks North Star,AK,Passenger,0,1,1,102,103,0.97
February 28 2023,Cumberland,NC,Passenger,1,4,5,367,372,1.34
April 30 2022,San Juan,WA,Truck,1,0,1,5979,5980,0.02
December 31 2023,Kootenai,ID,Truck,1,0,1,31,32,3.12
January 31 2018,Jefferson,NY,Passenger,1,0,1,230,231,0.43
May 31 2024,Skamania,WA,Truck,4,0,4,3846,3850,0.10
September 30 2024,Shelby,TN,Passenger,1,0,1,56,57,1.75
September 30 2022,Baltimore,MD,Passenger,1,0,1,83,84,1.19
March 31 2024,Yuba,CA,Passenger,1,0,1,52,53,1.89
January 31 2018,Pima,AZ,Passenger,1,1,2,447,449,0.45
November 30 2023,Columbia,GA,Passenger,1,1,2,79,81,2.47
May 31 2023,Thurston,WA,Passenger,3022,1203,4225,189422,193647,2.18
February 28 2023,Los Angeles,CA,Passenger,7,5,12,828,840,1.43
December 31 2020,Hudson,NJ,Passenger,1,0,1,44,45,2.22
November 30 2024,DeKalb,GA,Truck,1,0,1,0,1,100.00
May 31 2025,Brown,WI,Passenger,1,0,1,2,3,33.33
December 31 2023,Liberty,GA,Passenger,0,1,1,107,108,0.93
November 30 2018,Asotin,WA,Truck,0,0,0,6614,6614,0.00
October 31 2024,Charleston,SC,Passenger,0,2,2,53,55,3.64
February 28 2023,Lewis,WA,Truck,4,0,4,26163,26167,0.02
November 30 2022,Honolulu,HI,Passenger,5,3,8,408,416,1.92
May 31 2018,Utah,UT,Passenger,0,1,1,151,152,0.66
June 30 2024,James City,VA,Passenger,1,0,1,31,32,3.12
January 31 2021,Garfield,WA,Passenger,0,2,2,1360,1362,0.15
August 31 2022,Okanogan,WA,Truck,1,0,1,16518,16519,0.01
May 31 2020,Yakima,WA,Truck,0,0,0,59544,59544,0.00
October 31 2024,Newport,RI,Passenger,0,2,2,46,48,4.17
June 30 2024,Suffolk,MA,Passenger,3,1,4,30,34,11.76
February 28 2018,Anne Arundel,MD,Passenger,0,1,1,476,477,0.21
January 31 2020,Collier,FL,Passenger,1,0,1,25,26,3.85
September 30 2022,Tom Green,TX,Passenger,0,1,1,21,22,4.55
June 30 2023,Walla Walla,WA,Passenger,221,110,331,35405,35736,0.93
October 31 2023,Utah,UT,Passenger,2,0,2,104,106,1.89
June 30 2020,Deschutes,OR,Passenger,4,0,4,155,159,2.52
May 31 2023,Lincoln,WA,Truck,0,0,0,4838,4838,0.00
May 31 2021,Platte,MO,Passenger,1,0,1,17,18,5.56
May 31 2017,Monroe,NY,Passenger,1,0,1,27,28,3.57
November 30 2018,Franklin,WA,Truck,0,0,0,18976,18976,0.00
July 31 2017,Cowlitz,WA,Passenger,52,61,113,69769,69882,0.16
April 30 2018,Marin,CA,Passenger,1,0,1,59,60,1.67
August 31 2020,Lewis,WA,Passenger,112,119,231,58176,58407,0.40
August 31 2023,Dakota,MN,Passenger,0,1,1,14,15,6.67
May 31 2022,Kootenai,ID,Passenger,1,2,3,190,193,1.55
June 30 2017,Santa Fe,NM,Passenger,0,1,1,48,49,2.04
August 31 2019,Fairfax,VA,Passenger,4,1,5,770,775,0.65
January 31 2018,Maricopa,AZ,Passenger,1,1,2,1757,1759,0.11
July 31 2023,San Juan,WA,Truck,15,0,15,5933,5948,0.25
February 28 2022,Charlottesville,VA,Passenger,0,1,1,7,8,12.50
April 30 2021,Douglas,CO,Passenger,1,1,2,86,88,2.27
April 30 2017,Essex,NJ,Passenger,1,0,1,19,20,5.00
January 31 2024,Sacramento,CA,Truck,1,0,1,31,32,3.12
February 29 2020,Whatcom,WA,Truck,3,0,3,43120,43123,0.01
October 31 2021,San Francisco,CA,Passenger,1,2,3,107,110,2.73
February 29 2020,Broward,FL,Passenger,2,1,3,122,125,2.40
October 31 2019,Rogers,OK,Passenger,1,0,1,10,11,9.09
January 31 2024,Suffolk,VA,Passenger,1,1,2,107,109,1.83
May 31 2018,Pacific,WA,Passenger,16,19,35,15540,15575,0.22
January 31 2024,Sonoma,CA,Passenger,2,1,3,73,76,3.95
November 30 2017,Deschutes,OR,Passenger,1,0,1,192,193,0.52
August 31 2019,Flathead,MT,Passenger,1,0,1,76,77,1.30
March 31 2025,Ada,ID,Passenger,2,0,2,100,102,1.96
February 28 2022,Orange,CA,Passenger,7,3,10,460,470,2.13
January 31 2022,Jefferson,NY,Passenger,1,0,1,203,204,0.49
October 31 2017,Walla Walla,WA,Truck,0,0,0,13250,13250,0.00
February 28 2023,Grays Harbor,WA,Passenger,271,171,442,48517,48959,0.90
May 31 2025,Okanogan,WA,Truck,35,0,35,15881,15916,0.22
July 31 2023,Stafford,VA,Passenger,3,1,4,81,85,4.71
February 28 2023,Fulton,GA,Passenger,1,1,2,84,86,2.33
January 31 2024,King,WA,Passenger,71727,17400,89127,1313368,1402495,6.35
February 28 2022,Adams,WA,Passenger,17,14,31,12989,13020,0.24
April 30 2021,Tom Green,TX,Passenger,0,1,1,23,24,4.17
August 31 2022,Walla Walla,WA,Truck,2,0,2,13896,13898,0.01
February 28 2017,Ferry,WA,Truck,0,0,0,3563,3563,0.00
February 29 2024,Collier,FL,Passenger,1,0,1,14,15,6.67
December 31 2020,Grant,WA,Passenger,80,81,161,65872,66033,0.24
December 31 2023,Palm Beach,FL,Passenger,2,1,3,44,47,6.38
January 31 2020,Queens,NY,Passenger,1,0,1,55,56,1.79
August 31 2023,San Mateo,CA,Passenger,6,1,7,96,103,6.80
February 28 2019,Washoe,NV,Passenger,2,0,2,114,116,1.72
June 30 2017,Orange,CA,Passenger,3,1,4,650,654,0.61
July 31 2022,Rockingham,NH,Passenger,2,0,2,21,23,8.70
September 30 2020,Chelan,WA,Passenger,260,81,341,54285,54626,0.62
February 28 2019,Moore,NC,Passenger,0,1,1,183,184,0.54
April 30 2018,Charles,MD,Passenger,0,1,1,84,85,1.18
May 31 2019,Clackamas,OR,Passenger,1,1,2,232,234,0.85
March 31 2021,Whitman,WA,Truck,0,0,0,8551,8551,0.00
December 31 2023,Columbia,WA,Truck,0,0,0,1545,1545,0.00
January 31 2017,Kitsap,WA,Passenger,555,262,817,172346,173163,0.47
December 31 2022,Dakota,MN,Passenger,0,1,1,20,21,4.76
June 30 2023,Pend Oreille,WA,Truck,0,0,0,5602,5602,0.00
June 30 2017,Charles,MD,Passenger,0,1,1,89,90,1.11
July 31 2021,Shelby,OH,Passenger,0,1,1,3,4,25.00
July 31 2020,Ferry,WA,Passenger,7,3,10,4330,4340,0.23
February 28 2018,Santa Fe,NM,Passenger,0,1,1,45,46,2.17
January 31 2023,Bryan,GA,Passenger,0,1,1,35,36,2.78
October 31 2020,Vigo,IN,Passenger,1,0,1,6,7,14.29
October 31 2024,Norfolk,VA,Passenger,0,1,1,231,232,0.43
September 30 2024,Virginia Beach,VA,Truck,1,0,1,112,113,0.88
November 30 2024,Hunt,TX,Passenger,1,0,1,4,5,20.00
December 31 2022,Kootenai,ID,Passenger,1,2,3,174,177,1.69
January 31 2017,Franklin,WA,Truck,0,0,0,17905,17905,0.00
July 31 2020,Garfield,WA,Truck,0,0,0,986,986,0.00
February 28 2023,Adams,CO,Passenger,1,0,1,43,44,2.27
November 30 2023,Greene,OH,Passenger,2,0,2,24,26,7.69
April 30 2022,Alameda,CA,Passenger,7,2,9,243,252,3.57
October 31 2017,Norfolk,MA,Passenger,1,0,1,41,42,2.38
August 31 2020,Kent,MI,Passenger,0,1,1,32,33,3.03
May 31 2020,Okanogan,WA,Passenger,34,33,67,25858,25925,0.26
April 30 2020,Stevens,WA,Passenger,33,33,66,30930,30996,0.21
August 31 2021,Hudson,NJ,Passenger,1,0,1,46,47,2.13
November 30 2023,St. Lawrence,NY,Passenger,1,2,3,5,8,37.50
December 31 2020,Yakima,WA,Passenger,170,128,298,167170,167468,0.18
May 31 2022,Cowlitz,WA,Truck,1,1,2,28564,28566,0.01
January 31 2018,Pend Oreille,WA,Passenger,4,4,8,9441,9449,0.08
September 30 2022,Lane,OR,Passenger,0,1,1,116,117,0.85
April 30 2021,Klamath,OR,Passenger,1,0,1,39,40,2.50
November 30 2020,San Joaquin,CA,Passenger,1,0,1,124,125,0.80
February 29 2024,Klickitat,WA,Passenger,190,78,268,15068,15336,1.75
April 30 2025,,,Passenger,2,2,4,239,243,1.65
March 31 2020,Skamania,WA,Passenger,29,17,46,8710,8756,0.53
September 30 2020,El Paso,CO,Passenger,3,1,4,732,736,0.54
March 31 2025,Falls Church,VA,Passenger,1,0,1,6,7,14.29
August 31 2021,San Diego,CA,Passenger,19,5,24,2631,2655,0.90
February 28 2023,Mason,WA,Truck,9,0,9,20826,20835,0.04
July 31 2021,Fairfax,VA,Passenger,5,4,9,730,739,1.22
January 31 2025,Madison,IL,Passenger,1,0,1,8,9,11.11
October 31 2021,Wise,TX,Passenger,1,0,1,9,10,10.00
February 28 2022,Harnett,NC,Passenger,2,0,2,177,179,1.12
June 30 2019,Dallas,TX,Passenger,1,0,1,216,217,0.46
August 31 2024,Davidson,TN,Passenger,1,0,1,37,38,2.63
November 30 2020,Hawaii,HI,Passenger,1,0,1,61,62,1.61
April 30 2020,Benton,WA,Passenger,347,324,671,134465,135136,0.50
June 30 2023,Yellowstone,MT,Passenger,0,1,1,24,25,4.00
November 30 2018,Valencia,NM,Passenger,1,0,1,12,13,7.69
October 31 2019,Douglas,WA,Truck,0,0,0,12289,12289,0.00
October 31 2020,Goochland,VA,Passenger,3,2,5,288,293,1.71
October 31 2024,Geary,KS,Truck,1,0,1,22,23,4.35
October 31 2020,Monroe,IL,Passenger,1,0,1,2,3,33.33
April 30 2023,Forsyth,GA,Passenger,1,0,1,14,15,6.67
October 31 2024,Saratoga,NY,Passenger,1,1,2,39,41,4.88
November 30 2024,Chelan,WA,Passenger,976,286,1262,53994,55256,2.28
November 30 2024,Okanogan,WA,Truck,25,0,25,16381,16406,0.15
March 31 2021,Ferry,WA,Passenger,10,3,13,4348,4361,0.30
August 31 2022,Washington,MD,Passenger,2,0,2,15,17,11.76
December 31 2020,San Diego,CA,Passenger,14,2,16,2733,2749,0.58
November 30 2019,Grays Harbor,WA,Passenger,99,99,198,48328,48526,0.41
February 29 2024,Island,WA,Passenger,1354,497,1851,60536,62387,2.97
November 30 2024,Anchorage,AK,Passenger,1,0,1,89,90,1.11
June 30 2019,Essex,MA,Passenger,1,0,1,33,34,2.94
July 31 2024,Larimer,CO,Passenger,1,0,1,33,34,2.94
March 31 2020,Juneau,AK,Passenger,0,2,2,36,38,5.26
November 30 2023,Snohomish,WA,Truck,253,0,253,120423,120676,0.21
May 31 2022,Washington,WI,Passenger,1,0,1,2,3,33.33
April 30 2022,Franklin,WA,Truck,0,0,0,20909,20909,0.00
April 30 2022,Richland,SC,Passenger,0,1,1,144,145,0.69
March 31 2018,Madison,ID,Passenger,1,0,1,37,38,2.63
April 30 2019,Cochise,AZ,Passenger,0,1,1,120,121,0.83
June 30 2018,Benton,WA,Truck,0,0,0,41010,41010,0.00
January 31 2025,Riverside,CA,Passenger,6,2,8,380,388,2.06
October 31 2022,Owyhee,ID,Passenger,1,0,1,3,4,25.00
February 29 2024,Flathead,MT,Passenger,1,0,1,32,33,3.03
May 31 2017,Stevens,WA,Passenger,8,23,31,31308,31339,0.10
March 31 2021,Bexar,TX,Passenger,3,5,8,606,614,1.30
January 31 2023,New Haven,CT,Passenger,0,2,2,29,31,6.45
March 31 2017,Lincoln,WA,Passenger,2,4,6,7501,7507,0.08
January 31 2021,Eagle,CO,Passenger,1,0,1,7,8,12.50
September 30 2024,DeKalb,GA,Truck,1,0,1,0,1,100.00
July 31 2022,Williams,ND,Passenger,0,1,1,7,8,12.50
February 29 2024,Cascade,MT,Passenger,0,1,1,39,40,2.50
June 30 2018,Mason,WA,Truck,0,0,0,19947,19947,0.00
November 30 2023,Currituck,NC,Passenger,1,0,1,23,24,4.17
June 30 2023,Alexandria,VA,Passenger,3,0,3,111,114,2.63
June 30 2017,Bergen,NJ,Passenger,0,2,2,31,33,6.06
February 29 2020,Kootenai,ID,Passenger,1,2,3,239,242,1.24
November 30 2023,Washtenaw,MI,Passenger,0,2,2,27,29,6.90
September 30 2021,Cowlitz,WA,Truck,0,1,1,29011,29012,0.00
June 30 2020,Lake,FL,Passenger,1,0,1,27,28,3.57
November 30 2019,Snohomish,WA,Truck,0,0,0,123097,123097,0.00
December 31 2021,Larimer,CO,Passenger,1,0,1,55,56,1.79
April 30 2017,Honolulu,HI,Passenger,4,2,6,617,623,0.96
June 30 2020,Gwinnett,GA,Passenger,1,0,1,80,81,1.23
February 28 2025,St. Charles,MO,Passenger,1,0,1,23,24,4.17
June 30 2022,Grays Harbor,WA,Passenger,210,160,370,48964,49334,0.75
January 31 2019,Hardin,KY,Passenger,0,1,1,105,106,0.94
March 31 2023,Rockingham,NH,Passenger,1,0,1,20,21,4.76
July 31 2019,Solano,CA,Passenger,1,0,1,226,227,0.44
June 30 2017,Orange,FL,Passenger,1,1,2,145,147,1.36
October 31 2020,Fresno,CA,Passenger,2,0,2,201,203,0.99
May 31 2019,Douglas,CO,Passenger,1,0,1,87,88,1.14
November 30 2022,Lincoln,WA,Truck,0,0,0,4840,4840,0.00
October 31 2023,Middlesex,CT,Passenger,1,0,1,10,11,9.09
September 30 2023,Kern,CA,Passenger,2,1,3,197,200,1.50
February 29 2024,District of Columbia,DC,Truck,1,0,1,14,15,6.67
September 30 2021,Island,WA,Truck,0,0,0,21465,21465,0.00
October 31 2023,El Paso,TX,Passenger,3,2,5,328,333,1.50
January 31 2021,Kitsap,WA,Passenger,1607,765,2372,178993,181365,1.31
March 31 2023,Collin,TX,Passenger,5,0,5,83,88,5.68
January 31 2021,Ulster,NY,Passenger,1,0,1,14,15,6.67
September 30 2017,Prince William,VA,Passenger,0,4,4,261,265,1.51
August 31 2024,Saginaw,MI,Passenger,0,1,1,2,3,33.33
September 30 2024,Okanogan,WA,Truck,21,0,21,16401,16422,0.13
September 30 2017,Pierce,WA,Truck,0,0,0,137035,137035,0.00
February 29 2020,San Mateo,CA,Passenger,0,1,1,136,137,0.73
January 31 2024,Lincoln,WA,Passenger,23,27,50,7559,7609,0.66
March 31 2020,RÃ­o Grande,PR,Passenger,1,0,1,0,1,100.00
July 31 2018,Deschutes,OR,Passenger,1,0,1,180,181,0.55
August 31 2023,Flathead,MT,Passenger,1,0,1,33,34,2.94
February 29 2020,Harford,MD,Passenger,0,1,1,63,64,1.56
May 31 2020,Grant,WA,Truck,0,0,0,26970,26970,0.00
September 30 2024,Anchorage,AK,Passenger,1,0,1,96,97,1.03
August 31 2023,New York,NY,Passenger,3,0,3,40,43,6.98
March 31 2023,Thurston,WA,Passenger,2820,1169,3989,189866,193855,2.06
August 31 2020,Nueces,TX,Passenger,1,0,1,91,92,1.09
April 30 2024,Lake,IN,Passenger,0,1,1,7,8,12.50
February 28 2018,Richland,SC,Passenger,0,1,1,172,173,0.58
June 30 2017,Essex,NJ,Passenger,1,0,1,17,18,5.56
January 31 2025,Anne Arundel,MD,Passenger,6,3,9,261,270,3.33
September 30 2023,Tooele,UT,Passenger,2,0,2,12,14,14.29
January 31 2024,Cameron,TX,Passenger,1,0,1,18,19,5.26
November 30 2021,Stevens,WA,Truck,0,0,0,18893,18893,0.00
January 31 2018,Fresno,CA,Passenger,1,0,1,212,213,0.47
July 31 2022,Fredericksburg,VA,Passenger,1,0,1,6,7,14.29
December 31 2021,Whitman,WA,Passenger,67,59,126,21902,22028,0.57
August 31 2018,Caddo,LA,Passenger,0,1,1,25,26,3.85
November 30 2022,Botetourt,VA,Passenger,1,0,1,0,1,100.00
March 31 2018,Stevens,WA,Passenger,9,21,30,31587,31617,0.09
June 30 2018,Wahkiakum,WA,Truck,0,0,0,1675,1675,0.00
January 31 2025,Solano,CA,Passenger,3,0,3,141,144,2.08
September 30 2020,Collier,FL,Passenger,1,0,1,27,28,3.57
October 31 2024,Osceola,FL,Passenger,1,0,1,20,21,4.76
May 31 2021,Okanogan,WA,Truck,0,0,0,16743,16743,0.00
November 30 2020,Chelan,WA,Truck,0,0,0,22754,22754,0.00
September 30 2019,Santa Cruz,CA,Passenger,1,0,1,38,39,2.56
April 30 2020,Dakota,MN,Passenger,0,1,1,32,33,3.03
September 30 2022,Harnett,NC,Passenger,3,0,3,179,182,1.65
December 31 2024,Douglas,NE,Passenger,1,2,3,15,18,16.67
November 30 2021,Sumter,SC,Passenger,0,1,1,31,32,3.12
November 30 2018,Montgomery,AL,Passenger,1,0,1,47,48,2.08
November 30 2020,Fairfax,VA,Passenger,6,2,8,735,743,1.08
February 29 2020,Klickitat,WA,Passenger,48,41,89,15678,15767,0.56
October 31 2021,Hennepin,MN,Passenger,3,0,3,91,94,3.19
July 31 2023,Adams,WA,Truck,3,0,3,5343,5346,0.06
November 30 2023,Orange,NC,Passenger,1,0,1,7,8,12.50
October 31 2024,Pend Oreille,WA,Passenger,51,21,72,8628,8700,0.83
February 28 2018,New London,CT,Passenger,1,0,1,245,246,0.41
August 31 2020,Twin Falls,ID,Passenger,0,1,1,24,25,4.00
May 31 2025,Whitman,WA,Truck,21,0,21,8444,8465,0.25
October 31 2017,Travis,TX,Passenger,1,0,1,202,203,0.49
June 30 2020,Rogers,OK,Passenger,1,0,1,11,12,8.33
April 30 2017,Hidalgo,TX,Passenger,0,1,1,103,104,0.96
May 31 2019,Pueblo,CO,Passenger,1,0,1,33,34,2.94
April 30 2018,Mason,WA,Passenger,71,84,155,45368,45523,0.34
June 30 2020,Duval,FL,Passenger,0,2,2,373,375,0.53
September 30 2017,Cowlitz,WA,Truck,0,0,0,28039,28039,0.00
January 31 2022,Clallam,WA,Truck,1,0,1,22118,22119,0.00
August 31 2021,Yakima,WA,Passenger,248,163,411,168746,169157,0.24
November 30 2018,Kitsap,WA,Truck,1,0,1,53632,53633,0.00
February 28 2023,Hamilton,OH,Passenger,1,0,1,45,46,2.17
May 31 2022,Fairbanks North Star,AK,Passenger,0,1,1,84,85,1.18
November 30 2023,Otero,NM,Passenger,0,1,1,21,22,4.55
July 31 2020,Dallas,IA,Passenger,0,1,1,10,11,9.09
August 31 2021,Walla Walla,WA,Passenger,121,81,202,36427,36629,0.55
August 31 2023,Lake,IN,Passenger,0,1,1,10,11,9.09
July 31 2021,Pierce,WA,Passenger,3632,2013,5645,558393,564038,1.00
March 31 2022,Chelan,WA,Truck,0,0,0,23014,23014,0.00
December 31 2019,Boulder,CO,Passenger,1,1,2,56,58,3.45
August 31 2020,Bradley,TN,Passenger,1,0,1,1,2,50.00
January 31 2022,Leavenworth,KS,Passenger,1,1,2,97,99,2.02
November 30 2019,Clark,WA,Passenger,1805,1026,2831,317303,320134,0.88
February 28 2021,Lake,FL,Passenger,1,0,1,26,27,3.70
March 31 2022,Broward,FL,Passenger,2,0,2,100,102,1.96
November 30 2019,Douglas,NE,Passenger,0,1,1,65,66,1.52
December 31 2021,Wise,TX,Passenger,1,0,1,9,10,10.00
July 31 2021,Prince George's,MD,Passenger,2,1,3,156,159,1.89
May 31 2017,Dakota,MN,Passenger,0,1,1,43,44,2.27
December 31 2020,Lee,FL,Passenger,1,0,1,54,55,1.82
April 30 2023,Jefferson,NY,Passenger,2,0,2,196,198,1.01
December 31 2017,Shelby,TN,Passenger,0,1,1,109,110,0.91
March 31 2022,Skagit,WA,Passenger,730,326,1056,90284,91340,1.16
December 31 2022,New York,NY,Passenger,3,0,3,42,45,6.67
July 31 2020,Nassau,NY,Passenger,5,0,5,36,41,12.20
November 30 2022,Riverside,CA,Passenger,10,1,11,531,542,2.03
November 30 2020,Stevens,WA,Passenger,36,39,75,30235,30310,0.25
August 31 2019,Island,WA,Truck,0,0,0,21245,21245,0.00
July 31 2017,Pierce,WA,Passenger,986,857,1843,524344,526187,0.35
August 31 2021,Essex,MA,Passenger,1,0,1,22,23,4.35
July 31 2017,Clallam,WA,Passenger,93,77,170,48400,48570,0.35
December 31 2024,Skamania,WA,Passenger,172,60,232,7797,8029,2.89
September 30 2019,Snohomish,WA,Passenger,3735,1661,5396,533605,539001,1.00
May 31 2024,Galveston,TX,Passenger,1,1,2,20,22,9.09
August 31 2023,Bristol,MA,Passenger,1,0,1,7,8,12.50
August 31 2019,Stevens,WA,Truck,0,0,0,18697,18697,0.00
March 31 2021,King,WA,Truck,6,1,7,184391,184398,0.00
April 30 2022,Hanover,VA,Passenger,1,0,1,3,4,25.00
June 30 2022,Muscogee,GA,Passenger,0,1,1,141,142,0.70
October 31 2021,Nassau,NY,Passenger,4,0,4,36,40,10.00
October 31 2024,Clark,WA,Passenger,9449,3288,12737,314654,327391,3.89
October 31 2021,Hillsborough,FL,Passenger,0,2,2,166,168,1.19
June 30 2020,Denver,CO,Passenger,1,0,1,129,130,0.77
February 28 2022,New London,CT,Passenger,2,5,7,216,223,3.14
April 30 2023,Mason,WA,Truck,11,0,11,20752,20763,0.05
September 30 2020,Okanogan,WA,Truck,0,0,0,16530,16530,0.00
November 30 2024,Allen,IN,Passenger,1,1,2,4,6,33.33
November 30 2021,Jefferson,WA,Passenger,371,197,568,24745,25313,2.24
July 31 2017,Cowlitz,WA,Truck,0,0,0,27949,27949,0.00
July 31 2024,Burlington,NJ,Passenger,0,1,1,76,77,1.30
November 30 2019,Lewis,WA,Truck,0,0,0,26107,26107,0.00
March 31 2025,Suffolk,VA,Passenger,1,1,2,83,85,2.35
September 30 2021,Washington,WI,Passenger,1,0,1,2,3,33.33
November 30 2024,Horry,SC,Passenger,1,0,1,11,12,8.33
May 31 2025,Hartford,CT,Passenger,1,0,1,17,18,5.56
April 30 2025,Isle of Wight,VA,Passenger,0,1,1,12,13,7.69
July 31 2019,Garfield,WA,Passenger,1,1,2,1298,1300,0.15
January 31 2020,Bexar,TX,Passenger,1,5,6,683,689,0.87
August 31 2022,Anchorage,AK,Passenger,2,0,2,147,149,1.34
December 31 2024,Whatcom,WA,Passenger,3943,1377,5320,148058,153378,3.47
September 30 2022,Franklin,OH,Passenger,1,0,1,72,73,1.37
September 30 2018,DeKalb,IN,Passenger,1,0,1,1,2,50.00
June 30 2017,Albemarle,VA,Passenger,0,1,1,31,32,3.12
August 31 2019,New York,NY,Passenger,2,0,2,78,80,2.50
October 31 2021,Multnomah,OR,Passenger,3,6,9,721,730,1.23
November 30 2018,Lincoln,WA,Truck,0,0,0,4625,4625,0.00
November 30 2023,Wahkiakum,WA,Passenger,31,22,53,3044,3097,1.71
April 30 2017,Ferry,WA,Truck,0,0,0,3551,3551,0.00
August 31 2021,Middlesex,MA,Passenger,1,0,1,103,104,0.96
November 30 2018,Beaufort,SC,Passenger,1,0,1,39,40,2.50
February 28 2019,Allegheny,PA,Passenger,1,0,1,91,92,1.09
April 30 2019,Moore,NC,Passenger,0,1,1,181,182,0.55
June 30 2019,Yakima,WA,Passenger,105,104,209,165078,165287,0.13
November 30 2020,Clallam,WA,Passenger,262,177,439,49817,50256,0.87
October 31 2022,Sevier,AR,Passenger,0,1,1,1,2,50.00
March 31 2022,Kootenai,ID,Passenger,1,2,3,196,199,1.51
September 30 2024,Lincoln,WA,Passenger,31,29,60,7544,7604,0.79
June 30 2023,New Haven,CT,Passenger,0,2,2,27,29,6.90
April 30 2019,Middlesex,MA,Passenger,1,0,1,115,116,0.86
December 31 2022,St. Louis,MO,Passenger,2,0,2,70,72,2.78
May 31 2022,Pinellas,FL,Passenger,0,1,1,94,95,1.05
May 31 2017,Fairfax,VA,Passenger,3,2,5,859,864,0.58
August 31 2024,Chesterfield,VA,Passenger,1,0,1,39,40,2.50
February 28 2022,Franklin,WA,Truck,0,0,0,20896,20896,0.00
December 31 2018,Spokane,WA,Truck,1,0,1,93719,93720,0.00
November 30 2021,Okaloosa,FL,Passenger,0,1,1,125,126,0.79
January 31 2023,Grant,WA,Truck,5,0,5,27991,27996,0.02
February 28 2018,Latah,ID,Passenger,0,1,1,81,82,1.22
November 30 2019,Pima,AZ,Passenger,2,1,3,418,421,0.71
September 30 2024,Bexar,TX,Passenger,5,4,9,343,352,2.56
July 31 2018,Palm Beach,FL,Passenger,0,2,2,89,91,2.20
March 31 2023,Camden,NJ,Passenger,0,1,1,11,12,8.33
June 30 2020,Suffolk,MA,Passenger,0,2,2,41,43,4.65
April 30 2024,District of Columbia,DC,Truck,1,0,1,16,17,5.88
February 28 2023,Harris,TX,Passenger,1,2,3,198,201,1.49
January 31 2024,Kittitas,WA,Truck,24,0,24,14590,14614,0.16
December 31 2024,Moore,NC,Passenger,2,0,2,94,96,2.08
July 31 2024,Okanogan,WA,Passenger,188,90,278,25975,26253,1.06
February 28 2021,Suffolk,MA,Passenger,0,2,2,39,41,4.88
June 30 2017,Anne Arundel,MD,Passenger,0,1,1,500,501,0.20
March 31 2019,Thurston,WA,Passenger,800,597,1397,195969,197366,0.71
May 31 2020,Walla Walla,WA,Passenger,70,62,132,35785,35917,0.37
September 30 2024,Kittitas,WA,Truck,38,0,38,14653,14691,0.26
November 30 2023,Goochland,VA,Passenger,4,2,6,85,91,6.59
April 30 2025,Jefferson,WA,Truck,38,0,38,8929,8967,0.42
July 31 2019,Eagle,CO,Passenger,1,0,1,6,7,14.29
November 30 2018,Franklin,WA,Passenger,38,64,102,58911,59013,0.17
May 31 2019,Albemarle,VA,Passenger,1,0,1,26,27,3.70
November 30 2018,Sumter,FL,Passenger,0,1,1,10,11,9.09
March 31 2020,Maui,HI,Passenger,2,0,2,37,39,5.13
June 30 2017,Asotin,WA,Truck,0,0,0,6497,6497,0.00
August 31 2024,Santa Cruz,CA,Passenger,1,0,1,21,22,4.55
June 30 2020,,,Passenger,6,1,7,409,416,1.68
February 28 2025,Camden,GA,Passenger,1,0,1,86,87,1.15
June 30 2021,Franklin,WA,Passenger,123,97,220,61954,62174,0.35
June 30 2023,San Diego,CA,Passenger,23,7,30,2373,2403,1.25
September 30 2022,Marion,IN,Passenger,1,0,1,44,45,2.22
April 30 2017,Orange,CA,Passenger,2,1,3,667,670,0.45
February 29 2020,Chelan,WA,Passenger,216,79,295,54582,54877,0.54
January 31 2021,Solano,CA,Passenger,1,0,1,209,210,0.48
February 28 2022,Yamhill,OR,Passenger,1,0,1,41,42,2.38
December 31 2020,Frederick,MD,Passenger,1,1,2,63,65,3.08
February 28 2022,Albemarle,VA,Passenger,3,0,3,26,29,10.34
June 30 2021,Tom Green,TX,Passenger,0,1,1,22,23,4.35
March 31 2021,King,WA,Passenger,28493,8570,37063,1363180,1400243,2.65
July 31 2023,Cache,UT,Passenger,1,0,1,12,13,7.69
October 31 2019,,,Passenger,7,2,9,433,442,2.04
March 31 2022,Cowlitz,WA,Passenger,292,172,464,70977,71441,0.65
July 31 2020,Montgomery,PA,Passenger,1,0,1,32,33,3.03
July 31 2019,Adams,WA,Truck,0,0,0,5122,5122,0.00
October 31 2023,Collin,TX,Passenger,5,0,5,62,67,7.46
February 28 2022,Mercer,NJ,Passenger,0,1,1,12,13,7.69
September 30 2023,Pettis,MO,Passenger,1,0,1,5,6,16.67
June 30 2021,Anne Arundel,MD,Passenger,2,1,3,393,396,0.76
December 31 2021,Chesapeake,VA,Passenger,2,1,3,415,418,0.72
August 31 2020,Lake,IL,Passenger,1,0,1,169,170,0.59
April 30 2023,Jefferson,IL,Passenger,1,0,1,1,2,50.00
January 31 2019,Yakima,WA,Truck,0,0,0,58911,58911,0.00
October 31 2019,Pacific,WA,Truck,0,0,0,7718,7718,0.00
November 30 2019,Davidson,TN,Passenger,1,0,1,89,90,1.11
June 30 2024,Pierce,WA,Truck,324,0,324,133145,133469,0.24
November 30 2024,Pierce,WA,Passenger,13129,3919,17048,518229,535277,3.18
February 28 2018,Clay,FL,Passenger,0,1,1,106,107,0.93
September 30 2020,Owyhee,ID,Passenger,1,0,1,3,4,25.00
April 30 2018,Orange,FL,Passenger,2,1,3,182,185,1.62
September 30 2020,Bexar,TX,Passenger,3,5,8,627,635,1.26
July 31 2021,San Joaquin,CA,Passenger,1,0,1,118,119,0.84
April 30 2017,DeKalb,IN,Passenger,1,0,1,1,2,50.00
December 31 2023,,,Passenger,7,2,9,296,305,2.95
April 30 2021,Thurston,WA,Truck,0,0,0,56590,56590,0.00
April 30 2018,Mercer,NJ,Passenger,0,1,1,18,19,5.26
January 31 2025,Essex,NJ,Passenger,1,1,2,6,8,25.00
April 30 2021,Franklin,OH,Passenger,1,0,1,77,78,1.28
October 31 2017,Kittitas,WA,Passenger,34,23,57,28102,28159,0.20
June 30 2021,Stafford,VA,Passenger,2,1,3,107,110,2.73
May 31 2019,Eagle,CO,Passenger,1,0,1,6,7,14.29
May 31 2023,Bell,TX,Passenger,1,0,1,307,308,0.32
January 31 2019,San Francisco,CA,Passenger,2,2,4,118,122,3.28
July 31 2020,Hennepin,MN,Passenger,3,0,3,109,112,2.68
November 30 2021,El Paso,TX,Passenger,2,0,2,395,397,0.50
March 31 2022,Geary,KS,Passenger,1,0,1,93,94,1.06
May 31 2024,Multnomah,OR,Passenger,6,1,7,483,490,1.43
June 30 2024,Escambia,FL,Truck,1,0,1,27,28,3.57
May 31 2018,Lumpkin,GA,Passenger,1,0,1,7,8,12.50
November 30 2022,Pulaski,MO,Passenger,2,0,2,110,112,1.79
February 28 2025,Rockingham,NH,Passenger,2,0,2,15,17,11.76
July 31 2019,Charles,MD,Passenger,0,1,1,89,90,1.11
October 31 2023,Washington,WI,Passenger,1,0,1,0,1,100.00
August 31 2024,Geary,KS,Truck,1,0,1,23,24,4.17
January 31 2019,Sangamon,IL,Passenger,1,0,1,8,9,11.11
June 30 2023,Skamania,WA,Passenger,109,59,168,8044,8212,2.05
January 31 2022,San Bernardino,CA,Passenger,2,1,3,412,415,0.72
August 31 2020,Washtenaw,MI,Passenger,1,1,2,40,42,4.76
May 31 2021,Meade,KY,Passenger,1,0,1,28,29,3.45
December 31 2023,Duval,FL,Passenger,2,1,3,256,259,1.16
May 31 2019,Sumter,FL,Passenger,0,1,1,10,11,9.09
June 30 2018,Maricopa,AZ,Passenger,1,2,3,1728,1731,0.17
June 30 2024,Skagit,WA,Truck,48,0,48,31499,31547,0.15
July 31 2019,Salt Lake,UT,Passenger,1,0,1,224,225,0.44
October 31 2024,Mason,WA,Truck,44,0,44,20498,20542,0.21
August 31 2021,Sussex,NJ,Passenger,1,0,1,2,3,33.33
July 31 2020,Wilson,TX,Passenger,0,1,1,6,7,14.29
November 30 2023,Clark,WA,Passenger,6931,2596,9527,312953,322480,2.95
October 31 2024,Harris,TX,Passenger,1,2,3,132,135,2.22
December 31 2017,Asotin,WA,Passenger,8,5,13,12509,12522,0.10
October 31 2020,Morris,NJ,Passenger,1,0,1,18,19,5.26
March 31 2024,Clark,WA,Truck,173,0,173,80548,80721,0.21
June 30 2022,Wahkiakum,WA,Passenger,23,11,34,3068,3102,1.10
March 31 2025,Doña Ana,NM,Passenger,1,0,1,9,10,10.00
January 31 2020,Lincoln,WA,Passenger,1,11,12,7783,7795,0.15
October 31 2023,Shasta,CA,Passenger,1,0,1,32,33,3.03
February 28 2023,Orange,NC,Passenger,1,0,1,8,9,11.11
March 31 2017,Bexar,TX,Passenger,1,2,3,1103,1106,0.27
October 31 2021,Dallas,TX,Passenger,1,0,1,177,178,0.56
July 31 2021,Randolph,NC,Passenger,1,0,1,5,6,16.67
March 31 2021,Penobscot,ME,Passenger,0,2,2,11,13,15.38
May 31 2023,Riverside,CA,Passenger,10,2,12,495,507,2.37
January 31 2021,Harnett,NC,Passenger,1,0,1,211,212,0.47
June 30 2018,Grays Harbor,WA,Passenger,52,58,110,46566,46676,0.24
September 30 2023,Orange,FL,Passenger,4,0,4,83,87,4.60
October 31 2024,Cumberland,NC,Passenger,3,2,5,303,308,1.62
October 31 2020,Douglas,NE,Passenger,0,1,1,56,57,1.75
February 29 2024,Clallam,WA,Passenger,699,333,1032,48671,49703,2.08
September 30 2022,Rockingham,NH,Passenger,2,0,2,20,22,9.09
April 30 2021,Ferry,WA,Truck,0,0,0,3648,3648,0.00
September 30 2018,Clackamas,OR,Passenger,0,1,1,232,233,0.43
February 28 2025,Okaloosa,FL,Passenger,0,1,1,63,64,1.56
July 31 2023,Kern,CA,Passenger,2,1,3,206,209,1.44
October 31 2020,Twin Falls,ID,Passenger,0,1,1,26,27,3.70
September 30 2022,Thurston,WA,Passenger,2376,1097,3473,191835,195308,1.78
May 31 2022,Tarrant,TX,Passenger,4,0,4,157,161,2.48
February 28 2025,Collin,TX,Passenger,2,1,3,39,42,7.14
November 30 2023,Clallam,WA,Truck,25,0,25,21570,21595,0.12
October 31 2024,Mason,WA,Passenger,720,281,1001,46001,47002,2.13
February 28 2019,Benton,WA,Truck,0,0,0,41530,41530,0.00
September 30 2017,Island,WA,Truck,0,0,0,20546,20546,0.00
April 30 2018,DuPage,IL,Passenger,1,0,1,66,67,1.49
June 30 2018,Charleston,SC,Passenger,1,0,1,122,123,0.81
December 31 2020,Placer,CA,Passenger,2,0,2,96,98,2.04
August 31 2019,San Mateo,CA,Passenger,2,1,3,129,132,2.27
February 28 2025,York,VA,Passenger,2,0,2,61,63,3.17
February 29 2024,Harford,MD,Passenger,1,1,2,49,51,3.92
November 30 2020,Cascade,MT,Passenger,0,1,1,66,67,1.49
January 31 2022,Allegheny,PA,Passenger,2,1,3,75,78,3.85
January 31 2025,Howard,MD,Passenger,1,2,3,49,52,5.77
January 31 2023,Forsyth,GA,Passenger,1,0,1,14,15,6.67
September 30 2023,Prince George,VA,Passenger,1,0,1,59,60,1.67
August 31 2024,Washoe,NV,Passenger,5,0,5,54,59,8.47
October 31 2022,Autauga,AL,Passenger,2,0,2,15,17,11.76
October 31 2022,Kittitas,WA,Truck,5,0,5,14584,14589,0.03
November 30 2023,Leavenworth,KS,Passenger,2,2,4,82,86,4.65
January 31 2025,San Juan,WA,Passenger,816,251,1067,13434,14501,7.36
April 30 2024,Cowlitz,WA,Truck,17,0,17,27857,27874,0.06
June 30 2021,Clackamas,OR,Passenger,2,0,2,200,202,0.99
September 30 2021,Whatcom,WA,Truck,4,0,4,43761,43765,0.01
February 29 2024,Allen,IN,Passenger,1,1,2,10,12,16.67
April 30 2020,Stevens,WA,Truck,0,0,0,18595,18595,0.00
March 31 2021,Ventura,CA,Passenger,1,2,3,303,306,0.98
December 31 2023,Douglas,WA,Truck,11,0,11,13037,13048,0.08
March 31 2018,Hawaii,HI,Passenger,1,0,1,85,86,1.16
August 31 2019,Cowlitz,WA,Truck,0,0,0,28886,28886,0.00
November 30 2018,Riverside,CA,Passenger,2,2,4,722,726,0.55
May 31 2024,Maui,HI,Passenger,2,0,2,20,22,9.09
December 31 2018,Stevens,WA,Passenger,16,27,43,31756,31799,0.14
August 31 2017,Yakima,WA,Truck,0,0,0,57633,57633,0.00
May 31 2019,Richland,SC,Passenger,0,1,1,154,155,0.65
December 31 2018,Cowlitz,WA,Passenger,72,94,166,72416,72582,0.23
September 30 2017,Collin,TX,Passenger,0,1,1,153,154,0.65
November 30 2019,Fulton,GA,Passenger,0,3,3,110,113,2.65
November 30 2018,Adams,WA,Passenger,5,5,10,12738,12748,0.08
May 31 2019,Jefferson,CO,Passenger,0,2,2,60,62,3.23
October 31 2017,Virginia Beach,VA,Passenger,2,1,3,653,656,0.46
September 30 2021,Chelan,WA,Truck,0,0,0,23079,23079,0.00
September 30 2022,Jefferson,WA,Truck,3,0,3,9365,9368,0.03
July 31 2021,Broward,FL,Passenger,2,0,2,118,120,1.67
February 29 2020,Dakota,MN,Passenger,0,1,1,33,34,2.94
March 31 2021,Virginia Beach,VA,Passenger,2,0,2,648,650,0.31
December 31 2021,Cameron,TX,Passenger,1,0,1,26,27,3.70
January 31 2020,King,WA,Truck,6,1,7,182527,182534,0.00
January 31 2024,Okanogan,WA,Passenger,171,78,249,26049,26298,0.95
September 30 2020,Spokane,WA,Passenger,796,511,1307,318392,319699,0.41
February 28 2023,Cumberland,PA,Passenger,1,0,1,53,54,1.85
September 30 2017,Okaloosa,FL,Passenger,1,0,1,185,186,0.54
March 31 2020,Douglas,WA,Passenger,71,40,111,28157,28268,0.39
October 31 2022,Platte,MO,Passenger,1,1,2,22,24,8.33
March 31 2023,Sumter,SC,Passenger,0,1,1,31,32,3.12
June 30 2019,Yakima,WA,Truck,0,0,0,59118,59118,0.00
February 28 2022,Klamath,OR,Passenger,1,0,1,37,38,2.63
August 31 2020,Wahkiakum,WA,Passenger,6,6,12,3028,3040,0.39
September 30 2023,Polk,OR,Passenger,1,1,2,21,23,8.70
November 30 2021,Tarrant,TX,Passenger,3,0,3,171,174,1.72
February 28 2019,Saratoga,NY,Passenger,1,0,1,63,64,1.56
October 31 2024,Wahkiakum,WA,Truck,7,0,7,1777,1784,0.39
October 31 2020,Whatcom,WA,Passenger,1168,530,1698,149503,151201,1.12
October 31 2020,Sarasota,FL,Passenger,2,0,2,42,44,4.55
October 31 2021,Sacramento,CA,Passenger,2,1,3,266,269,1.12
January 31 2017,Mercer,NJ,Passenger,0,1,1,21,22,4.55
August 31 2017,Hardin,KY,Passenger,0,1,1,122,123,0.81
March 31 2025,Garfield,WA,Truck,0,0,0,981,981,0.00
February 28 2017,Pacific,WA,Truck,0,0,0,7483,7483,0.00
March 31 2022,Pierce,WA,Passenger,4619,2227,6846,548433,555279,1.23
February 28 2025,Isle of Wight,VA,Passenger,0,1,1,13,14,7.14
September 30 2021,Gwinnett,GA,Passenger,1,0,1,68,69,1.45
March 31 2023,El Dorado,CA,Passenger,1,0,1,28,29,3.45
November 30 2023,Plaquemines,LA,Passenger,1,1,2,17,19,10.53
January 31 2020,Wilson,TX,Passenger,0,1,1,8,9,11.11
October 31 2020,Pima,AZ,Passenger,3,1,4,379,383,1.04
July 31 2020,Larimer,CO,Passenger,1,0,1,55,56,1.79
June 30 2018,Monroe,IL,Passenger,1,0,1,4,5,20.00
January 31 2017,Marin,CA,Passenger,1,0,1,60,61,1.64
June 30 2023,Sussex,NJ,Passenger,1,0,1,2,3,33.33
January 31 2024,Travis,TX,Passenger,3,3,6,97,103,5.83
April 30 2023,Yuba,CA,Passenger,1,0,1,56,57,1.75
February 29 2020,Spokane,WA,Truck,1,0,1,97094,97095,0.00
May 31 2020,Fort Bend,TX,Passenger,1,0,1,48,49,2.04
November 30 2022,Orange,CA,Passenger,10,3,13,440,453,2.87
January 31 2025,Clackamas,OR,Passenger,1,1,2,83,85,2.35
October 31 2018,Hawaii,HI,Passenger,1,0,1,76,77,1.30
February 29 2024,El Paso,CO,Passenger,8,7,15,528,543,2.76
June 30 2024,Cowlitz,WA,Truck,19,0,19,27828,27847,0.07
November 30 2018,Manassas,VA,Passenger,0,1,1,9,10,10.00
March 31 2018,Lake,CA,Passenger,0,1,1,8,9,11.11
September 30 2021,Powhatan,VA,Passenger,1,0,1,1,2,50.00
May 31 2022,Chelan,WA,Truck,2,0,2,23032,23034,0.01
November 30 2024,Cowlitz,WA,Passenger,817,309,1126,69842,70968,1.59
September 30 2024,Houston,GA,Passenger,1,0,1,28,29,3.45
May 31 2022,Whatcom,WA,Truck,5,0,5,43309,43314,0.01
June 30 2017,Thurston,WA,Truck,0,0,0,53248,53248,0.00
February 29 2020,Spokane,WA,Passenger,696,469,1165,317289,318454,0.37
June 30 2024,Middlesex,CT,Passenger,1,0,1,6,7,14.29
March 31 2021,Sacramento,CA,Passenger,2,1,3,270,273,1.10
March 31 2025,Kittitas,WA,Passenger,661,166,827,29169,29996,2.76
September 30 2024,Caddo,LA,Passenger,3,0,3,14,17,17.65
April 30 2022,Marin,CA,Passenger,1,1,2,43,45,4.44
November 30 2019,Putnam,TN,Passenger,0,1,1,5,6,16.67
May 31 2018,Benton,WA,Passenger,188,195,383,131257,131640,0.29
December 31 2017,Garfield,WA,Truck,0,0,0,941,941,0.00
February 28 2018,Essex,NJ,Passenger,1,0,1,13,14,7.14
January 31 2018,Los Angeles,CA,Passenger,4,4,8,1236,1244,0.64
February 28 2017,Jefferson,WA,Truck,0,0,0,9466,9466,0.00
January 31 2020,King,WA,Passenger,23170,7619,30789,1397713,1428502,2.16
June 30 2024,Deschutes,OR,Passenger,1,0,1,80,81,1.23
May 31 2025,King,WA,Passenger,96033,21540,117573,1264672,1382245,8.51
December 31 2022,Portsmouth,VA,Passenger,0,1,1,72,73,1.37
May 31 2021,St. Louis,MO,Passenger,1,0,1,92,93,1.08
December 31 2021,Calvert,MD,Passenger,0,3,3,90,93,3.23
October 31 2018,Island,WA,Passenger,244,217,461,62957,63418,0.73
May 31 2025,Houston,GA,Passenger,1,0,1,24,25,4.00
February 28 2025,Deschutes,OR,Passenger,1,0,1,58,59,1.69
September 30 2024,King,WA,Passenger,85104,20292,105396,1303734,1409130,7.48
August 31 2020,Goochland,VA,Passenger,3,2,5,289,294,1.70
January 31 2022,Fresno,CA,Passenger,2,0,2,183,185,1.08
September 30 2024,Doña Ana,NM,Passenger,1,0,1,10,11,9.09
September 30 2019,Lake,IL,Passenger,1,0,1,174,175,0.57
January 31 2024,Okanogan,WA,Truck,8,0,8,16353,16361,0.05
January 31 2024,Anchorage,AK,Passenger,1,0,1,106,107,0.93
March 31 2022,Island,WA,Truck,1,0,1,21342,21343,0.00
July 31 2023,Carroll,MD,Passenger,0,1,1,20,21,4.76
August 31 2020,Newport,RI,Passenger,0,1,1,77,78,1.28
February 29 2020,Island,WA,Truck,1,0,1,21299,21300,0.00
July 31 2019,Manassas,VA,Passenger,0,1,1,9,10,10.00
September 30 2023,Chesterfield,VA,Passenger,1,0,1,43,44,2.27
September 30 2018,Sumter,FL,Passenger,0,1,1,10,11,9.09
January 31 2018,Snohomish,WA,Truck,1,0,1,121531,121532,0.00
December 31 2020,Ramsey,MN,Passenger,1,0,1,44,45,2.22
April 30 2017,Adams,WA,Passenger,2,3,5,12123,12128,0.04
April 30 2018,Clay,FL,Passenger,0,1,1,103,104,0.96
November 30 2024,Autauga,AL,Passenger,1,2,3,9,12,25.00
October 31 2020,Moore,NC,Passenger,0,1,1,166,167,0.60
September 30 2022,Cass,MN,Passenger,0,1,1,3,4,25.00
November 30 2020,Pierce,WA,Passenger,2755,1757,4512,554063,558575,0.81
May 31 2020,Bartow,GA,Passenger,0,1,1,4,5,20.00
January 31 2022,Vigo,IN,Passenger,1,0,1,5,6,16.67
August 31 2017,Yakima,WA,Passenger,54,67,121,160104,160225,0.08
April 30 2020,Pacific,WA,Passenger,30,34,64,15822,15886,0.40
February 29 2024,Dakota,MN,Passenger,0,1,1,12,13,7.69
May 31 2021,Island,WA,Passenger,599,309,908,62909,63817,1.42
March 31 2017,Whitman,WA,Truck,0,0,0,8386,8386,0.00
April 30 2025,Guam,GU,Passenger,0,1,1,27,28,3.57
July 31 2023,Albemarle,VA,Passenger,3,0,3,20,23,13.04
June 30 2024,San Mateo,CA,Passenger,4,1,5,80,85,5.88
August 31 2020,Orange,NC,Passenger,1,0,1,13,14,7.14
November 30 2020,Shelby,OH,Passenger,0,1,1,2,3,33.33
April 30 2022,Wahkiakum,WA,Passenger,20,11,31,3073,3104,1.00
October 31 2023,Klickitat,WA,Truck,13,0,13,8216,8229,0.16
April 30 2018,Beaufort,SC,Passenger,1,0,1,43,44,2.27
June 30 2023,Grant,WA,Truck,11,0,11,28055,28066,0.04
July 31 2022,Kings,CA,Passenger,2,0,2,311,313,0.64
March 31 2022,Pierce,WA,Truck,2,0,2,143149,143151,0.00
May 31 2023,Baltimore,MD,Passenger,1,0,1,76,77,1.30
February 28 2022,Montgomery,AL,Passenger,1,0,1,37,38,2.63
July 31 2020,Wise,TX,Passenger,1,0,1,9,10,10.00
November 30 2024,Fairfax,VA,Passenger,16,10,26,546,572,4.55
October 31 2021,Walla Walla,WA,Truck,0,0,0,14040,14040,0.00
September 30 2021,Wichita,TX,Passenger,1,0,1,43,44,2.27
November 30 2018,Salt Lake,UT,Passenger,1,0,1,239,240,0.42
March 31 2019,St. Mary's,MD,Passenger,1,0,1,219,220,0.45
August 31 2022,Wise,TX,Passenger,2,0,2,10,12,16.67
July 31 2020,King,WA,Passenger,24879,7758,32637,1369536,1402173,2.33
September 30 2023,Asotin,WA,Truck,0,0,0,6615,6615,0.00
September 30 2022,Boulder,CO,Passenger,2,0,2,47,49,4.08
October 31 2023,Island,WA,Truck,32,0,32,20782,20814,0.15
August 31 2019,Cascade,MT,Passenger,0,1,1,71,72,1.39
July 31 2024,Cook,IL,Passenger,3,2,5,188,193,2.59
March 31 2025,Skamania,WA,Truck,10,0,10,3807,3817,0.26
October 31 2017,Wise,TX,Passenger,1,0,1,4,5,20.00
April 30 2023,Atlantic,NJ,Passenger,1,0,1,9,10,10.00
February 28 2021,Prince William,VA,Passenger,1,2,3,215,218,1.38
May 31 2023,Harnett,NC,Passenger,4,0,4,160,164,2.44
April 30 2018,Montgomery,TX,Passenger,1,0,1,66,67,1.49
January 31 2019,Montgomery,MD,Passenger,1,0,1,289,290,0.34
February 28 2021,Missoula,MT,Passenger,1,0,1,75,76,1.32
August 31 2023,Hawaii,HI,Passenger,1,0,1,39,40,2.50
January 31 2022,Hamilton,IN,Passenger,3,0,3,29,32,9.38
March 31 2022,Fairfax,VA,Passenger,5,3,8,682,690,1.16
October 31 2018,Klickitat,WA,Passenger,23,32,55,15381,15436,0.36
July 31 2022,Sumter,SC,Passenger,0,1,1,30,31,3.23
May 31 2024,New Haven,CT,Passenger,2,2,4,24,28,14.29
April 30 2022,Eagle,CO,Passenger,1,0,1,6,7,14.29
June 30 2021,Lincoln,WA,Truck,0,0,0,4749,4749,0.00
May 31 2018,Klickitat,WA,Truck,0,0,0,8076,8076,0.00
June 30 2018,Allegheny,PA,Passenger,1,0,1,84,85,1.18
July 31 2022,Rogers,OK,Passenger,1,0,1,9,10,10.00
May 31 2020,Nassau,NY,Passenger,5,0,5,39,44,11.36
June 30 2019,Grant,WA,Passenger,41,61,102,64686,64788,0.16
October 31 2020,Grant,WA,Passenger,71,82,153,65694,65847,0.23
January 31 2021,Albemarle,VA,Passenger,1,0,1,27,28,3.57
March 31 2025,Virginia Beach,VA,Passenger,5,2,7,390,397,1.76
March 31 2023,Fredericksburg,VA,Passenger,1,0,1,5,6,16.67
May 31 2024,Newport News,VA,Passenger,1,0,1,103,104,0.96
April 30 2023,Santa Cruz,AZ,Passenger,1,0,1,5,6,16.67
May 31 2017,King,WA,Truck,8,1,9,188176,188185,0.00
February 28 2019,Monroe,IL,Passenger,1,0,1,3,4,25.00
January 31 2018,Wahkiakum,WA,Truck,0,0,0,1680,1680,0.00
June 30 2020,Okaloosa,FL,Passenger,0,1,1,145,146,0.68
April 30 2017,Kitsap,WA,Passenger,583,298,881,172616,173497,0.51
February 28 2022,Asotin,WA,Truck,0,0,0,6726,6726,0.00
September 30 2022,Rockdale,GA,Passenger,1,0,1,9,10,10.00
October 31 2018,Flathead,MT,Passenger,1,0,1,63,64,1.56
February 28 2025,El Paso,TX,Passenger,2,2,4,265,269,1.49
January 31 2022,Santa Cruz,CA,Passenger,1,0,1,29,30,3.33
September 30 2023,Kent,DE,Passenger,1,0,1,44,45,2.22
July 31 2019,DuPage,IL,Passenger,3,0,3,60,63,4.76
February 28 2018,Orange,FL,Passenger,2,1,3,180,183,1.64
August 31 2023,Miami-Dade,FL,Passenger,2,0,2,78,80,2.50
October 31 2019,Benton,WA,Passenger,307,303,610,134858,135468,0.45
January 31 2019,St. Clair,IL,Passenger,0,1,1,176,177,0.56
January 31 2021,Riverside,CA,Passenger,6,0,6,639,645,0.93
January 31 2022,Columbia,OR,Passenger,1,0,1,27,28,3.57
May 31 2021,Anchorage,AK,Passenger,1,0,1,155,156,0.64
October 31 2020,Carson City,NV,Passenger,1,0,1,13,14,7.14
December 31 2018,San Mateo,CA,Passenger,2,1,3,139,142,2.11
July 31 2020,Ada,ID,Passenger,0,1,1,303,304,0.33
November 30 2020,Skagit,WA,Passenger,483,235,718,91288,92006,0.78
January 31 2021,Baltimore,MD,Passenger,1,0,1,116,117,0.85
April 30 2022,Kitsap,WA,Truck,1,0,1,53655,53656,0.00
April 30 2020,Suffolk,MA,Passenger,0,2,2,41,43,4.65
September 30 2018,Marion,IN,Passenger,1,0,1,120,121,0.83
November 30 2024,King,WA,Truck,2006,2,2008,169154,171162,1.17
November 30 2021,Columbia,WA,Truck,0,0,0,1550,1550,0.00
November 30 2020,Flathead,MT,Passenger,2,0,2,67,69,2.90
September 30 2018,Kitsap,WA,Passenger,840,499,1339,179345,180684,0.74
November 30 2024,Bexar,TX,Passenger,5,3,8,331,339,2.36
November 30 2022,Thurston,WA,Truck,34,0,34,54545,54579,0.06
January 31 2025,Stafford,VA,Passenger,3,0,3,59,62,4.84
March 31 2022,Randolph,NC,Passenger,1,0,1,4,5,20.00
July 31 2020,Bexar,TX,Passenger,3,5,8,638,646,1.24
July 31 2019,Bergen,NJ,Passenger,1,0,1,26,27,3.70
March 31 2022,San Mateo,CA,Passenger,4,1,5,108,113,4.42
January 31 2017,Garfield,WA,Passenger,0,0,0,1285,1285,0.00
September 30 2017,Stevens,WA,Truck,0,0,0,18234,18234,0.00
April 30 2025,Pinal,AZ,Passenger,1,1,2,62,64,3.12
May 31 2023,Pulaski,MO,Passenger,3,0,3,105,108,2.78
July 31 2018,Lane,OR,Passenger,0,1,1,191,192,0.52
December 31 2023,Brevard,FL,Passenger,1,0,1,68,69,1.45
December 31 2017,Okanogan,WA,Truck,0,0,0,16265,16265,0.00
March 31 2020,New Haven,CT,Passenger,0,2,2,39,41,4.88
May 31 2024,Will,IL,Passenger,0,1,1,14,15,6.67
June 30 2019,Volusia,FL,Passenger,0,1,1,40,41,2.44
June 30 2023,Grant,WA,Passenger,282,126,408,67018,67426,0.61
June 30 2018,Lewis,WA,Truck,0,0,0,25475,25475,0.00
November 30 2018,Garfield,WA,Passenger,1,1,2,1330,1332,0.15
November 30 2022,San Juan,WA,Passenger,553,169,722,13951,14673,4.92
September 30 2017,Madison,ID,Passenger,1,0,1,35,36,2.78
September 30 2024,Asotin,WA,Passenger,57,29,86,12223,12309,0.70
June 30 2022,San Luis Obispo,CA,Passenger,2,1,3,72,75,4.00
August 31 2023,New Castle,DE,Passenger,1,0,1,20,21,4.76
May 31 2021,Hampshire,MA,Passenger,1,0,1,10,11,9.09
January 31 2022,Maricopa,AZ,Passenger,14,5,19,1381,1400,1.36
January 31 2025,Arapahoe,CO,Passenger,1,1,2,51,53,3.77
December 31 2023,Isle of Wight,VA,Passenger,0,1,1,18,19,5.26
August 31 2017,Nassau,NY,Passenger,1,1,2,40,42,4.76
May 31 2022,Wood,OH,Passenger,0,1,1,7,8,12.50
December 31 2020,Pend Oreille,WA,Passenger,12,4,16,9161,9177,0.17
February 29 2024,Stevens,WA,Passenger,144,72,216,29483,29699,0.73
July 31 2022,Suffolk,MA,Passenger,1,0,1,30,31,3.23
July 31 2018,Dale,AL,Passenger,0,1,1,58,59,1.69
May 31 2022,El Paso,TX,Passenger,2,0,2,387,389,0.51
April 30 2023,Los Angeles,CA,Passenger,8,5,13,819,832,1.56
August 31 2024,Cobb,GA,Passenger,1,0,1,40,41,2.44
February 29 2024,Brown,WI,Passenger,1,0,1,3,4,25.00
November 30 2021,Powhatan,VA,Passenger,1,0,1,1,2,50.00
August 31 2022,Santa Clara,CA,Passenger,18,4,22,299,321,6.85
May 31 2020,Calvert,MD,Passenger,0,2,2,90,92,2.17
October 31 2019,Collin,TX,Passenger,2,1,3,153,156,1.92
October 31 2024,Adams,CO,Passenger,1,0,1,32,33,3.03
October 31 2024,Otero,NM,Passenger,0,1,1,17,18,5.56
May 31 2020,Kittitas,WA,Passenger,102,48,150,29760,29910,0.50
January 31 2025,Kane,IL,Passenger,1,0,1,8,9,11.11
December 31 2022,Clallam,WA,Passenger,483,263,746,49316,50062,1.49
December 31 2020,Maui,HI,Passenger,2,0,2,30,32,6.25
July 31 2021,Montgomery,OH,Passenger,0,1,1,57,58,1.72
December 31 2021,Bartow,GA,Passenger,0,1,1,4,5,20.00
March 31 2025,Kittitas,WA,Truck,54,0,54,14445,14499,0.37
May 31 2019,Solano,CA,Passenger,1,0,1,226,227,0.44
May 31 2023,Lane,OR,Passenger,0,1,1,100,101,0.99
April 30 2022,San Bernardino,CA,Passenger,2,1,3,410,413,0.73
October 31 2019,Powhatan,VA,Passenger,1,0,1,1,2,50.00
May 31 2024,Ada,ID,Passenger,2,0,2,134,136,1.47
December 31 2019,Duval,FL,Passenger,1,2,3,373,376,0.80
June 30 2023,Grays Harbor,WA,Truck,7,0,7,20945,20952,0.03
June 30 2019,Frederick,MD,Passenger,1,1,2,77,79,2.53
July 31 2017,Fairfax,VA,Passenger,3,1,4,842,846,0.47
August 31 2023,Island,WA,Passenger,1149,445,1594,60535,62129,2.57
March 31 2022,San Joaquin,CA,Passenger,1,1,2,110,112,1.79
January 31 2025,St. Mary's,MD,Passenger,4,0,4,174,178,2.25
July 31 2023,Charlottesville,VA,Passenger,0,2,2,5,7,28.57
July 31 2024,Doña Ana,NM,Passenger,1,0,1,11,12,8.33
June 30 2021,Howard,MD,Passenger,0,1,1,70,71,1.41
February 28 2023,Goochland,VA,Passenger,3,2,5,128,133,3.76
January 31 2024,Churchill,NV,Passenger,0,1,1,40,41,2.44
January 31 2019,Juneau,AK,Passenger,0,1,1,45,46,2.17
April 30 2023,Whatcom,WA,Passenger,2338,858,3196,147452,150648,2.12
February 28 2021,,,Passenger,4,1,5,386,391,1.28
November 30 2024,Klickitat,WA,Passenger,249,105,354,15278,15632,2.26
August 31 2021,RÃ­o Grande,PR,Passenger,1,0,1,0,1,100.00
August 31 2024,Kitsap,WA,Truck,178,0,178,51472,51650,0.34
October 31 2023,Pierce,WA,Truck,197,0,197,135068,135265,0.15
November 30 2021,Pacific,WA,Passenger,51,64,115,16041,16156,0.71
October 31 2024,Benton,WA,Truck,61,0,61,43023,43084,0.14
September 30 2022,Washington,OR,Passenger,1,0,1,353,354,0.28
September 30 2017,Missoula,MT,Passenger,1,0,1,71,72,1.39
August 31 2019,Denver,CO,Passenger,1,0,1,139,140,0.71
February 28 2025,Benton,WA,Passenger,2105,872,2977,137130,140107,2.12
November 30 2022,Kitsap,WA,Passenger,2691,1135,3826,176382,180208,2.12
February 28 2022,Kauai,HI,Passenger,1,0,1,25,26,3.85
February 28 2022,Wilson,NC,Passenger,1,0,1,1,2,50.00
February 29 2020,New York,NY,Passenger,2,0,2,73,75,2.67
November 30 2017,Orleans,LA,Passenger,0,1,1,45,46,2.17
July 31 2021,Kootenai,ID,Passenger,0,2,2,218,220,0.91
November 30 2019,Fresno,CA,Passenger,2,0,2,211,213,0.94
May 31 2022,Island,WA,Truck,1,0,1,21295,21296,0.00
October 31 2021,Mohave,AZ,Passenger,1,0,1,71,72,1.39
January 31 2020,Kittitas,WA,Truck,0,0,0,14664,14664,0.00
March 31 2021,Queens,NY,Passenger,2,0,2,57,59,3.39
February 28 2019,Maricopa,AZ,Passenger,6,3,9,1711,1720,0.52
July 31 2024,San Diego,CA,Truck,1,0,1,433,434,0.23
April 30 2020,Columbia,WA,Passenger,3,3,6,2408,2414,0.25
September 30 2023,Charles,MD,Passenger,1,1,2,55,57,3.51
October 31 2024,St. Lawrence,NY,Passenger,1,0,1,4,5,20.00
June 30 2024,Washington,WI,Passenger,1,0,1,0,1,100.00
January 31 2021,DuPage,IL,Passenger,4,1,5,61,66,7.58
August 31 2023,Harford,MD,Passenger,1,1,2,49,51,3.92
January 31 2020,Whitman,WA,Truck,0,0,0,8564,8564,0.00
October 31 2019,Suffolk,MA,Passenger,0,1,1,39,40,2.50
November 30 2017,Thurston,WA,Passenger,456,380,836,189382,190218,0.44
June 30 2022,Nueces,TX,Passenger,1,0,1,68,69,1.45
September 30 2021,Geary,KS,Passenger,1,0,1,102,103,0.97
December 31 2024,Middlesex,MA,Passenger,5,0,5,68,73,6.85
September 30 2021,Tarrant,TX,Passenger,2,0,2,172,174,1.15
September 30 2024,Whitman,WA,Truck,11,0,11,8599,8610,0.13
September 30 2022,Pulaski,MO,Passenger,2,0,2,118,120,1.67
December 31 2017,Whitman,WA,Truck,0,0,0,8451,8451,0.00
June 30 2021,Loudoun,VA,Passenger,1,0,1,80,81,1.23
May 31 2020,Essex,MA,Passenger,1,0,1,27,28,3.57
March 31 2021,DeKalb,GA,Passenger,1,0,1,74,75,1.33
October 31 2023,Escambia,FL,Passenger,0,1,1,136,137,0.73
December 31 2019,Prince William,VA,Passenger,1,4,5,234,239,2.09
March 31 2024,Placer,CA,Passenger,2,0,2,72,74,2.70
August 31 2019,Polk,FL,Passenger,1,0,1,80,81,1.23
February 28 2019,Clark,WA,Passenger,1337,866,2203,311683,313886,0.70
September 30 2020,Lincoln,WA,Passenger,5,10,15,7588,7603,0.20
July 31 2023,Honolulu,HI,Passenger,4,3,7,358,365,1.92
May 31 2020,Larimer,CO,Passenger,1,0,1,57,58,1.72
July 31 2018,Clark,NV,Passenger,2,3,5,805,810,0.62
May 31 2018,Stevens,WA,Truck,0,0,0,18565,18565,0.00
July 31 2021,San Mateo,CA,Passenger,2,0,2,125,127,1.57
January 31 2022,Snohomish,WA,Passenger,7209,2279,9488,535833,545321,1.74
September 30 2017,Lake,CA,Passenger,0,1,1,13,14,7.14
September 30 2019,Charles,MD,Passenger,0,1,1,88,89,1.12
November 30 2021,Gwinnett,GA,Passenger,1,0,1,71,72,1.39
November 30 2023,Norfolk,VA,Passenger,1,1,2,273,275,0.73
November 30 2024,Kings,NY,Passenger,2,1,3,33,36,8.33
May 31 2019,Kitsap,WA,Passenger,1034,588,1622,180540,182162,0.89
February 29 2020,Portsmouth,VA,Passenger,0,1,1,76,77,1.30
May 31 2021,Pennington,SD,Passenger,1,0,1,33,34,2.94
May 31 2021,Chelan,WA,Passenger,322,99,421,54692,55113,0.76
February 28 2023,San Bernardino,CA,Passenger,3,1,4,374,378,1.06
September 30 2020,Whitman,WA,Truck,0,0,0,8494,8494,0.00
April 30 2023,Pend Oreille,WA,Passenger,31,13,44,8870,8914,0.49
April 30 2022,Arlington,VA,Passenger,3,0,3,149,152,1.97
September 30 2022,Hays,TX,Passenger,1,0,1,11,12,8.33
June 30 2021,San Juan,WA,Passenger,430,136,566,14235,14801,3.82
January 31 2018,Monterey,CA,Passenger,0,2,2,205,207,0.97
April 30 2024,Cowlitz,WA,Passenger,681,274,955,69425,70380,1.36
September 30 2022,Douglas,CO,Passenger,1,1,2,87,89,2.25
October 31 2023,Benton,WA,Passenger,1313,639,1952,135045,136997,1.42
July 31 2023,Franklin,OH,Passenger,1,0,1,63,64,1.56
December 31 2024,Newport,RI,Truck,1,0,1,9,10,10.00
June 30 2020,Camden,NJ,Passenger,0,1,1,19,20,5.00
June 30 2022,Orange,NC,Passenger,1,0,1,9,10,10.00
April 30 2023,Ray,MO,Passenger,0,1,1,1,2,50.00
November 30 2021,Pacific,WA,Truck,0,0,0,7994,7994,0.00
May 31 2020,Cameron,TX,Passenger,1,0,1,25,26,3.85
February 29 2020,Prince George's,MD,Passenger,1,1,2,182,184,1.09
March 31 2020,Cochise,AZ,Passenger,0,1,1,111,112,0.89
January 31 2021,New London,CT,Passenger,1,2,3,228,231,1.30
October 31 2021,Travis,TX,Passenger,5,4,9,167,176,5.11
August 31 2023,Columbia,WA,Passenger,12,1,13,2424,2437,0.53
February 29 2024,Virginia Beach,VA,Truck,1,0,1,113,114,0.88
June 30 2019,Grant,WA,Truck,0,0,0,26621,26621,0.00
May 31 2023,Rockdale,GA,Passenger,1,0,1,8,9,11.11
April 30 2024,Pinellas,FL,Passenger,1,0,1,57,58,1.72
August 31 2023,Stevens,WA,Passenger,122,69,191,29481,29672,0.64
August 31 2017,Essex,MA,Passenger,1,0,1,25,26,3.85
February 28 2018,Garfield,OK,Passenger,1,0,1,22,23,4.35
April 30 2023,Currituck,NC,Passenger,1,0,1,23,24,4.17
February 28 2021,Miami-Dade,FL,Passenger,1,0,1,111,112,0.89
May 31 2022,Currituck,NC,Passenger,1,0,1,25,26,3.85
October 31 2023,Harford,MD,Passenger,1,1,2,47,49,4.08
March 31 2025,Lake,IL,Passenger,8,0,8,104,112,7.14
November 30 2017,Manatee,FL,Passenger,1,0,1,43,44,2.27
January 31 2020,Lake,CA,Passenger,0,1,1,13,14,7.14
July 31 2023,Fredericksburg,VA,Passenger,1,0,1,5,6,16.67
July 31 2018,Lake,CA,Passenger,0,1,1,10,11,9.09
February 29 2024,Berkeley,SC,Passenger,2,0,2,113,115,1.74
January 31 2020,Portsmouth,VA,Passenger,0,1,1,78,79,1.27
May 31 2019,El Paso,CO,Passenger,2,2,4,761,765,0.52
May 31 2018,San Mateo,CA,Passenger,1,1,2,141,143,1.40
May 31 2022,Newport,RI,Passenger,0,1,1,76,77,1.30
April 30 2019,Sacramento,CA,Passenger,0,1,1,308,309,0.32
January 31 2023,Clallam,WA,Passenger,499,268,767,49248,50015,1.53
July 31 2020,Hillsborough,FL,Passenger,0,1,1,186,187,0.53
January 31 2023,Ferry,WA,Passenger,24,4,28,4328,4356,0.64
January 31 2020,Vigo,IN,Passenger,1,0,1,6,7,14.29
August 31 2021,Kootenai,ID,Passenger,1,2,3,220,223,1.35
January 31 2022,Benton,WA,Passenger,652,456,1108,135714,136822,0.81
September 30 2020,Arapahoe,CO,Passenger,1,0,1,138,139,0.72
March 31 2021,Nueces,TX,Passenger,1,0,1,89,90,1.11
March 31 2018,Prince George,VA,Passenger,0,1,1,72,73,1.37
March 31 2021,Pulaski,MO,Passenger,1,0,1,145,146,0.68
August 31 2020,Ventura,CA,Passenger,1,1,2,310,312,0.64
December 31 2021,Mason,WA,Passenger,265,155,420,47694,48114,0.87
September 30 2018,Prince George,VA,Passenger,0,1,1,73,74,1.35
January 31 2018,Lewis,WA,Passenger,52,45,97,56811,56908,0.17
June 30 2024,Whatcom,WA,Truck,109,0,109,42339,42448,0.26
October 31 2017,Prince George's,MD,Passenger,0,1,1,183,184,0.54
April 30 2021,Anne Arundel,MD,Passenger,2,1,3,396,399,0.75
May 31 2018,Whitman,WA,Passenger,19,27,46,22570,22616,0.20
September 30 2019,Kittitas,WA,Truck,0,0,0,14567,14567,0.00
September 30 2022,Kootenai,ID,Truck,1,0,1,41,42,2.38
December 31 2023,Miami-Dade,FL,Passenger,3,0,3,78,81,3.70
September 30 2022,Washington,MD,Passenger,2,0,2,16,18,11.11
April 30 2018,Mason,WA,Truck,0,0,0,19802,19802,0.00
January 31 2017,Nantucket,MA,Passenger,1,0,1,3,4,25.00
May 31 2025,Clark,NV,Passenger,5,2,7,359,366,1.91
November 30 2021,Thurston,WA,Passenger,1841,949,2790,196367,199157,1.40
November 30 2020,Douglas,WA,Truck,0,0,0,12442,12442,0.00
May 31 2022,Bristol,MA,Passenger,1,0,1,14,15,6.67
July 31 2022,Richmond,NY,Passenger,1,0,1,3,4,25.00
May 31 2022,Harris,TX,Passenger,2,1,3,208,211,1.42
October 31 2018,St. Lucie,FL,Passenger,1,0,1,27,28,3.57
August 31 2021,Columbia,GA,Passenger,0,1,1,123,124,0.81
October 31 2024,Thurston,WA,Passenger,5022,1735,6757,189304,196061,3.45
September 30 2024,Clatsop,OR,Passenger,1,0,1,34,35,2.86
August 31 2023,Johnson,MO,Passenger,1,0,1,25,26,3.85
March 31 2024,Skamania,WA,Truck,3,0,3,3835,3838,0.08
June 30 2017,Juneau,AK,Passenger,0,1,1,48,49,2.04
July 31 2017,Grant,WA,Truck,0,0,0,25269,25269,0.00
October 31 2020,Spokane,WA,Passenger,827,523,1350,319351,320701,0.42
June 30 2018,Dale,AL,Passenger,0,1,1,57,58,1.72
July 31 2018,Madison,ID,Passenger,1,0,1,38,39,2.56
June 30 2020,Cowlitz,WA,Passenger,138,115,253,72297,72550,0.35
March 31 2023,Dorchester,SC,Passenger,1,0,1,61,62,1.61
May 31 2025,Talladega,AL,Passenger,0,1,1,1,2,50.00
June 30 2021,Klickitat,WA,Passenger,70,52,122,15260,15382,0.79
December 31 2024,Fairfax,VA,Passenger,15,9,24,543,567,4.23
September 30 2022,Pacific,WA,Passenger,70,74,144,15714,15858,0.91
June 30 2021,Hillsborough,FL,Passenger,0,2,2,162,164,1.22
October 31 2023,Maui,HI,Passenger,1,0,1,20,21,4.76
October 31 2023,Newport News,VA,Passenger,1,0,1,114,115,0.87
August 31 2019,Skagit,WA,Passenger,312,209,521,92258,92779,0.56
February 29 2024,Lincoln,WA,Passenger,25,26,51,7584,7635,0.67
December 31 2021,Orange,FL,Passenger,3,0,3,126,129,2.33
December 31 2020,Hillsborough,FL,Passenger,0,1,1,177,178,0.56
May 31 2019,Lake,FL,Passenger,1,0,1,26,27,3.70
December 31 2023,Doña Ana,NM,Passenger,1,0,1,17,18,5.56
April 30 2024,Orange,FL,Passenger,4,0,4,65,69,5.80
March 31 2022,Pend Oreille,WA,Passenger,16,10,26,9032,9058,0.29
July 31 2024,Salt Lake,UT,Passenger,4,0,4,114,118,3.39
April 30 2023,Newport,RI,Passenger,0,1,1,57,58,1.72
August 31 2024,Lee,AL,Passenger,1,0,1,16,17,5.88
March 31 2024,Pinellas,FL,Passenger,1,0,1,56,57,1.75
May 31 2025,Sacramento,CA,Passenger,1,0,1,123,124,0.81
September 30 2017,Ramsey,MN,Passenger,1,0,1,42,43,2.33
April 30 2021,Queens,NY,Passenger,2,0,2,58,60,3.33
January 31 2017,Thurston,WA,Truck,0,0,0,53301,53301,0.00
September 30 2019,Kitsap,WA,Passenger,1134,642,1776,181430,183206,0.97
November 30 2021,Grays Harbor,WA,Passenger,191,155,346,49440,49786,0.69
February 28 2018,Saratoga,NY,Passenger,1,1,2,69,71,2.82
June 30 2017,Dakota,MN,Passenger,0,1,1,40,41,2.44
April 30 2023,Tooele,UT,Passenger,1,0,1,12,13,7.69
November 30 2024,Providence,RI,Passenger,1,0,1,20,21,4.76
September 30 2019,Adams,WA,Passenger,5,5,10,12871,12881,0.08
August 31 2023,Clark,WA,Truck,113,0,113,81189,81302,0.14
February 28 2023,Charles,MD,Passenger,1,1,2,60,62,3.23
March 31 2022,Charles,MD,Passenger,0,1,1,67,68,1.47
March 31 2025,Platte,MO,Passenger,0,1,1,10,11,9.09
April 30 2023,Orange,NC,Passenger,1,0,1,8,9,11.11
June 30 2019,Walla Walla,WA,Truck,0,0,0,13585,13585,0.00
November 30 2021,Hillsborough,FL,Passenger,0,2,2,161,163,1.23
August 31 2020,Placer,CA,Passenger,2,0,2,100,102,1.96
February 28 2025,Island,WA,Passenger,1818,633,2451,60075,62526,3.92
June 30 2019,Goochland,VA,Passenger,1,1,2,267,269,0.74
September 30 2018,,,Passenger,2,2,4,428,432,0.93
April 30 2025,Cochise,AZ,Passenger,1,0,1,55,56,1.79
November 30 2023,Carroll,MD,Passenger,0,1,1,20,21,4.76
June 30 2019,Oklahoma,OK,Passenger,0,1,1,139,140,0.71
May 31 2020,Osceola,FL,Passenger,1,0,1,46,47,2.13
May 31 2025,San Luis Obispo,CA,Passenger,0,1,1,36,37,2.70
February 28 2023,Kings,CA,Passenger,2,0,2,295,297,0.67
February 28 2022,Broward,FL,Passenger,2,0,2,103,105,1.90
June 30 2018,Charles,MD,Passenger,0,1,1,84,85,1.18
July 31 2022,Pulaski,MO,Passenger,2,0,2,118,120,1.67
January 31 2021,Orange,FL,Passenger,2,0,2,132,134,1.49
January 31 2021,Ramsey,MN,Passenger,1,0,1,43,44,2.27
August 31 2020,San Juan,WA,Truck,0,0,0,5832,5832,0.00
February 28 2025,Mason,WA,Passenger,789,304,1093,45803,46896,2.33
July 31 2022,Calvert,MD,Passenger,0,3,3,85,88,3.41
November 30 2017,Montgomery,TN,Passenger,1,0,1,274,275,0.36
July 31 2019,San Juan,WA,Passenger,220,72,292,14437,14729,1.98
May 31 2018,Fresno,CA,Passenger,1,0,1,210,211,0.47
May 31 2022,Washoe,NV,Passenger,1,0,1,83,84,1.19
March 31 2017,Hamilton,IN,Passenger,1,0,1,64,65,1.54
December 31 2022,Richmond,GA,Passenger,0,1,1,65,66,1.52
December 31 2024,Williamsburg,VA,Passenger,0,1,1,3,4,25.00
July 31 2018,Walla Walla,WA,Truck,0,0,0,13465,13465,0.00
November 30 2022,Skamania,WA,Truck,0,0,0,3890,3890,0.00
April 30 2025,Island,WA,Truck,103,0,103,20416,20519,0.50
June 30 2022,Kern,CA,Passenger,1,1,2,207,209,0.96
May 31 2024,Tom Green,TX,Passenger,0,1,1,18,19,5.26
September 30 2021,Camden,NJ,Passenger,0,1,1,12,13,7.69
January 31 2017,Marion,OR,Passenger,1,0,1,246,247,0.40
July 31 2018,Saratoga,NY,Passenger,1,1,2,65,67,2.99
July 31 2023,Virginia Beach,VA,Truck,1,0,1,119,120,0.83
September 30 2020,Bradley,TN,Passenger,1,0,1,1,2,50.00
February 28 2023,Pend Oreille,WA,Passenger,26,13,39,8897,8936,0.44
August 31 2024,Fairfax,VA,Truck,1,0,1,82,83,1.20
April 30 2018,Island,WA,Truck,0,0,0,20818,20818,0.00
May 31 2020,Queens,NY,Passenger,1,0,1,54,55,1.82
June 30 2023,Kane,IL,Passenger,1,0,1,9,10,10.00
January 31 2017,San Mateo,CA,Passenger,0,1,1,179,180,0.56
December 31 2019,Carson City,NV,Passenger,1,0,1,12,13,7.69
February 28 2023,Virginia Beach,VA,Truck,1,0,1,127,128,0.78
September 30 2024,Wahkiakum,WA,Truck,6,0,6,1779,1785,0.34
July 31 2021,Stafford,VA,Passenger,2,1,3,108,111,2.70
October 31 2018,Kittitas,WA,Truck,0,0,0,14125,14125,0.00
June 30 2019,Williamson,TX,Passenger,0,1,1,170,171,0.58
November 30 2024,Pulaski,MO,Passenger,3,0,3,89,92,3.26
March 31 2017,Jefferson,WA,Truck,0,0,0,9442,9442,0.00
October 31 2021,Wichita,TX,Passenger,1,0,1,46,47,2.13
December 31 2024,Baltimore,MD,Passenger,1,0,1,63,64,1.56
August 31 2022,Sarasota,FL,Passenger,2,0,2,42,44,4.55
April 30 2025,Cowlitz,WA,Truck,44,0,44,27558,27602,0.16
February 29 2024,Salt Lake,UT,Passenger,5,1,6,127,133,4.51
October 31 2021,Wilson,TX,Passenger,0,1,1,3,4,25.00
February 28 2023,Skamania,WA,Passenger,93,53,146,8089,8235,1.77
March 31 2024,St. Mary's,MD,Passenger,4,0,4,203,207,1.93
September 30 2020,Klickitat,WA,Truck,0,0,0,8096,8096,0.00
July 31 2018,Garfield,WA,Truck,0,0,0,953,953,0.00
September 30 2020,Sarasota,FL,Passenger,2,0,2,41,43,4.65
November 30 2024,Dakota,MN,Passenger,0,1,1,11,12,8.33
February 29 2020,Grant,WA,Passenger,58,71,129,65535,65664,0.20
November 30 2023,King,WA,Passenger,67775,16401,84176,1314679,1398855,6.02
February 28 2025,Pierce,WA,Passenger,14236,4183,18419,516512,534931,3.44
January 31 2018,Nueces,TX,Passenger,1,1,2,95,97,2.06
February 28 2025,Galveston,TX,Passenger,1,0,1,16,17,5.88
March 31 2025,Contra Costa,CA,Passenger,4,1,5,117,122,4.10
April 30 2024,Jefferson,KY,Passenger,1,0,1,36,37,2.70
September 30 2018,Montgomery,MD,Passenger,1,0,1,296,297,0.34
November 30 2024,Suffolk,MA,Passenger,3,1,4,26,30,13.33
July 31 2022,Jefferson,IL,Passenger,1,0,1,1,2,50.00
September 30 2022,Wichita,TX,Passenger,1,0,1,40,41,2.44
February 28 2025,Washington,OR,Passenger,2,0,2,185,187,1.07
March 31 2019,Wise,TX,Passenger,1,0,1,4,5,20.00
January 31 2023,District of Columbia,DC,Passenger,2,0,2,164,166,1.20
June 30 2020,Newport,RI,Passenger,0,1,1,78,79,1.27
November 30 2023,Frederick,MD,Passenger,3,1,4,55,59,6.78
January 31 2019,San Juan,WA,Passenger,190,68,258,14245,14503,1.78
November 30 2024,James City,VA,Passenger,1,0,1,27,28,3.57
November 30 2017,King,WA,Passenger,11125,4612,15737,1370568,1386305,1.14
June 30 2021,Kings,NY,Passenger,2,0,2,75,77,2.60
February 28 2021,Sumter,FL,Passenger,0,1,1,10,11,9.09
March 31 2025,Douglas,WA,Passenger,392,109,501,28933,29434,1.70
December 31 2024,Pulaski,AR,Truck,1,0,1,4,5,20.00
June 30 2023,Pulaski,MO,Passenger,3,0,3,107,110,2.73
October 31 2020,Douglas,CO,Passenger,1,1,2,86,88,2.27
January 31 2024,Kitsap,WA,Truck,114,0,114,51590,51704,0.22
October 31 2017,Marin,CA,Passenger,1,0,1,59,60,1.67
January 31 2021,Hampshire,MA,Passenger,1,0,1,10,11,9.09
May 31 2023,Ulster,NY,Passenger,1,0,1,10,11,9.09
March 31 2018,Prince George's,MD,Passenger,0,1,1,187,188,0.53
May 31 2022,Hamilton,OH,Passenger,1,0,1,45,46,2.17
October 31 2022,Dorchester,SC,Passenger,1,0,1,64,65,1.54
April 30 2021,Asotin,WA,Passenger,19,14,33,12632,12665,0.26
June 30 2022,Suffolk,VA,Passenger,1,0,1,130,131,0.76
November 30 2017,Benton,WA,Passenger,165,159,324,129834,130158,0.25
December 31 2020,Randolph,NC,Passenger,1,0,1,6,7,14.29
October 31 2022,Saratoga,NY,Passenger,1,0,1,50,51,1.96
March 31 2021,Calvert,MD,Passenger,0,2,2,90,92,2.17
January 31 2022,Grant,WA,Passenger,140,99,239,66721,66960,0.36
February 28 2022,Calvert,MD,Passenger,0,3,3,89,92,3.26
November 30 2024,Adams,CO,Passenger,1,0,1,32,33,3.03
March 31 2025,Bell,TX,Passenger,1,0,1,181,182,0.55
April 30 2021,Stevens,WA,Truck,0,0,0,18853,18853,0.00
January 31 2024,Kent,DE,Passenger,1,0,1,43,44,2.27
June 30 2023,Jefferson,IL,Passenger,1,0,1,1,2,50.00
December 31 2024,Sarasota,FL,Passenger,1,0,1,20,21,4.76
June 30 2021,Hudson,NJ,Passenger,1,0,1,47,48,2.08
December 31 2023,Kitsap,WA,Passenger,3935,1518,5453,174574,180027,3.03
November 30 2023,Kootenai,ID,Passenger,1,3,4,132,136,2.94
October 31 2019,Montgomery,AL,Passenger,1,1,2,40,42,4.76
April 30 2023,Hawaii,HI,Passenger,1,0,1,40,41,2.44
September 30 2023,Saratoga,NY,Passenger,1,1,2,47,49,4.08
December 31 2018,Nueces,TX,Passenger,1,1,2,96,98,2.04
December 31 2020,Klamath,OR,Passenger,1,0,1,37,38,2.63
November 30 2019,Richland,SC,Passenger,0,1,1,154,155,0.65
November 30 2017,Pierce,WA,Truck,0,0,0,136973,136973,0.00
May 31 2024,Bergen,NJ,Passenger,1,0,1,11,12,8.33
September 30 2024,Portsmouth,VA,Passenger,0,2,2,60,62,3.23
September 30 2017,Jefferson,WA,Truck,0,0,0,9412,9412,0.00
March 31 2020,Whitman,WA,Passenger,42,46,88,22454,22542,0.39
August 31 2024,Chelan,WA,Truck,64,0,64,22937,23001,0.28
December 31 2024,Grant,WA,Truck,48,0,48,28093,28141,0.17
September 30 2021,Norfolk,VA,Passenger,2,3,5,312,317,1.58
November 30 2023,Island,WA,Truck,36,0,36,20748,20784,0.17
April 30 2024,Medina,TX,Passenger,1,0,1,6,7,14.29
June 30 2020,Alexandria,VA,Passenger,1,0,1,138,139,0.72
February 29 2024,Williamson,TN,Passenger,0,1,1,14,15,6.67
December 31 2022,Jefferson,NY,Passenger,2,0,2,206,208,0.96
February 28 2025,Olmsted,MN,Passenger,1,0,1,3,4,25.00
August 31 2024,Benton,AR,Passenger,1,0,1,18,19,5.26
April 30 2023,Hamilton,OH,Passenger,1,0,1,45,46,2.17
June 30 2023,Kootenai,ID,Passenger,1,3,4,149,153,2.61
June 30 2022,Chesapeake,VA,Passenger,2,1,3,377,380,0.79
August 31 2022,Arlington,VA,Passenger,3,0,3,142,145,2.07
July 31 2019,Sedgwick,KS,Passenger,1,1,2,106,108,1.85
July 31 2019,Kittitas,WA,Passenger,79,41,120,29665,29785,0.40
January 31 2024,Dakota,MN,Passenger,0,1,1,11,12,8.33
April 30 2020,Fairfax,VA,Passenger,5,2,7,757,764,0.92
September 30 2017,Flathead,MT,Passenger,1,0,1,65,66,1.52
September 30 2021,Asotin,WA,Passenger,20,17,37,12706,12743,0.29
September 30 2021,Adams,WA,Truck,0,0,0,5400,5400,0.00
October 31 2024,Isle of Wight,VA,Passenger,0,1,1,15,16,6.25
October 31 2018,Howard,MD,Passenger,0,1,1,94,95,1.05
August 31 2021,Calvert,MD,Passenger,0,3,3,95,98,3.06
May 31 2024,Virginia Beach,VA,Passenger,5,3,8,459,467,1.71
June 30 2023,Will,IL,Passenger,0,1,1,15,16,6.25
May 31 2025,Montgomery,OH,Passenger,0,1,1,33,34,2.94
March 31 2019,Pima,AZ,Passenger,1,1,2,439,441,0.45
October 31 2019,Putnam,TN,Passenger,0,1,1,5,6,16.67
March 31 2023,Clark,WA,Truck,77,0,77,81374,81451,0.09
March 31 2020,Monroe,IL,Passenger,1,0,1,3,4,25.00
December 31 2022,Henrico,VA,Passenger,0,1,1,19,20,5.00
January 31 2022,Jefferson,IL,Passenger,1,0,1,1,2,50.00
January 31 2023,Oldham,KY,Passenger,0,1,1,5,6,16.67
December 31 2022,Clinton,PA,Passenger,1,0,1,1,2,50.00
May 31 2024,Garfield,WA,Passenger,0,3,3,1303,1306,0.23
May 31 2021,Wichita,TX,Passenger,1,0,1,42,43,2.33
January 31 2019,Los Angeles,CA,Passenger,6,6,12,1143,1155,1.04
December 31 2024,Larimer,CO,Passenger,1,0,1,27,28,3.57
February 29 2024,Douglas,NE,Passenger,1,1,2,28,30,6.67
May 31 2021,Grays Harbor,WA,Passenger,161,139,300,49315,49615,0.60
December 31 2020,Fairbanks North Star,AK,Passenger,0,1,1,98,99,1.01
July 31 2024,Grant,WA,Truck,29,0,29,28158,28187,0.10
December 31 2024,Marion,OR,Passenger,1,0,1,59,60,1.67
September 30 2022,Salt Lake,UT,Passenger,2,1,3,163,166,1.81
November 30 2020,Twin Falls,ID,Passenger,0,1,1,27,28,3.57
September 30 2023,Garfield,OK,Passenger,1,0,1,18,19,5.26
March 31 2023,Harnett,NC,Passenger,4,0,4,166,170,2.35
October 31 2017,Montgomery,TN,Passenger,1,0,1,274,275,0.36
November 30 2024,Benton,WA,Passenger,1944,819,2763,137002,139765,1.98
December 31 2024,Charleston,SC,Passenger,0,2,2,49,51,3.92
May 31 2025,Duval,FL,Passenger,2,1,3,184,187,1.60
April 30 2025,Bergen,NJ,Passenger,1,0,1,7,8,12.50
July 31 2022,Jefferson,NY,Passenger,1,0,1,206,207,0.48
October 31 2024,Kings,NY,Passenger,2,1,3,34,37,8.11
April 30 2024,Portsmouth,VA,Passenger,0,3,3,65,68,4.41
September 30 2017,Lee,AL,Passenger,1,0,1,34,35,2.86
December 31 2017,Grant,WA,Truck,0,0,0,25580,25580,0.00
July 31 2022,Kootenai,ID,Passenger,1,2,3,184,187,1.60
December 31 2017,Orleans,LA,Passenger,0,1,1,46,47,2.13
February 28 2021,Larimer,CO,Passenger,1,0,1,57,58,1.72
March 31 2024,Davidson,TN,Passenger,1,0,1,45,46,2.17
May 31 2024,Carroll,MD,Passenger,0,1,1,17,18,5.56
June 30 2023,Skagit,WA,Truck,21,0,21,31822,31843,0.07
November 30 2023,Albemarle,VA,Passenger,3,0,3,19,22,13.64
July 31 2023,Oldham,KY,Passenger,0,1,1,4,5,20.00
February 28 2017,Hamilton,TN,Passenger,1,0,1,26,27,3.70
June 30 2020,El Paso,TX,Passenger,2,0,2,420,422,0.47
October 31 2022,Harris,TX,Passenger,1,1,2,198,200,1.00
November 30 2021,Klickitat,WA,Passenger,88,53,141,15318,15459,0.91
December 31 2017,Clark,NV,Passenger,2,3,5,807,812,0.62
April 30 2025,Jefferson,NY,Passenger,2,0,2,148,150,1.33
March 31 2020,Sumter,FL,Passenger,0,1,1,9,10,10.00
November 30 2021,Randolph,NC,Passenger,1,0,1,5,6,16.67
November 30 2023,Benton,WA,Passenger,1356,644,2000,135156,137156,1.46
June 30 2021,Harford,MD,Passenger,0,1,1,62,63,1.59
August 31 2023,Allen,IN,Passenger,1,0,1,10,11,9.09
September 30 2022,Alameda,CA,Passenger,9,2,11,235,246,4.47
October 31 2023,Williamson,TN,Passenger,0,1,1,18,19,5.26
October 31 2022,Williamson,TX,Passenger,0,2,2,111,113,1.77
May 31 2023,Grant,WA,Passenger,277,122,399,66887,67286,0.59
September 30 2022,Pinal,AZ,Passenger,0,1,1,149,150,0.67
August 31 2019,Portsmouth,VA,Passenger,0,1,1,79,80,1.25
March 31 2023,Multnomah,OR,Passenger,4,2,6,572,578,1.04
March 31 2023,Sacramento,CA,Truck,1,0,1,37,38,2.63
April 30 2024,Rockdale,GA,Passenger,1,0,1,7,8,12.50
May 31 2025,Wise,TX,Passenger,1,0,1,2,3,33.33
May 31 2020,Stevens,WA,Truck,0,0,0,18580,18580,0.00
March 31 2024,Cowlitz,WA,Passenger,655,267,922,69339,70261,1.31
October 31 2019,Whatcom,WA,Truck,2,0,2,43070,43072,0.00
June 30 2022,Fresno,CA,Passenger,2,0,2,167,169,1.18
July 31 2018,Richland,SC,Passenger,0,1,1,169,170,0.59
July 31 2020,Hudson,NJ,Passenger,1,0,1,42,43,2.33
August 31 2019,Santa Rosa,FL,Passenger,1,0,1,90,91,1.10
February 29 2024,Texas,MO,Passenger,1,0,1,2,3,33.33
March 31 2025,Thurston,WA,Passenger,5534,1882,7416,188007,195423,3.79
December 31 2018,Clark,WA,Truck,0,0,0,79794,79794,0.00
January 31 2020,Flathead,MT,Passenger,1,0,1,73,74,1.35
January 31 2020,Cameron,TX,Passenger,1,0,1,28,29,3.45
February 28 2021,Suffolk,VA,Passenger,1,0,1,125,126,0.79
November 30 2024,Montgomery,AL,Passenger,1,1,2,22,24,8.33
October 31 2018,District of Columbia,DC,Passenger,0,3,3,183,186,1.61
May 31 2023,Okanogan,WA,Truck,7,0,7,16456,16463,0.04
September 30 2024,Hays,TX,Passenger,1,0,1,5,6,16.67
July 31 2019,Santa Clara,CA,Passenger,6,2,8,394,402,1.99
February 29 2020,Henrico,VA,Passenger,0,1,1,21,22,4.55
November 30 2022,Wake,NC,Passenger,1,1,2,110,112,1.79
March 31 2021,Boone,MO,Passenger,0,1,1,11,12,8.33
March 31 2020,Suffolk,VA,Passenger,1,0,1,127,128,0.78
April 30 2018,Shelby,TN,Passenger,0,1,1,107,108,0.93
August 31 2022,Norfolk,MA,Passenger,1,0,1,30,31,3.23
June 30 2023,Coryell,TX,Passenger,1,0,1,81,82,1.22
March 31 2020,Eagle,CO,Passenger,1,0,1,8,9,11.11
July 31 2024,Essex,MA,Passenger,1,0,1,12,13,7.69
December 31 2022,Jefferson,IL,Passenger,1,0,1,1,2,50.00
September 30 2022,Kings,CA,Passenger,2,0,2,302,304,0.66
November 30 2017,Essex,NJ,Passenger,1,0,1,13,14,7.14
April 30 2022,Hennepin,MN,Passenger,3,0,3,82,85,3.53
August 31 2021,Henrico,VA,Passenger,0,1,1,21,22,4.55
March 31 2025,Cumberland,PA,Passenger,1,0,1,38,39,2.56
November 30 2022,Mercer,NJ,Passenger,0,1,1,15,16,6.25
July 31 2022,Columbia,GA,Passenger,0,1,1,102,103,0.97
February 28 2018,Hamilton,IN,Passenger,1,0,1,51,52,1.92
October 31 2018,Larimer,CO,Passenger,1,0,1,67,68,1.47
May 31 2017,Jackson,MO,Passenger,1,0,1,68,69,1.45
November 30 2024,Marion,IN,Passenger,1,0,1,23,24,4.17
November 30 2018,Pinal,AZ,Passenger,2,0,2,221,223,0.90
March 31 2024,Honolulu,HI,Passenger,6,2,8,307,315,2.54
September 30 2023,Hawaii,HI,Passenger,1,0,1,37,38,2.63
May 31 2022,Skamania,WA,Truck,0,0,0,3965,3965,0.00
December 31 2020,Klickitat,WA,Passenger,62,43,105,14969,15074,0.70
August 31 2018,Sedgwick,KS,Passenger,0,1,1,107,108,0.93
March 31 2019,St. Lucie,FL,Passenger,1,0,1,28,29,3.45
April 30 2017,Middlesex,MA,Passenger,1,0,1,144,145,0.69
May 31 2019,Douglas,WA,Truck,0,0,0,12178,12178,0.00
December 31 2023,Thurston,WA,Truck,92,0,92,53339,53431,0.17
December 31 2019,Los Angeles,CA,Passenger,7,11,18,1130,1148,1.57
March 31 2020,DeKalb,GA,Passenger,1,0,1,89,90,1.11
November 30 2023,Tom Green,TX,Passenger,0,1,1,17,18,5.56
July 31 2022,Skagit,WA,Truck,5,0,5,32233,32238,0.02
May 31 2025,Clark,WA,Passenger,10773,3759,14532,309389,323921,4.49
August 31 2023,Rockingham,NH,Passenger,1,0,1,18,19,5.26
April 30 2025,Kane,IL,Passenger,1,0,1,8,9,11.11
April 30 2017,Dallas,TX,Passenger,0,1,1,201,202,0.50
December 31 2023,Oldham,KY,Passenger,0,1,1,4,5,20.00
November 30 2018,Grant,WA,Truck,0,0,0,26150,26150,0.00
October 31 2021,King,WA,Truck,4,1,5,183263,183268,0.00
December 31 2022,Essex,NJ,Passenger,2,0,2,12,14,14.29
April 30 2018,Bexar,TX,Passenger,2,2,4,789,793,0.50
September 30 2017,Skamania,WA,Truck,0,0,0,3877,3877,0.00
June 30 2023,Pierce,WA,Truck,164,0,164,136851,137015,0.12
February 28 2021,Arapahoe,CO,Passenger,1,0,1,131,132,0.76
October 31 2024,Anne Arundel,MD,Truck,1,0,1,38,39,2.56
April 30 2025,Virginia Beach,VA,Passenger,5,2,7,382,389,1.80
May 31 2017,Montgomery,TN,Passenger,1,0,1,284,285,0.35
June 30 2018,Clark,NV,Passenger,2,3,5,806,811,0.62
January 31 2022,Henrico,VA,Passenger,0,1,1,22,23,4.35
September 30 2023,Island,WA,Passenger,1181,456,1637,60500,62137,2.63
November 30 2018,Oldham,KY,Passenger,0,1,1,5,6,16.67
February 28 2023,Spotsylvania,VA,Passenger,1,0,1,29,30,3.33
June 30 2021,Maricopa,AZ,Passenger,9,6,15,1468,1483,1.01
May 31 2022,Mohave,AZ,Passenger,1,0,1,64,65,1.54
June 30 2020,Mason,WA,Passenger,159,133,292,47237,47529,0.61
May 31 2023,,,Passenger,6,2,8,331,339,2.36
February 28 2022,St. Louis,MO,Passenger,2,0,2,80,82,2.44
June 30 2020,Osceola,FL,Passenger,1,0,1,45,46,2.17
June 30 2023,Calvert,MD,Passenger,1,2,3,81,84,3.57
February 28 2025,Honolulu,HI,Passenger,2,2,4,241,245,1.63
August 31 2021,Pierce,WA,Truck,0,0,0,145391,145391,0.00
February 29 2020,Benton,WA,Passenger,337,323,660,135220,135880,0.49
October 31 2023,District of Columbia,DC,Truck,1,0,1,12,13,7.69
January 31 2022,Albemarle,VA,Passenger,3,0,3,26,29,10.34
November 30 2024,St. Charles,MO,Passenger,1,0,1,25,26,3.85
February 28 2021,Bradley,TN,Passenger,1,0,1,0,1,100.00
September 30 2017,Cowlitz,WA,Passenger,52,64,116,70261,70377,0.16
September 30 2020,Sussex,NJ,Passenger,1,0,1,2,3,33.33
May 31 2017,Island,WA,Truck,0,0,0,20517,20517,0.00
February 28 2019,Caddo,LA,Passenger,0,1,1,25,26,3.85
February 28 2017,Clackamas,OR,Passenger,1,2,3,366,369,0.81
August 31 2024,Anne Arundel,MD,Passenger,6,3,9,289,298,3.02
November 30 2022,Galveston,TX,Passenger,1,1,2,22,24,8.33
January 31 2018,Richland,SC,Passenger,0,1,1,173,174,0.57
August 31 2022,Autauga,AL,Passenger,1,0,1,14,15,6.67
February 28 2022,Snohomish,WA,Passenger,7441,2313,9754,535073,544827,1.79
December 31 2019,Allegheny,PA,Passenger,2,0,2,84,86,2.33
January 31 2022,Douglas,WA,Passenger,117,56,173,28567,28740,0.60
July 31 2021,Columbia,WA,Truck,0,0,0,1552,1552,0.00
December 31 2018,Jefferson,CO,Passenger,0,2,2,62,64,3.12
December 31 2023,Ferry,WA,Passenger,24,3,27,4290,4317,0.63
January 31 2017,Clark,NV,Passenger,1,4,5,970,975,0.51
September 30 2019,Ventura,CA,Passenger,0,2,2,325,327,0.61
July 31 2020,Douglas,WA,Passenger,75,41,116,28031,28147,0.41
April 30 2024,Beaufort,SC,Passenger,1,0,1,29,30,3.33
October 31 2019,Nueces,TX,Passenger,1,1,2,94,96,2.08
June 30 2019,Jefferson,CO,Passenger,0,2,2,59,61,3.28
November 30 2022,Hamilton,IN,Passenger,1,0,1,26,27,3.70
March 31 2020,Klickitat,WA,Truck,0,0,0,8265,8265,0.00
December 31 2020,Sedgwick,KS,Passenger,1,1,2,98,100,2.00
July 31 2018,Jefferson,CO,Passenger,0,1,1,64,65,1.54
August 31 2017,Richland,SC,Passenger,0,1,1,188,189,0.53
March 31 2023,Lake,IN,Passenger,0,1,1,13,14,7.14
February 28 2021,Klickitat,WA,Truck,0,0,0,8104,8104,0.00
December 31 2019,Carroll,NH,Passenger,0,1,1,3,4,25.00
November 30 2021,Lewis,WA,Truck,0,0,0,26701,26701,0.00
July 31 2019,Carson City,NV,Passenger,1,0,1,12,13,7.69
April 30 2024,Hoke,NC,Passenger,1,0,1,73,74,1.35
March 31 2023,Garfield,WA,Truck,0,0,0,973,973,0.00
December 31 2019,Loudoun,VA,Passenger,1,0,1,94,95,1.05
September 30 2024,Hartford,CT,Passenger,1,0,1,18,19,5.26
August 31 2018,Kittitas,WA,Passenger,52,34,86,29109,29195,0.29
September 30 2019,Riverside,CA,Passenger,4,1,5,690,695,0.72
June 30 2020,San Francisco,CA,Passenger,1,2,3,103,106,2.83
April 30 2024,Pacific,WA,Truck,10,0,10,7789,7799,0.13
May 31 2020,Anne Arundel,MD,Passenger,0,1,1,408,409,0.24
December 31 2024,Leavenworth,KS,Passenger,4,2,6,74,80,7.50
August 31 2018,Franklin,WA,Passenger,36,65,101,58340,58441,0.17
May 31 2019,Kitsap,WA,Truck,1,0,1,53985,53986,0.00
May 31 2018,District of Columbia,DC,Passenger,0,3,3,185,188,1.60
June 30 2021,Washtenaw,MI,Passenger,0,1,1,33,34,2.94
December 31 2021,Hawaii,HI,Passenger,1,0,1,53,54,1.85
April 30 2023,Yakima,WA,Passenger,464,242,706,165608,166314,0.42
June 30 2019,Pinellas,FL,Passenger,1,0,1,127,128,0.78
February 29 2020,Powhatan,VA,Passenger,1,0,1,1,2,50.00
December 31 2020,Columbia,WA,Passenger,5,3,8,2440,2448,0.33
May 31 2021,Clackamas,OR,Passenger,2,0,2,201,203,0.99
October 31 2018,Riverside,CA,Passenger,2,2,4,717,721,0.55
October 31 2018,Ventura,CA,Passenger,0,2,2,336,338,0.59
February 28 2025,Wahkiakum,WA,Truck,8,0,8,1767,1775,0.45
July 31 2020,Harford,MD,Passenger,0,1,1,61,62,1.61
March 31 2021,Camden,NJ,Passenger,0,1,1,12,13,7.69
April 30 2023,Mohave,AZ,Passenger,1,0,1,56,57,1.75
June 30 2024,Horry,SC,Passenger,1,0,1,13,14,7.14
April 30 2024,Okaloosa,FL,Passenger,0,2,2,89,91,2.20
January 31 2025,Wasco,OR,Passenger,0,1,1,14,15,6.67
March 31 2025,Macomb,MI,Passenger,5,0,5,13,18,27.78
January 31 2021,Hawaii,HI,Passenger,1,0,1,60,61,1.64
March 31 2024,San Benito,CA,Passenger,1,0,1,5,6,16.67
October 31 2024,Lake,IL,Passenger,8,0,8,113,121,6.61
March 31 2020,Oldham,KY,Passenger,0,1,1,5,6,16.67
June 30 2023,Essex,NJ,Passenger,2,0,2,10,12,16.67
January 31 2019,Franklin,WA,Passenger,48,68,116,59289,59405,0.20
February 28 2021,District of Columbia,DC,Passenger,2,1,3,188,191,1.57
April 30 2020,Clark,NV,Passenger,4,3,7,766,773,0.91
November 30 2018,Sacramento,CA,Passenger,0,1,1,320,321,0.31
October 31 2019,Douglas,CO,Passenger,1,0,1,83,84,1.19
November 30 2023,Montgomery,AL,Passenger,1,1,2,30,32,6.25
November 30 2017,Tarrant,TX,Passenger,1,0,1,237,238,0.42
May 31 2025,Travis,TX,Passenger,4,1,5,43,48,10.42
January 31 2023,Lexington,SC,Passenger,1,0,1,22,23,4.35
February 29 2020,Dallas,IA,Passenger,0,1,1,10,11,9.09
June 30 2020,Chelan,WA,Truck,0,0,0,22505,22505,0.00
April 30 2019,Thurston,WA,Truck,0,0,0,54969,54969,0.00
May 31 2018,Walla Walla,WA,Passenger,34,41,75,35555,35630,0.21
November 30 2023,Monterey,CA,Passenger,1,4,5,131,136,3.68
July 31 2018,Lumpkin,GA,Passenger,1,0,1,7,8,12.50
December 31 2023,Howard,MD,Passenger,0,2,2,63,65,3.08
January 31 2019,Carson City,NV,Passenger,1,0,1,15,16,6.25
December 31 2018,Lumpkin,GA,Passenger,1,0,1,7,8,12.50
May 31 2021,Wilson,TX,Passenger,0,1,1,4,5,20.00
June 30 2022,Columbia,WA,Truck,0,0,0,1576,1576,0.00
April 30 2022,Carroll,NH,Passenger,0,1,1,3,4,25.00
May 31 2021,Hennepin,MN,Passenger,2,0,2,94,96,2.08
November 30 2023,Essex,NJ,Passenger,2,0,2,10,12,16.67
August 31 2022,Oldham,KY,Passenger,0,1,1,5,6,16.67
March 31 2019,Collin,TX,Passenger,1,1,2,157,159,1.26
April 30 2024,Collin,TX,Passenger,2,0,2,53,55,3.64
May 31 2025,Stevens,WA,Passenger,196,99,295,28530,28825,1.02
October 31 2024,Clallam,WA,Truck,39,0,39,21325,21364,0.18
May 31 2023,Deschutes,OR,Passenger,2,0,2,102,104,1.92
May 31 2017,Bexar,TX,Passenger,1,0,1,989,990,0.10
April 30 2017,Portsmouth,VA,Passenger,0,1,1,69,70,1.43
July 31 2017,Clark,NV,Passenger,2,2,4,859,863,0.46
November 30 2024,Douglas,CO,Passenger,0,1,1,44,45,2.22
July 31 2022,Pierce,WA,Truck,20,0,20,140842,140862,0.01
July 31 2021,Grays Harbor,WA,Truck,0,0,0,21397,21397,0.00
October 31 2024,Garfield,WA,Passenger,0,3,3,1300,1303,0.23
April 30 2020,Wahkiakum,WA,Passenger,6,5,11,2973,2984,0.37
April 30 2025,Kings,NY,Passenger,2,1,3,32,35,8.57
April 30 2018,Fulton,GA,Passenger,1,1,2,103,105,1.90
June 30 2021,Sumter,SC,Passenger,0,1,1,35,36,2.78
November 30 2021,Klamath,OR,Passenger,1,0,1,37,38,2.63
May 31 2017,Shelby,TN,Passenger,0,1,1,114,115,0.87
October 31 2019,Spokane,WA,Passenger,616,462,1078,314097,315175,0.34
April 30 2023,Skamania,WA,Truck,1,0,1,3851,3852,0.03
January 31 2024,Lane,OR,Passenger,0,1,1,77,78,1.28
June 30 2021,Grant,WA,Passenger,107,89,196,66902,67098,0.29
January 31 2017,Clallam,WA,Passenger,73,64,137,47987,48124,0.28
May 31 2025,Doña Ana,NM,Passenger,1,0,1,9,10,10.00
April 30 2025,Garfield,WA,Passenger,0,3,3,1277,1280,0.23
September 30 2023,Okanogan,WA,Passenger,138,70,208,26022,26230,0.79
May 31 2023,Prince George,VA,Passenger,1,0,1,60,61,1.64
July 31 2024,Sussex,NJ,Passenger,1,0,1,1,2,50.00
November 30 2020,El Paso,CO,Passenger,3,1,4,727,731,0.55
March 31 2024,Chelan,WA,Truck,52,0,52,23044,23096,0.23
October 31 2018,Sacramento,CA,Passenger,0,1,1,324,325,0.31
December 31 2017,Wahkiakum,WA,Passenger,0,2,2,2863,2865,0.07
September 30 2024,Washoe,NV,Passenger,5,0,5,52,57,8.77
June 30 2022,Sarpy,NE,Passenger,1,0,1,67,68,1.47
October 31 2018,Adams,WA,Passenger,5,5,10,12710,12720,0.08
February 28 2021,Whitman,WA,Passenger,53,46,99,21808,21907,0.45
December 31 2022,Hamilton,OH,Truck,1,0,1,3,4,25.00
January 31 2024,Ada,ID,Passenger,2,0,2,141,143,1.40
February 29 2024,Ogle,IL,Passenger,1,0,1,0,1,100.00
June 30 2023,Richmond,NY,Passenger,1,0,1,4,5,20.00
November 30 2024,Laramie,WY,Passenger,1,1,2,25,27,7.41
January 31 2020,Multnomah,OR,Passenger,4,7,11,800,811,1.36
December 31 2023,Lexington,SC,Passenger,1,0,1,18,19,5.26
May 31 2018,Monroe,IL,Passenger,1,0,1,4,5,20.00
May 31 2020,Asotin,WA,Passenger,16,12,28,12324,12352,0.23
November 30 2022,Sarpy,NE,Passenger,1,0,1,68,69,1.45
April 30 2024,Collier,FL,Passenger,1,0,1,12,13,7.69
April 30 2022,Clackamas,OR,Passenger,2,0,2,186,188,1.06
December 31 2022,Benton,WA,Passenger,929,502,1431,135405,136836,1.05
October 31 2020,Juneau,AK,Passenger,0,1,1,32,33,3.03
May 31 2022,Yakima,WA,Passenger,325,189,514,166846,167360,0.31
October 31 2018,Moore,NC,Passenger,0,1,1,194,195,0.51
November 30 2019,Boone,MO,Passenger,0,1,1,11,12,8.33
December 31 2022,Grant,WA,Passenger,231,111,342,66702,67044,0.51
May 31 2019,Spokane,WA,Passenger,529,421,950,310703,311653,0.30
January 31 2023,Fresno,CA,Passenger,1,0,1,161,162,0.62
February 28 2023,Montgomery,PA,Passenger,1,0,1,26,27,3.70
April 30 2024,Kittitas,WA,Truck,27,0,27,14694,14721,0.18
September 30 2019,San Mateo,CA,Passenger,2,1,3,135,138,2.17
December 31 2019,San Juan,WA,Passenger,253,79,332,14396,14728,2.25
June 30 2024,Meade,KY,Passenger,1,0,1,18,19,5.26
February 28 2025,Cowlitz,WA,Passenger,862,327,1189,69830,71019,1.67
May 31 2018,Nantucket,MA,Passenger,1,0,1,4,5,20.00
September 30 2022,Solano,CA,Passenger,2,1,3,178,181,1.66
June 30 2020,Jefferson,WA,Truck,0,0,0,9530,9530,0.00
November 30 2020,Denver,CO,Passenger,1,0,1,128,129,0.78
January 31 2024,Calvert,MD,Passenger,1,2,3,78,81,3.70
June 30 2023,Jefferson,NY,Passenger,2,0,2,196,198,1.01
February 29 2020,Frederick,MD,Passenger,1,1,2,73,75,2.67
March 31 2019,Columbia,WA,Truck,0,0,0,1527,1527,0.00
November 30 2023,Kane,IL,Passenger,1,0,1,8,9,11.11
April 30 2024,Asotin,WA,Truck,3,0,3,6560,6563,0.05
January 31 2025,Benton,AR,Passenger,1,0,1,13,14,7.14
October 31 2018,Santa Fe,NM,Passenger,0,1,1,45,46,2.17
September 30 2023,Lee,AL,Passenger,1,0,1,18,19,5.26
June 30 2024,Spokane,WA,Passenger,3356,1646,5002,320723,325725,1.54
December 31 2024,Autauga,AL,Passenger,1,2,3,9,12,25.00
August 31 2024,Duval,FL,Truck,1,0,1,54,55,1.82
March 31 2017,Mason,WA,Passenger,50,63,113,42917,43030,0.26
June 30 2017,Lane,OR,Passenger,0,1,1,243,244,0.41
December 31 2017,Franklin,OH,Passenger,0,1,1,109,110,0.91
April 30 2020,Clallam,WA,Passenger,219,166,385,50300,50685,0.76
June 30 2023,Henrico,VA,Passenger,1,1,2,17,19,10.53
November 30 2023,Providence,RI,Passenger,1,0,1,19,20,5.00
January 31 2025,Kent,RI,Truck,1,0,1,3,4,25.00
March 31 2020,Larimer,CO,Passenger,1,0,1,61,62,1.61
February 28 2021,Clallam,WA,Passenger,282,196,478,49938,50416,0.95
October 31 2024,Hudson,NJ,Passenger,1,0,1,23,24,4.17
September 30 2019,Kern,CA,Passenger,0,1,1,216,217,0.46
December 31 2023,District of Columbia,DC,Passenger,3,0,3,154,157,1.91
December 31 2022,Albemarle,VA,Passenger,2,0,2,23,25,8.00
August 31 2019,Columbia,WA,Truck,0,0,0,1531,1531,0.00
April 30 2022,Wilson,TX,Passenger,0,1,1,3,4,25.00
October 31 2020,Kent,MI,Passenger,0,1,1,31,32,3.12
June 30 2023,Hamilton,OH,Truck,1,0,1,3,4,25.00
November 30 2023,Richmond,GA,Passenger,0,1,1,61,62,1.61
November 30 2024,Mason,WA,Truck,44,0,44,20504,20548,0.21
October 31 2020,Asotin,WA,Passenger,17,14,31,12383,12414,0.25
November 30 2021,Fairbanks North Star,AK,Passenger,0,1,1,84,85,1.18
May 31 2025,San Diego,CA,Truck,1,0,1,372,373,0.27
May 31 2020,Adams,WA,Truck,0,0,0,5212,5212,0.00
May 31 2018,Thurston,WA,Truck,0,0,0,54156,54156,0.00
September 30 2024,Montgomery,TX,Passenger,1,0,1,21,22,4.55
February 28 2023,Kootenai,ID,Truck,1,0,1,36,37,2.70
September 30 2019,Howard,MD,Passenger,0,1,1,85,86,1.16
September 30 2021,St. Clair,IL,Passenger,1,0,1,141,142,0.70
June 30 2017,Cobb,GA,Passenger,0,1,1,81,82,1.22
April 30 2022,Wichita,TX,Passenger,1,0,1,44,45,2.22
January 31 2018,Lumpkin,GA,Passenger,1,0,1,7,8,12.50
December 31 2020,Montgomery,PA,Passenger,1,0,1,28,29,3.45
July 31 2017,Wahkiakum,WA,Passenger,0,2,2,2838,2840,0.07
August 31 2024,Gwinnett,GA,Passenger,1,0,1,49,50,2.00
June 30 2019,Whitman,WA,Truck,0,0,0,8580,8580,0.00
January 31 2025,Gwinnett,GA,Passenger,2,0,2,48,50,4.00
June 30 2019,Penobscot,ME,Passenger,0,1,1,15,16,6.25
June 30 2024,Dallas,TX,Truck,1,0,1,11,12,8.33
January 31 2020,Davidson,TN,Passenger,1,0,1,89,90,1.11
June 30 2023,Richmond,GA,Passenger,0,1,1,66,67,1.49
February 28 2021,Oldham,KY,Passenger,0,1,1,5,6,16.67
October 31 2019,Dakota,MN,Passenger,0,1,1,38,39,2.56
January 31 2022,Clinton,PA,Passenger,1,0,1,0,1,100.00
November 30 2023,New York,NY,Passenger,3,0,3,39,42,7.14
March 31 2017,Volusia,FL,Passenger,0,1,1,48,49,2.04
March 31 2020,Ferry,WA,Passenger,5,3,8,4365,4373,0.18
August 31 2017,Honolulu,HI,Passenger,3,2,5,578,583,0.86
October 31 2023,Maricopa,AZ,Passenger,17,4,21,921,942,2.23
March 31 2024,Washoe,NV,Passenger,5,0,5,60,65,7.69
September 30 2024,Cuyahoga,OH,Passenger,1,0,1,42,43,2.33
February 29 2024,Churchill,NV,Passenger,0,1,1,40,41,2.44
July 31 2022,Virginia Beach,VA,Passenger,1,0,1,557,558,0.18
February 28 2018,Honolulu,HI,Passenger,2,2,4,573,577,0.69
February 28 2022,Lewis,WA,Passenger,219,168,387,59352,59739,0.65
August 31 2022,Williamsburg,VA,Passenger,0,1,1,8,9,11.11
January 31 2022,Virginia Beach,VA,Passenger,1,0,1,606,607,0.16
May 31 2025,District of Columbia,DC,Passenger,5,1,6,133,139,4.32
November 30 2018,Clallam,WA,Passenger,147,121,268,50307,50575,0.53
January 31 2021,Fort Bend,TX,Passenger,1,0,1,43,44,2.27
November 30 2018,Fairfax,VA,Passenger,2,1,3,817,820,0.37
May 31 2020,El Paso,CO,Passenger,3,1,4,743,747,0.54
December 31 2021,Newport,RI,Passenger,0,1,1,72,73,1.37
February 28 2025,Bristol,MA,Passenger,1,0,1,5,6,16.67
August 31 2019,San Juan,WA,Truck,0,0,0,5885,5885,0.00
September 30 2024,Harnett,NC,Passenger,4,1,5,128,133,3.76
November 30 2017,Morris,NJ,Passenger,1,0,1,21,22,4.55
August 31 2019,Valencia,NM,Passenger,1,0,1,9,10,10.00
March 31 2019,Grays Harbor,WA,Truck,0,0,0,20368,20368,0.00
July 31 2019,Maricopa,AZ,Passenger,8,6,14,1717,1731,0.81
July 31 2018,Gwinnett,GA,Passenger,0,1,1,87,88,1.14
November 30 2024,Lincoln,OR,Passenger,1,0,1,22,23,4.35
May 31 2023,Albemarle,VA,Passenger,3,0,3,20,23,13.04
December 31 2018,Gwinnett,GA,Passenger,0,1,1,82,83,1.20
February 28 2019,San Diego,CA,Passenger,10,3,13,2626,2639,0.49
June 30 2022,San Mateo,CA,Passenger,4,1,5,114,119,4.20
October 31 2019,Cascade,MT,Passenger,0,1,1,67,68,1.47
July 31 2024,Churchill,NV,Passenger,0,1,1,37,38,2.63
March 31 2017,Portsmouth,VA,Passenger,0,1,1,68,69,1.45
April 30 2020,Lee,FL,Passenger,1,0,1,57,58,1.72
December 31 2021,Currituck,NC,Passenger,1,0,1,25,26,3.85
January 31 2018,Kitsap,WA,Truck,1,0,1,52756,52757,0.00
June 30 2022,Orange,CA,Passenger,8,3,11,453,464,2.37
May 31 2021,Los Angeles,CA,Passenger,10,11,21,1006,1027,2.04
July 31 2019,Fairbanks North Star,AK,Passenger,0,1,1,99,100,1.00
January 31 2021,Muskogee,OK,Passenger,0,1,1,2,3,33.33
October 31 2024,Montgomery,MD,Passenger,7,1,8,174,182,4.40
April 30 2020,Oldham,KY,Passenger,0,1,1,5,6,16.67
July 31 2021,Orange,CA,Passenger,7,3,10,474,484,2.07
May 31 2018,Grant,WA,Truck,0,0,0,25852,25852,0.00
May 31 2020,Palm Beach,FL,Passenger,0,2,2,84,86,2.33
June 30 2017,Snohomish,WA,Passenger,1792,900,2692,512994,515686,0.52
December 31 2017,Clallam,WA,Passenger,99,91,190,49043,49233,0.39
May 31 2021,Maricopa,AZ,Passenger,7,7,14,1487,1501,0.93
May 31 2020,Gwinnett,GA,Passenger,1,0,1,80,81,1.23
November 30 2024,Pierce,WA,Truck,493,0,493,132652,133145,0.37
December 31 2020,Whatcom,WA,Passenger,1217,549,1766,149867,151633,1.16
October 31 2023,Washtenaw,MI,Passenger,0,2,2,28,30,6.67
November 30 2022,Rockdale,GA,Passenger,1,0,1,9,10,10.00
March 31 2019,Kern,CA,Passenger,0,1,1,225,226,0.44
June 30 2020,Muskogee,OK,Passenger,0,1,1,1,2,50.00
November 30 2018,Walla Walla,WA,Passenger,38,51,89,36073,36162,0.25
August 31 2023,DuPage,IL,Passenger,6,1,7,41,48,14.58
October 31 2023,Contra Costa,CA,Passenger,3,1,4,172,176,2.27
June 30 2023,Virginia Beach,VA,Passenger,5,1,6,510,516,1.16
December 31 2017,Fairfax,VA,Passenger,3,1,4,823,827,0.48
September 30 2024,Honolulu,HI,Passenger,4,1,5,266,271,1.85
November 30 2024,Falls Church,VA,Passenger,1,0,1,6,7,14.29
March 31 2024,Penobscot,ME,Passenger,0,1,1,5,6,16.67
October 31 2023,Cumberland,PA,Passenger,1,0,1,47,48,2.08
July 31 2024,Fredericksburg,VA,Passenger,1,0,1,3,4,25.00
June 30 2017,New Haven,CT,Passenger,0,1,1,57,58,1.72
August 31 2021,Essex,NJ,Passenger,2,0,2,15,17,11.76
February 28 2022,St. Clair,IL,Passenger,1,0,1,139,140,0.71
September 30 2020,Oldham,KY,Passenger,0,1,1,5,6,16.67
May 31 2017,Pierce,WA,Truck,0,0,0,137635,137635,0.00
April 30 2017,Collin,TX,Passenger,0,1,1,152,153,0.65
August 31 2021,Montgomery,AL,Passenger,1,0,1,38,39,2.56
March 31 2019,San Mateo,CA,Passenger,2,1,3,137,140,2.14
November 30 2019,Stevens,WA,Truck,0,0,0,18779,18779,0.00
April 30 2023,Jackson,OK,Passenger,0,1,1,41,42,2.38
June 30 2024,Falls Church,VA,Passenger,1,0,1,6,7,14.29
August 31 2022,Chelan,WA,Passenger,486,135,621,54075,54696,1.14
October 31 2019,Lewis,WA,Passenger,108,104,212,59429,59641,0.36
January 31 2024,Cascade,MT,Passenger,0,1,1,39,40,2.50
January 31 2024,St. Louis,MO,Passenger,1,0,1,63,64,1.56
September 30 2020,Whitman,WA,Passenger,47,47,94,21959,22053,0.43
October 31 2021,Kings,CA,Passenger,2,0,2,322,324,0.62
October 31 2024,Maui,HI,Passenger,2,0,2,17,19,10.53
January 31 2020,Mason,WA,Passenger,150,133,283,47591,47874,0.59
January 31 2022,Frederick,MD,Passenger,1,1,2,71,73,2.74
September 30 2022,Pennington,SD,Passenger,2,0,2,28,30,6.67
March 31 2018,Sangamon,IL,Passenger,1,0,1,11,12,8.33
May 31 2024,Kane,IL,Passenger,1,0,1,7,8,12.50
May 31 2024,St. Charles,MO,Passenger,1,0,1,29,30,3.33
April 30 2021,Cameron,TX,Passenger,1,0,1,24,25,4.00
March 31 2017,Honolulu,HI,Passenger,4,2,6,629,635,0.94
November 30 2019,Lake,FL,Passenger,1,0,1,28,29,3.45
April 30 2020,Skamania,WA,Passenger,29,16,45,8607,8652,0.52
November 30 2020,Greene,MO,Passenger,0,1,1,40,41,2.44
November 30 2021,Los Angeles,CA,Passenger,10,7,17,964,981,1.73
May 31 2021,Harford,MD,Passenger,0,1,1,63,64,1.56
December 31 2023,Williamsburg,VA,Passenger,0,1,1,5,6,16.67
December 31 2021,Mohave,AZ,Passenger,1,0,1,67,68,1.47
November 30 2024,Houston,GA,Passenger,1,0,1,27,28,3.57
January 31 2017,Norfolk,MA,Passenger,1,0,1,42,43,2.33
January 31 2022,Essex,NJ,Passenger,2,0,2,16,18,11.11
September 30 2022,Montgomery,PA,Passenger,1,0,1,28,29,3.45
June 30 2020,Greene,MO,Passenger,0,1,1,39,40,2.50
March 31 2017,Cowlitz,WA,Passenger,51,48,99,69288,69387,0.14
October 31 2023,Klickitat,WA,Passenger,171,70,241,15030,15271,1.58
January 31 2023,Geary,KS,Passenger,1,0,1,84,85,1.18
September 30 2021,Santa Cruz,CA,Passenger,1,0,1,31,32,3.12
March 31 2024,Benton,WA,Truck,38,0,38,42825,42863,0.09
May 31 2017,Monterey,CA,Passenger,0,1,1,215,216,0.46
December 31 2017,Stevens,WA,Passenger,10,21,31,31512,31543,0.10
September 30 2019,District of Columbia,DC,Passenger,1,1,2,195,197,1.02
January 31 2025,Nueces,TX,Passenger,2,0,2,49,51,3.92
May 31 2025,Chelan,WA,Passenger,1108,305,1413,52602,54015,2.62
November 30 2021,Columbia,WA,Passenger,6,2,8,2455,2463,0.32
November 30 2023,Coryell,TX,Passenger,1,0,1,72,73,1.37
March 31 2025,Washtenaw,MI,Passenger,0,1,1,18,19,5.26
November 30 2018,Ferry,WA,Passenger,3,2,5,4382,4387,0.11
January 31 2017,Fairfax,VA,Passenger,3,2,5,883,888,0.56
June 30 2023,Marion,IN,Passenger,1,0,1,37,38,2.63
November 30 2018,Bucks,PA,Passenger,1,0,1,21,22,4.55
August 31 2023,Benton,AR,Passenger,1,0,1,26,27,3.70
July 31 2018,Chelan,WA,Truck,0,0,0,21938,21938,0.00
June 30 2021,Contra Costa,CA,Passenger,2,4,6,253,259,2.32
May 31 2024,Suffolk,MA,Passenger,2,1,3,32,35,8.57
February 28 2023,Douglas,NE,Passenger,3,2,5,37,42,11.90
July 31 2022,Essex,NJ,Passenger,2,0,2,14,16,12.50
July 31 2019,Wayne,MI,Passenger,0,1,1,68,69,1.45
December 31 2020,Kittitas,WA,Passenger,126,51,177,29806,29983,0.59
December 31 2017,Whitman,WA,Passenger,17,20,37,22418,22455,0.16
July 31 2020,Thurston,WA,Passenger,1174,743,1917,196823,198740,0.96
February 29 2024,Orange,NY,Passenger,0,1,1,42,43,2.33
April 30 2018,Virginia Beach,VA,Passenger,2,1,3,685,688,0.44
August 31 2021,Wilson,NC,Passenger,1,0,1,1,2,50.00
July 31 2024,Clark,NV,Passenger,9,4,13,482,495,2.63
May 31 2024,Jefferson,NY,Passenger,3,0,3,176,179,1.68
August 31 2022,Duval,FL,Passenger,1,2,3,313,316,0.95
March 31 2018,San Diego,CA,Passenger,5,2,7,2561,2568,0.27
November 30 2023,Marin,CA,Passenger,3,2,5,35,40,12.50
June 30 2020,Hamilton,IN,Passenger,1,0,1,44,45,2.22
March 31 2020,Fairfax,VA,Passenger,5,2,7,764,771,0.91
April 30 2025,Essex,NJ,Passenger,1,1,2,5,7,28.57
December 31 2022,Montgomery,AL,Passenger,1,1,2,34,36,5.56
September 30 2020,Bucks,PA,Passenger,1,0,1,26,27,3.70
June 30 2020,Harris,TX,Passenger,1,0,1,287,288,0.35
April 30 2025,Henrico,VA,Passenger,0,2,2,9,11,18.18
September 30 2024,Rockdale,GA,Passenger,1,0,1,7,8,12.50
May 31 2023,Anne Arundel,MD,Truck,1,0,1,48,49,2.04
September 30 2021,Douglas,WA,Truck,0,0,0,12702,12702,0.00
December 31 2017,Ferry,WA,Passenger,1,3,4,4399,4403,0.09
October 31 2021,Kauai,HI,Passenger,1,0,1,25,26,3.85
July 31 2022,Marion,IN,Passenger,1,0,1,47,48,2.08
July 31 2021,Collin,TX,Passenger,2,1,3,129,132,2.27
May 31 2020,DuPage,IL,Passenger,4,0,4,62,66,6.06
August 31 2019,Alexandria,VA,Passenger,1,0,1,144,145,0.69
April 30 2025,New York,NY,Passenger,3,0,3,21,24,12.50
May 31 2024,Henrico,VA,Passenger,2,2,4,15,19,21.05
November 30 2020,Adams,WA,Truck,0,0,0,5321,5321,0.00
September 30 2023,Anne Arundel,MD,Passenger,4,3,7,319,326,2.15
April 30 2019,Larimer,CO,Passenger,1,0,1,66,67,1.49
November 30 2021,Hennepin,MN,Passenger,3,0,3,87,90,3.33
April 30 2023,Chesterfield,VA,Passenger,1,0,1,45,46,2.17
September 30 2022,Kauai,HI,Passenger,1,0,1,22,23,4.35
February 29 2024,Franklin,WA,Passenger,398,174,572,62301,62873,0.91
April 30 2020,RÃ­o Grande,PR,Passenger,1,0,1,0,1,100.00
July 31 2018,Honolulu,HI,Passenger,1,2,3,545,548,0.55
December 31 2021,Collin,TX,Passenger,4,0,4,126,130,3.08
August 31 2021,Richmond,NY,Passenger,1,0,1,6,7,14.29
February 28 2025,Benton,WA,Truck,90,0,90,42983,43073,0.21
February 28 2025,Medina,TX,Passenger,1,0,1,5,6,16.67
February 28 2017,Pacific,WA,Passenger,5,6,11,14986,14997,0.07
August 31 2018,Montgomery,MD,Passenger,1,0,1,297,298,0.34
November 30 2022,Hawaii,HI,Passenger,1,0,1,43,44,2.27
January 31 2025,Snohomish,WA,Passenger,23205,4661,27866,523121,550987,5.06
June 30 2022,Collin,TX,Passenger,5,0,5,107,112,4.46
May 31 2022,Brown,WI,Passenger,1,0,1,8,9,11.11
November 30 2021,Santa Clara,CA,Passenger,12,3,15,303,318,4.72
November 30 2019,Asotin,WA,Passenger,13,8,21,12645,12666,0.17
February 28 2017,Grays Harbor,WA,Passenger,27,24,51,44243,44294,0.12
August 31 2024,Douglas,WA,Truck,19,0,19,13009,13028,0.15
June 30 2024,Lincoln,OR,Passenger,1,0,1,25,26,3.85
December 31 2024,Liberty,GA,Passenger,0,1,1,85,86,1.16
May 31 2021,Fairbanks North Star,AK,Passenger,0,1,1,94,95,1.05
September 30 2021,Yakima,WA,Truck,0,0,0,61694,61694,0.00
December 31 2017,Wise,TX,Passenger,1,0,1,4,5,20.00
May 31 2017,Albemarle,VA,Passenger,0,1,1,30,31,3.23
August 31 2021,Dallas,IA,Passenger,0,1,1,11,12,8.33
September 30 2020,Miami-Dade,FL,Passenger,1,0,1,117,118,0.85
April 30 2025,Benton,WA,Passenger,2221,900,3121,136119,139240,2.24
August 31 2023,Williamson,TX,Passenger,1,1,2,90,92,2.17
March 31 2019,Howard,MD,Passenger,0,1,1,85,86,1.16
October 31 2023,Douglas,WA,Passenger,235,77,312,28768,29080,1.07
April 30 2024,Middlesex,MA,Passenger,4,0,4,82,86,4.65
July 31 2022,Montgomery,AL,Passenger,1,1,2,35,37,5.41
May 31 2023,Douglas,WA,Passenger,196,60,256,28706,28962,0.88
May 31 2022,San Francisco,CA,Passenger,2,0,2,99,101,1.98
February 28 2025,Goochland,VA,Passenger,1,0,1,29,30,3.33
July 31 2018,Nassau,NY,Passenger,2,0,2,39,41,4.88
September 30 2023,Duval,FL,Truck,1,0,1,57,58,1.72
February 29 2020,Monterey,CA,Passenger,1,1,2,193,195,1.03
November 30 2024,Cowlitz,WA,Truck,30,0,30,27916,27946,0.11
October 31 2022,St. Mary's,MD,Passenger,2,0,2,213,215,0.93
March 31 2021,Columbia,OR,Passenger,1,0,1,20,21,4.76
March 31 2019,Berkshire,MA,Passenger,0,1,1,6,7,14.29
April 30 2025,St. Charles,MO,Passenger,1,0,1,23,24,4.17
January 31 2021,San Francisco,CA,Passenger,1,2,3,103,106,2.83
September 30 2019,Wise,TX,Passenger,1,0,1,7,8,12.50
January 31 2018,Franklin,MA,Passenger,0,1,1,4,5,20.00
October 31 2019,DeKalb,IN,Passenger,1,0,1,1,2,50.00
November 30 2021,Wood,OH,Passenger,0,1,1,9,10,10.00
October 31 2019,Lincoln,WA,Truck,0,0,0,4689,4689,0.00
June 30 2017,Yakima,WA,Truck,0,0,0,57340,57340,0.00
October 31 2024,Suffolk,MA,Passenger,3,1,4,26,30,13.33
September 30 2017,Island,WA,Passenger,129,150,279,60796,61075,0.46
March 31 2020,Riverside,CA,Passenger,5,1,6,686,692,0.87
December 31 2021,Rockdale,GA,Passenger,1,0,1,7,8,12.50
January 31 2025,Pettis,MO,Passenger,1,0,1,3,4,25.00
February 29 2024,Solano,CA,Passenger,4,0,4,154,158,2.53
August 31 2019,Mercer,NJ,Passenger,0,1,1,16,17,5.88
July 31 2019,Montgomery,MD,Passenger,1,0,1,292,293,0.34
November 30 2022,Collin,TX,Passenger,5,0,5,93,98,5.10
February 28 2019,Manassas,VA,Passenger,0,1,1,9,10,10.00
April 30 2023,Portsmouth,VA,Passenger,0,1,1,70,71,1.41
October 31 2018,Pima,AZ,Passenger,1,1,2,446,448,0.45
March 31 2024,Medina,TX,Passenger,1,0,1,6,7,14.29
February 29 2020,Bexar,TX,Passenger,1,5,6,681,687,0.87
December 31 2020,Santa Clara,CA,Passenger,10,2,12,308,320,3.75
January 31 2025,Cobb,GA,Passenger,1,0,1,38,39,2.56
February 28 2022,Norfolk,VA,Passenger,2,3,5,315,320,1.56
March 31 2020,Shelby,OH,Passenger,0,1,1,2,3,33.33
January 31 2019,Cumberland,NC,Passenger,1,2,3,530,533,0.56
June 30 2022,Thurston,WA,Truck,7,0,7,55298,55305,0.01
February 28 2025,Alexandria,VA,Passenger,3,0,3,78,81,3.70
June 30 2020,Washington,OR,Passenger,1,0,1,475,476,0.21
February 28 2021,Bartow,GA,Passenger,0,1,1,5,6,16.67
May 31 2021,Klamath,OR,Passenger,1,0,1,40,41,2.44
June 30 2019,Harnett,NC,Passenger,1,1,2,224,226,0.88
July 31 2019,Lewis,WA,Truck,0,0,0,25957,25957,0.00
April 30 2023,Placer,CA,Passenger,1,0,1,83,84,1.19
May 31 2021,Cumberland,NC,Passenger,1,2,3,442,445,0.67
December 31 2022,Anchorage,AK,Passenger,1,0,1,139,140,0.71
January 31 2021,Milwaukee,WI,Passenger,1,0,1,50,51,1.96
March 31 2018,Marin,CA,Passenger,1,0,1,57,58,1.72
September 30 2020,Fresno,CA,Passenger,2,0,2,200,202,0.99
January 31 2017,Chelan,WA,Passenger,54,28,82,51898,51980,0.16
March 31 2019,Mercer,NJ,Passenger,0,1,1,17,18,5.56
December 31 2022,Botetourt,VA,Passenger,1,0,1,0,1,100.00
August 31 2022,Bartow,GA,Passenger,0,1,1,4,5,20.00
June 30 2019,Wahkiakum,WA,Truck,0,0,0,1754,1754,0.00
April 30 2022,Allegheny,PA,Passenger,2,1,3,73,76,3.95
October 31 2021,Denton,TX,Passenger,1,0,1,94,95,1.05
September 30 2023,Multnomah,OR,Passenger,6,2,8,525,533,1.50
June 30 2019,El Paso,TX,Passenger,2,0,2,480,482,0.41
October 31 2022,Walla Walla,WA,Truck,3,0,3,13923,13926,0.02
September 30 2019,DeKalb,GA,Passenger,1,0,1,87,88,1.14
January 31 2019,Klamath,OR,Passenger,1,0,1,43,44,2.27
October 31 2020,Calvert,MD,Passenger,0,2,2,88,90,2.22
July 31 2018,Wahkiakum,WA,Truck,0,0,0,1681,1681,0.00
January 31 2022,Botetourt,VA,Passenger,1,0,1,0,1,100.00
September 30 2019,Larimer,CO,Passenger,1,0,1,66,67,1.49
July 31 2021,Philadelphia,PA,Passenger,1,0,1,58,59,1.69
December 31 2022,Marin,CA,Passenger,3,2,5,42,47,10.64
November 30 2023,Garfield,WA,Passenger,0,3,3,1294,1297,0.23
April 30 2025,Lincoln,WA,Truck,1,0,1,4708,4709,0.02
November 30 2019,Rogers,OK,Passenger,1,0,1,11,12,8.33
February 28 2018,Flathead,MT,Passenger,1,0,1,63,64,1.56
May 31 2025,Howard,MD,Passenger,1,2,3,47,50,6.00
June 30 2024,Yakima,WA,Truck,17,0,17,60842,60859,0.03
March 31 2017,Pierce,WA,Passenger,876,785,1661,526121,527782,0.31
October 31 2021,Solano,CA,Passenger,1,0,1,191,192,0.52
July 31 2021,Okaloosa,FL,Passenger,0,1,1,129,130,0.77
April 30 2018,Ada,ID,Passenger,0,2,2,350,352,0.57
March 31 2021,Norfolk,VA,Passenger,2,3,5,317,322,1.55
August 31 2019,Orange,FL,Passenger,1,0,1,164,165,0.61
January 31 2022,Marin,CA,Passenger,1,1,2,45,47,4.26
November 30 2018,Sussex,NJ,Passenger,1,0,1,1,2,50.00
April 30 2020,Boulder,CO,Passenger,1,1,2,53,55,3.64
February 28 2018,Pierce,WA,Passenger,1116,1029,2145,526156,528301,0.41
January 31 2017,Ferry,WA,Passenger,2,1,3,4388,4391,0.07
July 31 2024,Jefferson,WA,Passenger,758,310,1068,23956,25024,4.27
September 30 2019,Pima,AZ,Passenger,2,1,3,423,426,0.70
August 31 2020,Montgomery,TX,Passenger,1,0,1,58,59,1.69
April 30 2024,Franklin,WA,Truck,14,0,14,20870,20884,0.07
April 30 2018,Cowlitz,WA,Truck,0,0,0,28289,28289,0.00
October 31 2022,Multnomah,OR,Passenger,4,3,7,610,617,1.13
March 31 2019,Kittitas,WA,Truck,0,0,0,14249,14249,0.00
July 31 2021,Onslow,NC,Passenger,0,1,1,169,170,0.59
December 31 2023,Yolo,CA,Passenger,3,0,3,25,28,10.71
February 29 2024,Clackamas,OR,Passenger,0,1,1,120,121,0.83
May 31 2024,Whatcom,WA,Truck,109,0,109,42368,42477,0.26
April 30 2025,Suffolk,MA,Passenger,2,1,3,24,27,11.11
August 31 2018,Cumberland,NC,Passenger,1,1,2,540,542,0.37
August 31 2023,Stevens,WA,Truck,2,0,2,18650,18652,0.01
November 30 2023,Lincoln,WA,Truck,0,0,0,4788,4788,0.00
March 31 2025,Anne Arundel,MD,Truck,1,0,1,38,39,2.56
May 31 2021,Allegheny,PA,Passenger,2,1,3,79,82,3.66
January 31 2024,Johnson,MO,Passenger,1,0,1,25,26,3.85
August 31 2022,Franklin,OH,Passenger,1,0,1,71,72,1.39
September 30 2021,Allen,IN,Passenger,1,0,1,20,21,4.76
May 31 2017,King,WA,Passenger,9793,3988,13781,1376285,1390066,0.99
January 31 2017,Arlington,VA,Passenger,1,1,2,186,188,1.06
April 30 2022,Cumberland,NC,Passenger,1,4,5,406,411,1.22
March 31 2023,Osceola,FL,Passenger,1,0,1,23,24,4.17
April 30 2024,Pend Oreille,WA,Truck,3,0,3,5574,5577,0.05
March 31 2021,Kent,MI,Passenger,0,1,1,33,34,2.94
April 30 2023,St. Mary's,MD,Passenger,2,0,2,211,213,0.94
June 30 2022,Philadelphia,PA,Passenger,1,0,1,54,55,1.82
October 31 2022,El Paso,TX,Passenger,2,0,2,375,377,0.53
October 31 2021,Jefferson,WA,Passenger,361,193,554,24735,25289,2.19
June 30 2022,DeKalb,GA,Passenger,1,0,1,60,61,1.64
April 30 2020,Arlington,VA,Passenger,0,2,2,157,159,1.26
June 30 2023,Montgomery,AL,Passenger,1,0,1,33,34,2.94
May 31 2019,Snohomish,WA,Passenger,3369,1573,4942,530021,534963,0.92
January 31 2020,Skamania,WA,Truck,0,0,0,4106,4106,0.00
February 28 2018,Chelan,WA,Truck,0,0,0,21658,21658,0.00
September 30 2019,Klickitat,WA,Truck,0,0,0,8287,8287,0.00
May 31 2024,Benton,WA,Passenger,1603,723,2326,136168,138494,1.68
December 31 2023,Suffolk,VA,Passenger,1,0,1,108,109,0.92
April 30 2023,San Francisco,CA,Passenger,3,0,3,90,93,3.23
November 30 2024,Volusia,FL,Truck,1,0,1,3,4,25.00
May 31 2025,Ferry,WA,Passenger,30,12,42,4043,4085,1.03
May 31 2022,Multnomah,OR,Passenger,3,4,7,653,660,1.06
February 28 2023,Alameda,CA,Passenger,8,1,9,231,240,3.75
September 30 2020,Sumter,FL,Passenger,0,1,1,11,12,8.33
July 31 2017,Chelan,WA,Passenger,68,35,103,52135,52238,0.20
February 28 2021,Riverside,CA,Passenger,6,0,6,641,647,0.93
June 30 2018,Wahkiakum,WA,Passenger,1,2,3,2916,2919,0.10
March 31 2024,Flathead,MT,Passenger,1,0,1,31,32,3.12
September 30 2018,Frederick,MD,Passenger,0,1,1,85,86,1.16
April 30 2017,Santa Fe,NM,Passenger,0,1,1,46,47,2.13
January 31 2022,Sumter,SC,Passenger,0,1,1,31,32,3.12
February 28 2022,Columbia,OR,Passenger,1,0,1,29,30,3.33
July 31 2022,Botetourt,VA,Passenger,1,0,1,0,1,100.00
April 30 2023,Brown,WI,Passenger,1,0,1,6,7,14.29
June 30 2019,Honolulu,HI,Passenger,3,3,6,531,537,1.12
March 31 2025,Grant,WA,Passenger,567,264,831,67695,68526,1.21
November 30 2018,Chelan,WA,Passenger,135,60,195,54048,54243,0.36
August 31 2022,Wahkiakum,WA,Passenger,24,12,36,3075,3111,1.16
November 30 2022,San Juan,WA,Truck,7,0,7,5927,5934,0.12
July 31 2023,Jefferson,WA,Passenger,576,263,839,24217,25056,3.35
February 28 2025,Dallas,TX,Passenger,1,0,1,65,66,1.52
November 30 2019,Douglas,WA,Truck,0,0,0,12295,12295,0.00
November 30 2022,Medina,TX,Passenger,1,0,1,9,10,10.00
September 30 2017,Saratoga,NY,Passenger,1,1,2,72,74,2.70
June 30 2020,Flathead,MT,Passenger,1,0,1,71,72,1.39
June 30 2019,Franklin,MA,Passenger,0,1,1,2,3,33.33
November 30 2022,Mohave,AZ,Passenger,1,0,1,58,59,1.69
April 30 2018,Pierce,WA,Truck,0,0,0,137287,137287,0.00
September 30 2020,Adams,WA,Passenger,8,7,15,12903,12918,0.12
August 31 2024,Clark,WA,Truck,257,0,257,80644,80901,0.32
January 31 2024,St. Clair,IL,Passenger,0,1,1,116,117,0.85
March 31 2024,Hamilton,IN,Passenger,1,0,1,26,27,3.70
January 31 2023,Charlottesville,VA,Passenger,0,1,1,6,7,14.29
June 30 2018,Skamania,WA,Passenger,11,9,20,8657,8677,0.23
September 30 2021,El Paso,CO,Passenger,2,2,4,710,714,0.56
September 30 2020,Arlington,VA,Passenger,0,2,2,153,155,1.29
June 30 2020,Benton,WA,Truck,0,0,0,42677,42677,0.00
November 30 2020,Queens,NY,Passenger,1,0,1,58,59,1.69
January 31 2021,Collin,TX,Passenger,2,1,3,138,141,2.13
February 28 2022,Spokane,WA,Passenger,1386,782,2168,325434,327602,0.66
May 31 2017,Virginia Beach,VA,Passenger,2,1,3,654,657,0.46
May 31 2025,San Mateo,CA,Passenger,2,1,3,58,61,4.92
August 31 2020,Jones,GA,Passenger,1,0,1,0,1,100.00
June 30 2021,Maui,HI,Passenger,2,0,2,29,31,6.45
April 30 2022,Fairbanks North Star,AK,Passenger,0,1,1,85,86,1.16
November 30 2017,Island,WA,Truck,0,0,0,20675,20675,0.00
May 31 2024,James City,VA,Passenger,1,0,1,32,33,3.03
July 31 2019,Snohomish,WA,Truck,0,0,0,122563,122563,0.00
August 31 2017,Gwinnett,GA,Passenger,0,1,1,90,91,1.10
April 30 2021,El Paso,CO,Passenger,3,2,5,729,734,0.68
June 30 2022,Pima,AZ,Passenger,1,0,1,295,296,0.34
May 31 2018,Orleans,LA,Passenger,0,1,1,47,48,2.08
May 31 2024,Essex,NJ,Passenger,2,1,3,8,11,27.27
May 31 2025,Autauga,AL,Passenger,1,2,3,9,12,25.00
October 31 2023,Hennepin,MN,Passenger,1,0,1,53,54,1.85
July 31 2023,Duval,FL,Passenger,2,1,3,276,279,1.08
July 31 2017,Skamania,WA,Passenger,9,7,16,8548,8564,0.19
March 31 2019,Thurston,WA,Truck,0,0,0,54900,54900,0.00
August 31 2019,Kittitas,WA,Truck,0,0,0,14526,14526,0.00
February 28 2025,St. Mary's,MD,Passenger,4,0,4,174,178,2.25
August 31 2020,Kitsap,WA,Passenger,1400,699,2099,179367,181466,1.16
June 30 2020,Walla Walla,WA,Truck,0,0,0,13733,13733,0.00
February 28 2022,Rogers,OK,Passenger,1,0,1,8,9,11.11
January 31 2020,Harnett,NC,Passenger,1,1,2,217,219,0.91
December 31 2022,Garfield,WA,Passenger,1,3,4,1299,1303,0.31
April 30 2024,Chesapeake,VA,Passenger,1,0,1,289,290,0.34
March 31 2019,San Juan,WA,Truck,0,0,0,5805,5805,0.00
June 30 2020,Queens,NY,Passenger,1,0,1,54,55,1.82
April 30 2025,James City,VA,Passenger,1,0,1,27,28,3.57
November 30 2021,Carson City,NV,Passenger,1,0,1,12,13,7.69
February 28 2021,Ferry,WA,Passenger,10,3,13,4332,4345,0.30
December 31 2021,Cowlitz,WA,Passenger,274,163,437,71482,71919,0.61
November 30 2021,Cook,IL,Passenger,2,0,2,240,242,0.83
November 30 2024,Calvert,MD,Passenger,1,2,3,69,72,4.17
September 30 2023,Walla Walla,WA,Truck,7,0,7,13654,13661,0.05
September 30 2022,Denton,TX,Passenger,2,0,2,84,86,2.33
April 30 2023,Harris,TX,Passenger,1,2,3,196,199,1.51
January 31 2017,Whitman,WA,Passenger,8,19,27,21927,21954,0.12
March 31 2024,Cameron,TX,Passenger,1,0,1,19,20,5.00
February 28 2017,Lincoln,WA,Passenger,2,4,6,7504,7510,0.08
June 30 2018,Chelan,WA,Passenger,110,53,163,53543,53706,0.30
March 31 2025,Anchorage,AK,Passenger,1,0,1,78,79,1.27
November 30 2024,Shelby,AL,Passenger,1,0,1,2,3,33.33
August 31 2017,Chelan,WA,Truck,0,0,0,21357,21357,0.00
July 31 2020,Contra Costa,CA,Passenger,4,4,8,297,305,2.62
May 31 2024,Marion,IN,Passenger,3,0,3,28,31,9.68
March 31 2019,Collier,FL,Passenger,1,0,1,26,27,3.70
February 28 2017,Lewis,WA,Truck,0,0,0,24786,24786,0.00
September 30 2024,Skagit,WA,Passenger,1649,577,2226,88026,90252,2.47
September 30 2023,Atlantic,NJ,Passenger,1,0,1,9,10,10.00
May 31 2023,Benton,WA,Passenger,1118,563,1681,135210,136891,1.23
April 30 2025,Ada,ID,Passenger,2,0,2,98,100,2.00
January 31 2023,Suffolk,VA,Passenger,1,0,1,127,128,0.78
December 31 2023,Larimer,CO,Passenger,1,0,1,37,38,2.63
March 31 2025,Caddo,LA,Passenger,1,0,1,13,14,7.14
April 30 2024,Yakima,WA,Passenger,737,325,1062,166654,167716,0.63
February 28 2021,Montgomery,OH,Passenger,0,1,1,56,57,1.75
January 31 2018,Gwinnett,GA,Passenger,0,1,1,87,88,1.14
February 29 2024,New Castle,DE,Passenger,1,0,1,19,20,5.00
March 31 2025,Clallam,WA,Truck,48,0,48,21081,21129,0.23
January 31 2024,Meade,KY,Passenger,1,0,1,17,18,5.56
November 30 2022,Newport,RI,Passenger,0,1,1,65,66,1.52
January 31 2018,Asotin,WA,Passenger,8,5,13,12538,12551,0.10
April 30 2024,Onslow,NC,Passenger,0,1,1,134,135,0.74
June 30 2017,Morris,NJ,Passenger,1,0,1,23,24,4.17
December 31 2019,Klamath,OR,Passenger,1,0,1,43,44,2.27
April 30 2018,King,WA,Passenger,12279,5287,17566,1367419,1384985,1.27
February 29 2024,Mesa,CO,Passenger,0,1,1,10,11,9.09
August 31 2017,Lumpkin,GA,Passenger,1,0,1,9,10,10.00
December 31 2021,Fort Bend,TX,Passenger,1,0,1,35,36,2.78
September 30 2023,Davidson,TN,Passenger,1,0,1,47,48,2.08
July 31 2022,Spartanburg,SC,Passenger,0,1,1,39,40,2.50
January 31 2023,Howard,MD,Passenger,0,2,2,61,63,3.17
November 30 2018,Clark,WA,Passenger,1188,830,2018,310852,312870,0.64
October 31 2018,Klickitat,WA,Truck,0,0,0,8144,8144,0.00
February 28 2022,Asotin,WA,Passenger,22,18,40,12608,12648,0.32
December 31 2023,Charlottesville,VA,Passenger,0,3,3,5,8,37.50
July 31 2023,Chelan,WA,Passenger,648,169,817,54131,54948,1.49
April 30 2023,Davidson,TN,Passenger,1,0,1,56,57,1.75
December 31 2018,Stevens,WA,Truck,0,0,0,18746,18746,0.00
August 31 2024,Cameron,TX,Passenger,1,0,1,18,19,5.26
January 31 2024,Lewis,WA,Passenger,411,320,731,59500,60231,1.21
March 31 2024,Rockdale,GA,Passenger,1,0,1,7,8,12.50
November 30 2021,Franklin,WA,Passenger,154,103,257,62198,62455,0.41
July 31 2019,San Joaquin,CA,Passenger,1,0,1,140,141,0.71
March 31 2022,Salt Lake,UT,Passenger,2,1,3,191,194,1.55
February 28 2025,Currituck,NC,Passenger,1,0,1,18,19,5.26
March 31 2024,Lake,IN,Passenger,0,1,1,7,8,12.50
November 30 2024,Bannock,ID,Passenger,1,0,1,7,8,12.50
June 30 2022,Kitsap,WA,Passenger,2388,1057,3445,177740,181185,1.90
May 31 2025,Wahkiakum,WA,Passenger,52,29,81,2960,3041,2.66
October 31 2017,Frederick,MD,Passenger,0,1,1,84,85,1.18
November 30 2021,San Juan,WA,Passenger,472,149,621,14174,14795,4.20
March 31 2017,Chelan,WA,Truck,0,0,0,21212,21212,0.00
February 28 2019,Sangamon,IL,Passenger,2,0,2,7,9,22.22
March 31 2022,Alameda,CA,Passenger,7,1,8,245,253,3.16
September 30 2023,Tom Green,TX,Passenger,0,1,1,17,18,5.56
October 31 2023,Allen,IN,Passenger,1,0,1,11,12,8.33
June 30 2019,Shelby,TN,Passenger,0,1,1,102,103,0.97
January 31 2018,Hamilton,IN,Passenger,1,0,1,53,54,1.85
January 31 2025,Clatsop,OR,Passenger,1,0,1,33,34,2.94
September 30 2024,Wise,TX,Passenger,2,0,2,4,6,33.33
November 30 2024,Harford,MD,Passenger,2,0,2,44,46,4.35
July 31 2022,Hawaii,HI,Passenger,1,0,1,49,50,2.00
September 30 2019,Washoe,NV,Passenger,2,0,2,118,120,1.67
March 31 2020,Carroll,NH,Passenger,0,1,1,3,4,25.00
December 31 2019,Cowlitz,WA,Truck,0,0,0,29021,29021,0.00
June 30 2023,Grays Harbor,WA,Passenger,296,187,483,48276,48759,0.99
March 31 2024,Lewis,WA,Passenger,429,339,768,58680,59448,1.29
June 30 2023,Goochland,VA,Passenger,3,2,5,106,111,4.50
February 28 2025,Clark,NV,Passenger,8,2,10,410,420,2.38
April 30 2023,Essex,MA,Passenger,1,0,1,15,16,6.25
April 30 2017,Douglas,WA,Truck,0,0,0,11453,11453,0.00
April 30 2021,Sumter,SC,Passenger,0,1,1,34,35,2.86
December 31 2024,Walla Walla,WA,Truck,23,0,23,13634,13657,0.17
June 30 2024,Island,WA,Passenger,1485,543,2028,60506,62534,3.24
November 30 2021,Skagit,WA,Truck,1,0,1,32759,32760,0.00
July 31 2018,Latah,ID,Passenger,0,1,1,78,79,1.27
June 30 2024,St. Mary's,MD,Passenger,4,0,4,196,200,2.00
March 31 2024,Adams,CO,Passenger,1,0,1,35,36,2.78
October 31 2023,Williamsburg,VA,Passenger,0,1,1,5,6,16.67
February 28 2023,Beaufort,SC,Passenger,1,0,1,33,34,2.94
May 31 2023,Snohomish,WA,Passenger,12160,2989,15149,527172,542321,2.79
April 30 2024,Douglas,WA,Truck,14,0,14,13039,13053,0.11
February 28 2021,El Paso,TX,Passenger,2,0,2,403,405,0.49
April 30 2020,Deschutes,OR,Passenger,4,0,4,160,164,2.44
April 30 2018,Twin Falls,ID,Passenger,0,1,1,25,26,3.85
April 30 2022,Williamsburg,VA,Passenger,0,1,1,7,8,12.50
November 30 2024,Skamania,WA,Truck,8,0,8,3841,3849,0.21
May 31 2021,Dakota,MN,Passenger,0,1,1,28,29,3.45
February 28 2025,Pulaski,MO,Passenger,3,0,3,85,88,3.41
March 31 2021,Randolph,NC,Passenger,1,0,1,7,8,12.50
September 30 2023,Thurston,WA,Truck,71,0,71,53558,53629,0.13
January 31 2021,Kent,MI,Passenger,0,1,1,31,32,3.12
July 31 2017,Thurston,WA,Passenger,417,350,767,186947,187714,0.41
December 31 2020,King,WA,Passenger,26889,8176,35065,1368315,1403380,2.50
August 31 2019,El Paso,CO,Passenger,3,2,5,763,768,0.65
April 30 2019,Lewis,WA,Truck,0,0,0,25820,25820,0.00
January 31 2025,Anne Arundel,MD,Truck,1,0,1,39,40,2.50
January 31 2017,Harnett,NC,Passenger,1,0,1,272,273,0.37
February 28 2025,Stevens,WA,Passenger,182,94,276,29250,29526,0.93
January 31 2023,Allegheny,PA,Passenger,2,0,2,73,75,2.67
November 30 2024,Marin,CA,Truck,1,0,1,6,7,14.29
September 30 2020,Cowlitz,WA,Passenger,157,120,277,72135,72412,0.38
November 30 2024,San Francisco,CA,Passenger,2,1,3,63,66,4.55
April 30 2021,Okaloosa,FL,Passenger,0,1,1,139,140,0.71
May 31 2025,Texas,MO,Passenger,1,0,1,2,3,33.33
April 30 2021,Manassas,VA,Passenger,0,1,1,7,8,12.50
January 31 2022,Kitsap,WA,Truck,0,0,0,53989,53989,0.00
May 31 2024,Snohomish,WA,Truck,362,0,362,119890,120252,0.30
April 30 2020,Ferry,WA,Truck,0,0,0,3539,3539,0.00
January 31 2025,Garfield,WA,Passenger,0,3,3,1291,1294,0.23
January 31 2018,Dallas,TX,Passenger,0,1,1,198,199,0.50
April 30 2021,Suffolk,MA,Passenger,0,2,2,41,43,4.65
July 31 2024,Bexar,TX,Passenger,5,3,8,357,365,2.19
April 30 2018,Allegheny,PA,Passenger,1,0,1,82,83,1.20
August 31 2022,Harford,MD,Passenger,1,1,2,51,53,3.77
May 31 2023,DuPage,IL,Passenger,5,1,6,42,48,12.50
November 30 2024,Garfield,OK,Passenger,1,0,1,16,17,5.88
July 31 2023,Clallam,WA,Truck,17,0,17,21695,21712,0.08
October 31 2022,Philadelphia,PA,Passenger,1,0,1,60,61,1.64
August 31 2024,Marin,CA,Passenger,3,2,5,35,40,12.50
May 31 2021,Yakima,WA,Truck,0,0,0,61644,61644,0.00
April 30 2017,Gwinnett,GA,Passenger,0,1,1,92,93,1.08
March 31 2022,Suffolk,MA,Passenger,1,1,2,33,35,5.71
January 31 2018,Manassas,VA,Passenger,0,1,1,9,10,10.00
January 31 2017,Muscogee,GA,Passenger,0,1,1,264,265,0.38
September 30 2022,Isle of Wight,VA,Passenger,0,1,1,18,19,5.26
August 31 2017,Grays Harbor,WA,Truck,0,0,0,19929,19929,0.00
June 30 2021,Arlington,VA,Passenger,1,1,2,156,158,1.27
August 31 2023,Isle of Wight,VA,Passenger,0,1,1,18,19,5.26
November 30 2024,Stevens,WA,Truck,9,0,9,18618,18627,0.05
April 30 2024,Spokane,WA,Passenger,3175,1578,4753,320550,325303,1.46
May 31 2019,Thurston,WA,Passenger,843,629,1472,196908,198380,0.74
June 30 2023,Santa Clara,CA,Passenger,19,7,26,264,290,8.97
January 31 2019,Moore,NC,Passenger,0,1,1,187,188,0.53
November 30 2020,Collier,FL,Passenger,1,0,1,26,27,3.70
November 30 2021,Douglas,CO,Passenger,1,1,2,94,96,2.08
January 31 2023,Plaquemines,LA,Passenger,1,1,2,19,21,9.52
August 31 2020,Loudoun,VA,Passenger,1,0,1,84,85,1.18
August 31 2017,Mason,WA,Truck,0,0,0,19328,19328,0.00
June 30 2022,Lee,FL,Passenger,1,0,1,48,49,2.04
November 30 2024,Gwinnett,GA,Passenger,2,0,2,47,49,4.08
September 30 2021,Harford,MD,Passenger,0,1,1,60,61,1.64
February 28 2022,Lake,IL,Passenger,5,0,5,158,163,3.07
September 30 2018,Madison,ID,Passenger,1,0,1,36,37,2.70
February 28 2017,Riverside,CA,Passenger,1,1,2,866,868,0.23
August 31 2021,Snohomish,WA,Truck,1,0,1,125883,125884,0.00
June 30 2017,Grays Harbor,WA,Passenger,35,31,66,44766,44832,0.15
December 31 2017,Portsmouth,VA,Passenger,0,1,1,69,70,1.43
February 29 2024,Benton,WA,Passenger,1469,682,2151,135498,137649,1.56
April 30 2019,Harris,TX,Passenger,0,1,1,299,300,0.33
September 30 2022,Monroe,WI,Passenger,1,0,1,11,12,8.33
December 31 2019,Berkshire,MA,Passenger,0,1,1,7,8,12.50
July 31 2021,Whitman,WA,Truck,0,0,0,8588,8588,0.00
April 30 2019,Allegheny,PA,Passenger,1,0,1,93,94,1.06
July 31 2023,Hays,TX,Passenger,1,0,1,11,12,8.33
July 31 2024,Platte,MO,Passenger,2,1,3,12,15,20.00
June 30 2022,Skamania,WA,Passenger,73,47,120,8183,8303,1.45
November 30 2019,Montgomery,TX,Passenger,1,0,1,64,65,1.54
January 31 2021,Alameda,CA,Passenger,5,0,5,287,292,1.71
February 29 2020,Montgomery,PA,Passenger,2,0,2,38,40,5.00
September 30 2018,Duval,FL,Passenger,1,2,3,389,392,0.77
October 31 2023,Dakota,MN,Passenger,0,1,1,13,14,7.14
March 31 2019,Lake,CA,Passenger,0,1,1,12,13,7.69
April 30 2022,Charlottesville,VA,Passenger,0,1,1,7,8,12.50
March 31 2018,Douglas,WA,Truck,0,0,0,11855,11855,0.00
September 30 2023,Moore,NC,Passenger,0,1,1,128,129,0.78
June 30 2019,Virginia Beach,VA,Passenger,1,0,1,717,718,0.14
November 30 2019,Douglas,WA,Passenger,65,38,103,28270,28373,0.36
January 31 2023,Okanogan,WA,Passenger,104,53,157,26082,26239,0.60
December 31 2020,Arlington,VA,Passenger,0,2,2,151,153,1.31
March 31 2021,Mohave,AZ,Passenger,1,0,1,78,79,1.27
June 30 2023,Cumberland,PA,Passenger,1,0,1,49,50,2.00
November 30 2021,Benton,WA,Passenger,623,438,1061,135779,136840,0.78
October 31 2020,Skamania,WA,Truck,0,0,0,3994,3994,0.00
July 31 2020,Fairfax,VA,Passenger,6,2,8,750,758,1.06
June 30 2017,Jefferson,WA,Truck,0,0,0,9418,9418,0.00
April 30 2018,Adams,WA,Truck,0,0,0,5146,5146,0.00
January 31 2023,Pend Oreille,WA,Passenger,23,14,37,8911,8948,0.41
May 31 2022,Meade,KY,Passenger,1,0,1,23,24,4.17
February 28 2022,Rockdale,GA,Passenger,1,0,1,7,8,12.50
August 31 2018,Yakima,WA,Truck,0,0,0,58603,58603,0.00
June 30 2017,Mason,WA,Passenger,56,66,122,43437,43559,0.28
March 31 2020,Cameron,TX,Passenger,1,0,1,28,29,3.45
October 31 2021,Suffolk,VA,Passenger,1,0,1,129,130,0.77
November 30 2018,Twin Falls,ID,Passenger,0,1,1,25,26,3.85
September 30 2024,Oldham,KY,Passenger,0,1,1,4,5,20.00
March 31 2024,Bartow,GA,Passenger,0,1,1,2,3,33.33
October 31 2023,Clark,NV,Passenger,9,4,13,533,546,2.38
October 31 2021,Sarpy,NE,Passenger,1,0,1,70,71,1.41
April 30 2022,Arapahoe,CO,Passenger,0,1,1,99,100,1.00
July 31 2020,Broward,FL,Passenger,2,1,3,111,114,2.63
March 31 2025,Walla Walla,WA,Passenger,404,203,607,35040,35647,1.70
September 30 2018,Kitsap,WA,Truck,1,0,1,53518,53519,0.00
February 28 2023,Eagle,CO,Passenger,1,0,1,7,8,12.50
October 31 2018,Lincoln,WA,Passenger,2,6,8,7736,7744,0.10
February 28 2017,Klickitat,WA,Truck,0,0,0,7928,7928,0.00
July 31 2018,Mercer,NJ,Passenger,0,1,1,18,19,5.26
June 30 2021,Adams,WA,Truck,0,0,0,5384,5384,0.00
January 31 2020,Ferry,WA,Passenger,5,2,7,4381,4388,0.16
January 31 2018,Marin,CA,Passenger,1,0,1,57,58,1.72
May 31 2023,Pacific,WA,Passenger,73,92,165,15542,15707,1.05
November 30 2022,Kent,DE,Passenger,1,0,1,55,56,1.79
May 31 2025,Penobscot,ME,Passenger,0,1,1,3,4,25.00
January 31 2017,Ferry,WA,Truck,0,0,0,3582,3582,0.00
May 31 2022,Camden,NJ,Passenger,0,1,1,12,13,7.69
March 31 2021,Pend Oreille,WA,Truck,0,0,0,5720,5720,0.00
November 30 2021,Pierce,WA,Truck,0,0,0,144836,144836,0.00
April 30 2023,Norfolk,VA,Passenger,2,2,4,290,294,1.36
August 31 2021,Fort Bend,TX,Passenger,1,0,1,37,38,2.63
August 31 2019,Palm Beach,FL,Passenger,0,2,2,90,92,2.17
February 29 2020,Williamson,TX,Passenger,0,2,2,172,174,1.15
September 30 2024,St. Clair,IL,Passenger,0,1,1,109,110,0.91
December 31 2019,Shasta,CA,Passenger,1,0,1,39,40,2.50
March 31 2023,Escambia,FL,Passenger,0,1,1,145,146,0.68
April 30 2017,Adams,WA,Truck,0,0,0,5071,5071,0.00
January 31 2024,Multnomah,OR,Passenger,6,1,7,506,513,1.36
January 31 2023,Los Angeles,CA,Passenger,7,5,12,839,851,1.41
April 30 2017,Lane,OR,Passenger,0,1,1,253,254,0.39
March 31 2023,Dakota,MN,Passenger,0,1,1,18,19,5.26
May 31 2023,Pinal,AZ,Passenger,0,1,1,118,119,0.84
June 30 2022,Solano,CA,Passenger,1,0,1,177,178,0.56
December 31 2022,Queens,NY,Passenger,1,0,1,42,43,2.33
October 31 2020,Contra Costa,CA,Passenger,4,4,8,280,288,2.78
September 30 2023,Howard,MD,Passenger,0,2,2,63,65,3.08
September 30 2022,Pulaski,AR,Passenger,1,0,1,38,39,2.56
November 30 2019,Santa Rosa,FL,Passenger,1,0,1,93,94,1.06
October 31 2019,San Joaquin,CA,Passenger,1,0,1,149,150,0.67
February 28 2025,Marion,IN,Passenger,1,0,1,21,22,4.55
April 30 2021,Miami-Dade,FL,Passenger,1,0,1,114,115,0.87
July 31 2022,Randolph,NC,Passenger,1,0,1,4,5,20.00
November 30 2023,Clay,FL,Passenger,1,0,1,72,73,1.37
February 28 2025,Meade,KY,Passenger,1,0,1,16,17,5.88
September 30 2018,Wahkiakum,WA,Passenger,1,1,2,2979,2981,0.07
June 30 2022,Anne Arundel,MD,Passenger,2,3,5,364,369,1.36
April 30 2022,Columbia,GA,Passenger,0,1,1,108,109,0.92
September 30 2022,Albemarle,VA,Passenger,2,0,2,24,26,7.69
May 31 2021,Tarrant,TX,Passenger,2,0,2,177,179,1.12
July 31 2024,Dallas,TX,Passenger,1,0,1,79,80,1.25
December 31 2018,Thurston,WA,Passenger,737,571,1308,195399,196707,0.66
June 30 2022,Carroll,NH,Passenger,0,1,1,3,4,25.00
August 31 2019,Clallam,WA,Passenger,184,148,332,50700,51032,0.65
April 30 2022,Botetourt,VA,Passenger,1,0,1,0,1,100.00
October 31 2021,King,WA,Passenger,33793,9919,43712,1361514,1405226,3.11
March 31 2021,Placer,CA,Passenger,2,0,2,94,96,2.08
November 30 2019,San Diego,CA,Passenger,11,4,15,2788,2803,0.54
January 31 2021,Lewis,WA,Passenger,126,133,259,58870,59129,0.44
January 31 2017,Benton,WA,Truck,0,0,0,39802,39802,0.00
August 31 2024,Marion,IN,Passenger,3,0,3,24,27,11.11
July 31 2019,Boone,MO,Passenger,0,1,1,10,11,9.09
January 31 2018,Asotin,WA,Truck,0,0,0,6556,6556,0.00
March 31 2025,Asotin,WA,Passenger,62,32,94,12228,12322,0.76
January 31 2023,Harris,TX,Passenger,1,1,2,199,201,1.00
June 30 2022,Carson City,NV,Passenger,1,0,1,12,13,7.69
February 29 2024,Miami-Dade,FL,Passenger,3,0,3,76,79,3.80
January 31 2019,Larimer,CO,Passenger,1,0,1,65,66,1.52
June 30 2023,Okanogan,WA,Passenger,122,64,186,26142,26328,0.71
March 31 2019,Gwinnett,GA,Passenger,0,1,1,81,82,1.22
September 30 2022,Lincoln,WA,Truck,0,0,0,4835,4835,0.00
October 31 2021,Pend Oreille,WA,Truck,0,0,0,5672,5672,0.00
October 31 2023,Pinal,AZ,Passenger,2,1,3,107,110,2.73
November 30 2018,Jefferson,WA,Truck,0,0,0,9606,9606,0.00
March 31 2019,Palm Beach,FL,Passenger,0,2,2,97,99,2.02
March 31 2023,Island,WA,Truck,23,0,23,20922,20945,0.11
February 28 2025,Fairfax,VA,Passenger,15,9,24,529,553,4.34
January 31 2024,Bristol,MA,Passenger,1,0,1,8,9,11.11
May 31 2023,Kauai,HI,Passenger,1,1,2,20,22,9.09
December 31 2021,Pennington,SD,Passenger,1,0,1,36,37,2.70
September 30 2019,Oklahoma,OK,Passenger,0,1,1,138,139,0.72
May 31 2019,Washtenaw,MI,Passenger,1,0,1,38,39,2.56
September 30 2022,Marin,CA,Passenger,2,2,4,39,43,9.30
April 30 2022,Sarasota,FL,Passenger,2,0,2,43,45,4.44
July 31 2019,Howard,MD,Passenger,0,1,1,82,83,1.20
August 31 2023,Okaloosa,FL,Passenger,0,2,2,103,105,1.90
January 31 2024,Portsmouth,VA,Passenger,0,3,3,67,70,4.29
August 31 2021,Lewis,WA,Truck,0,0,0,26731,26731,0.00
October 31 2023,Horry,SC,Passenger,1,0,1,16,17,5.88
November 30 2022,Kootenai,ID,Truck,1,0,1,37,38,2.63
August 31 2024,Garfield,WA,Passenger,0,3,3,1294,1297,0.23
September 30 2017,Manatee,FL,Passenger,1,0,1,45,46,2.17
January 31 2024,Alexandria,VA,Passenger,3,0,3,100,103,2.91
February 28 2022,Washtenaw,MI,Passenger,0,1,1,35,36,2.78
May 31 2023,Polk,OR,Passenger,1,1,2,23,25,8.00
November 30 2019,Cochise,AZ,Passenger,0,1,1,109,110,0.91
March 31 2024,Doña Ana,NM,Passenger,1,0,1,14,15,6.67
November 30 2021,Richmond,NY,Passenger,1,0,1,3,4,25.00
July 31 2021,Denver,CO,Passenger,1,0,1,131,132,0.76
March 31 2023,New London,CT,Passenger,2,4,6,199,205,2.93
January 31 2020,Fairfax,VA,Passenger,5,1,6,772,778,0.77
June 30 2024,Hays,TX,Passenger,1,0,1,7,8,12.50
September 30 2019,Loudoun,VA,Passenger,1,0,1,95,96,1.04
March 31 2025,DeKalb,GA,Truck,1,0,1,1,2,50.00
December 31 2023,Cowlitz,WA,Passenger,595,247,842,69577,70419,1.20
December 31 2018,Collin,TX,Passenger,1,1,2,166,168,1.19
June 30 2017,Wayne,MI,Passenger,0,1,1,70,71,1.41
May 31 2021,Skagit,WA,Truck,1,0,1,33019,33020,0.00
June 30 2024,Franklin,WA,Passenger,455,188,643,62486,63129,1.02
May 31 2020,Frederick,MD,Passenger,1,1,2,67,69,2.90
March 31 2023,Orange,CA,Passenger,12,3,15,426,441,3.40
January 31 2018,Pend Oreille,WA,Truck,0,0,0,5618,5618,0.00
August 31 2023,Bexar,TX,Passenger,3,3,6,439,445,1.35
January 31 2025,Olmsted,MN,Passenger,1,0,1,3,4,25.00
January 31 2020,Clallam,WA,Passenger,203,163,366,50880,51246,0.71
February 29 2020,Jefferson,WA,Passenger,230,140,370,25142,25512,1.45
November 30 2020,Powhatan,VA,Passenger,1,0,1,1,2,50.00
August 31 2023,Pacific,WA,Truck,5,0,5,7828,7833,0.06
August 31 2019,Chelan,WA,Passenger,165,70,235,54438,54673,0.43
April 30 2024,Lincoln,WA,Passenger,26,26,52,7548,7600,0.68
July 31 2024,Pend Oreille,WA,Truck,3,0,3,5556,5559,0.05
October 31 2018,Utah,UT,Passenger,0,1,1,156,157,0.64
September 30 2022,Botetourt,VA,Passenger,1,0,1,0,1,100.00
December 31 2018,Tarrant,TX,Passenger,1,0,1,217,218,0.46
April 30 2024,Kings,CA,Passenger,6,0,6,258,264,2.27
February 28 2018,Nueces,TX,Passenger,1,1,2,97,99,2.02
April 30 2017,Utah,UT,Passenger,0,1,1,175,176,0.57
October 31 2022,Miami-Dade,FL,Passenger,1,0,1,95,96,1.04
November 30 2018,Sedgwick,KS,Passenger,0,1,1,106,107,0.93
August 31 2019,Prince William,VA,Passenger,1,4,5,249,254,1.97
July 31 2018,Tarrant,TX,Passenger,1,0,1,231,232,0.43
February 29 2020,Stevens,WA,Truck,0,0,0,18738,18738,0.00
February 28 2023,Kitsap,WA,Passenger,2886,1171,4057,175711,179768,2.26
January 31 2024,Yakima,WA,Passenger,666,304,970,166505,167475,0.58
March 31 2022,Anchorage,AK,Passenger,2,0,2,151,153,1.31
February 28 2021,Denver,CO,Passenger,1,0,1,128,129,0.78
December 31 2019,Stevens,WA,Passenger,31,31,62,31567,31629,0.20
May 31 2022,Autauga,AL,Passenger,1,0,1,14,15,6.67
February 28 2023,Monterey,CA,Passenger,1,4,5,145,150,3.33
May 31 2021,Klickitat,WA,Truck,0,0,0,8246,8246,0.00
July 31 2024,Douglas,WA,Passenger,297,100,397,29057,29454,1.35
March 31 2023,Baltimore,MD,Passenger,1,0,1,77,78,1.28
March 31 2021,San Diego,CA,Passenger,16,4,20,2689,2709,0.74
October 31 2021,Grays Harbor,WA,Truck,0,0,0,21377,21377,0.00
August 31 2020,Skamania,WA,Passenger,31,21,52,8365,8417,0.62
November 30 2022,Santa Cruz,CA,Passenger,1,0,1,25,26,3.85
June 30 2024,Hartford,CT,Passenger,1,0,1,19,20,5.00
June 30 2021,Alameda,CA,Passenger,5,0,5,266,271,1.85
August 31 2022,Harrison,MS,Passenger,1,0,1,50,51,1.96
January 31 2018,Santa Rosa,FL,Passenger,1,0,1,104,105,0.95
April 30 2023,Adams,CO,Passenger,1,0,1,39,40,2.50
December 31 2023,Stevens,WA,Truck,3,0,3,18649,18652,0.02
August 31 2021,Whatcom,WA,Passenger,1520,626,2146,150268,152414,1.41
December 31 2022,Wichita,TX,Passenger,1,0,1,42,43,2.33
June 30 2024,Washington,OR,Passenger,3,0,3,227,230,1.30
March 31 2023,Williamsburg,VA,Passenger,0,1,1,8,9,11.11
May 31 2022,El Dorado,CA,Passenger,1,0,1,31,32,3.12
August 31 2022,Hillsborough,FL,Passenger,1,1,2,149,151,1.32
May 31 2025,Hillsborough,FL,Passenger,2,2,4,72,76,5.26
October 31 2023,Virginia Beach,VA,Truck,1,0,1,119,120,0.83
June 30 2020,Baltimore,MD,Passenger,1,0,1,114,115,0.87
February 29 2024,Larimer,CO,Passenger,1,0,1,36,37,2.70
September 30 2021,Pierce,WA,Passenger,3870,2063,5933,557707,563640,1.05
July 31 2018,Prince George,VA,Passenger,0,1,1,73,74,1.35
September 30 2024,Sussex,NJ,Passenger,1,0,1,0,1,100.00
November 30 2021,Williams,ND,Passenger,0,1,1,9,10,10.00
June 30 2019,Okanogan,WA,Truck,0,0,0,16474,16474,0.00
September 30 2018,Pinal,AZ,Passenger,2,0,2,221,223,0.90
October 31 2018,Lee,AL,Passenger,1,0,1,36,37,2.70
May 31 2021,Pierce,WA,Truck,0,0,0,145639,145639,0.00
September 30 2018,Douglas,WA,Truck,0,0,0,12010,12010,0.00
December 31 2024,Lake,IL,Passenger,7,0,7,107,114,6.14
July 31 2023,Davidson,TN,Passenger,1,0,1,49,50,2.00
March 31 2021,Ramsey,MN,Passenger,1,0,1,40,41,2.44
March 31 2024,Sacramento,CA,Passenger,2,1,3,180,183,1.64
February 28 2022,Dorchester,SC,Passenger,1,0,1,80,81,1.23
March 31 2025,St. Clair,IL,Passenger,0,1,1,103,104,0.96
October 31 2023,Clallam,WA,Passenger,634,309,943,48906,49849,1.89
February 29 2020,Lincoln,WA,Passenger,1,12,13,7777,7790,0.17
August 31 2020,Carroll,NH,Passenger,0,1,1,3,4,25.00
May 31 2023,Kings,CA,Passenger,2,1,3,286,289,1.04
October 31 2020,Mohave,AZ,Passenger,1,0,1,84,85,1.18
July 31 2022,Wichita,TX,Passenger,1,0,1,42,43,2.33
September 30 2021,Skagit,WA,Passenger,640,291,931,91509,92440,1.01
June 30 2020,Arapahoe,CO,Passenger,1,0,1,139,140,0.71
December 31 2018,Deschutes,OR,Passenger,3,0,3,180,183,1.64
February 28 2019,Hardin,KY,Passenger,0,1,1,106,107,0.93
January 31 2024,Contra Costa,CA,Passenger,4,1,5,169,174,2.87
November 30 2019,Mercer,NJ,Passenger,0,1,1,17,18,5.56
July 31 2022,DeKalb,GA,Passenger,1,0,1,59,60,1.67
June 30 2023,St. Louis,MN,Passenger,0,1,1,7,8,12.50
February 29 2024,Benton,WA,Truck,37,0,37,42887,42924,0.09
July 31 2019,Honolulu,HI,Passenger,3,3,6,523,529,1.13
April 30 2017,Wayne,MI,Passenger,0,1,1,71,72,1.39
June 30 2019,Pend Oreille,WA,Passenger,4,5,9,9520,9529,0.09
April 30 2023,Harford,MD,Passenger,1,1,2,51,53,3.77
December 31 2023,Douglas,CO,Passenger,1,2,3,61,64,4.69
February 29 2020,Valencia,NM,Passenger,1,0,1,8,9,11.11
June 30 2024,Duval,FL,Passenger,2,1,3,231,234,1.28
November 30 2019,Lincoln,WA,Passenger,1,11,12,7795,7807,0.15
October 31 2020,Jefferson,WA,Passenger,261,152,413,24692,25105,1.65
September 30 2019,Shasta,CA,Passenger,1,0,1,41,42,2.38
June 30 2024,Ferry,WA,Passenger,31,4,35,4247,4282,0.82
May 31 2017,Pima,AZ,Passenger,0,2,2,471,473,0.42
May 31 2020,Pacific,WA,Passenger,31,33,64,15686,15750,0.41
September 30 2019,Cowlitz,WA,Truck,0,0,0,28943,28943,0.00
November 30 2024,Thurston,WA,Truck,196,0,196,53095,53291,0.37
June 30 2018,Williamson,TX,Passenger,0,1,1,181,182,0.55
February 29 2024,Marin,CA,Truck,1,0,1,7,8,12.50
July 31 2018,Columbia,WA,Passenger,2,2,4,2420,2424,0.17
May 31 2021,Denver,CO,Passenger,1,0,1,125,126,0.79
May 31 2025,Lincoln,OR,Passenger,1,0,1,15,16,6.25
June 30 2022,Deschutes,OR,Passenger,2,0,2,118,120,1.67
February 28 2023,Gwinnett,GA,Passenger,1,0,1,64,65,1.54
May 31 2019,Clark,NV,Passenger,4,3,7,758,765,0.92
October 31 2018,Tarrant,TX,Passenger,1,0,1,218,219,0.46
January 31 2020,Thurston,WA,Passenger,1091,718,1809,198994,200803,0.90
June 30 2020,Kittitas,WA,Passenger,99,47,146,29787,29933,0.49
May 31 2021,Multnomah,OR,Passenger,3,5,8,743,751,1.07
September 30 2021,Lee,FL,Passenger,1,0,1,50,51,1.96
August 31 2019,Thurston,WA,Passenger,926,660,1586,198118,199704,0.79
June 30 2021,Island,WA,Passenger,617,315,932,62911,63843,1.46
April 30 2024,Middlesex,NJ,Passenger,1,0,1,23,24,4.17
September 30 2017,Wayne,MI,Passenger,0,1,1,69,70,1.43
February 28 2017,Douglas,WA,Truck,0,0,0,11387,11387,0.00
March 31 2022,Palm Beach,FL,Passenger,1,1,2,59,61,3.28
September 30 2017,Sedgwick,KS,Passenger,0,1,1,108,109,0.92
November 30 2023,St. Louis,MN,Passenger,0,1,1,4,5,20.00
October 31 2019,Stevens,WA,Passenger,29,28,57,31586,31643,0.18
March 31 2024,Washington,WI,Passenger,1,0,1,0,1,100.00
June 30 2020,Ferry,WA,Truck,0,0,0,3550,3550,0.00
September 30 2024,Washtenaw,MI,Passenger,0,2,2,20,22,9.09
April 30 2024,Tarrant,TX,Passenger,2,0,2,114,116,1.72
January 31 2022,Charlottesville,VA,Passenger,0,1,1,7,8,12.50
August 31 2019,Bexar,TX,Passenger,1,5,6,680,686,0.87
July 31 2022,Leavenworth,KS,Passenger,1,2,3,90,93,3.23
October 31 2021,El Paso,TX,Passenger,2,0,2,392,394,0.51
November 30 2018,Marion,IN,Passenger,1,0,1,122,123,0.81
May 31 2021,Harnett,NC,Passenger,1,1,2,201,203,0.99
January 31 2025,Liberty,GA,Passenger,0,1,1,83,84,1.19
March 31 2021,Tulsa,OK,Passenger,1,0,1,59,60,1.67
December 31 2024,Christian,MO,Passenger,0,1,1,7,8,12.50
July 31 2019,Chelan,WA,Truck,0,0,0,22341,22341,0.00
January 31 2020,Cumberland,NC,Passenger,1,2,3,492,495,0.61
May 31 2020,Prince William,VA,Passenger,2,4,6,217,223,2.69
May 31 2017,St. Lucie,FL,Passenger,1,0,1,31,32,3.12
July 31 2024,Sacramento,CA,Truck,1,0,1,27,28,3.57
April 30 2017,Maui,HI,Passenger,1,0,1,72,73,1.37
November 30 2022,Platte,MO,Passenger,1,1,2,22,24,8.33
March 31 2023,Sedgwick,KS,Passenger,0,1,1,74,75,1.33
October 31 2024,Dallas,TX,Passenger,1,0,1,72,73,1.37
September 30 2022,Allen,IN,Passenger,1,0,1,18,19,5.26
September 30 2019,Okanogan,WA,Truck,0,0,0,16489,16489,0.00
May 31 2023,Okaloosa,FL,Passenger,0,2,2,107,109,1.83
December 31 2021,Carroll,MD,Passenger,0,1,1,18,19,5.26
January 31 2025,Richmond,VA,Passenger,1,0,1,7,8,12.50
August 31 2019,Douglas,WA,Passenger,61,36,97,28165,28262,0.34
May 31 2018,Lewis,WA,Passenger,78,56,134,57571,57705,0.23
March 31 2019,Montgomery,AL,Passenger,1,1,2,43,45,4.44
February 28 2017,Franklin,MA,Passenger,0,1,1,4,5,20.00
February 28 2022,King,WA,Truck,22,1,23,182226,182249,0.01
May 31 2022,Harford,MD,Passenger,1,1,2,57,59,3.39
May 31 2023,Collin,TX,Passenger,5,0,5,79,84,5.95
December 31 2024,Snohomish,WA,Passenger,22454,4558,27012,523120,550132,4.91
July 31 2021,Botetourt,VA,Passenger,1,0,1,0,1,100.00
August 31 2018,Washington,OR,Passenger,0,1,1,495,496,0.20
October 31 2018,Virginia Beach,VA,Passenger,2,1,3,697,700,0.43
March 31 2023,Williamson,TN,Passenger,0,1,1,17,18,5.56
January 31 2018,Essex,MA,Passenger,1,0,1,25,26,3.85
January 31 2019,Honolulu,HI,Passenger,1,3,4,534,538,0.74
February 28 2019,Middlesex,MA,Passenger,1,0,1,118,119,0.84
April 30 2018,Clark,WA,Passenger,943,657,1600,306329,307929,0.52
April 30 2017,Muscogee,GA,Passenger,0,1,1,247,248,0.40
July 31 2023,Yakima,WA,Truck,13,0,13,60980,60993,0.02
October 31 2022,Klickitat,WA,Passenger,113,52,165,15053,15218,1.08
May 31 2025,Providence,RI,Passenger,1,0,1,16,17,5.88
June 30 2017,Walla Walla,WA,Passenger,25,26,51,34829,34880,0.15
November 30 2023,Collier,FL,Passenger,1,0,1,16,17,5.88
October 31 2024,Ventura,CA,Passenger,3,2,5,215,220,2.27
November 30 2020,Santa Clara,CA,Passenger,10,2,12,313,325,3.69
September 30 2023,Bell,TX,Passenger,2,0,2,283,285,0.70
April 30 2022,Orange,NC,Passenger,1,0,1,10,11,9.09
February 28 2019,Island,WA,Passenger,294,232,526,63080,63606,0.83
August 31 2024,Richmond,VA,Passenger,1,0,1,11,12,8.33
September 30 2024,Williamson,TN,Passenger,0,1,1,8,9,11.11
February 29 2020,Kern,CA,Passenger,0,1,1,224,225,0.44
November 30 2024,Sacramento,CA,Passenger,1,0,1,148,149,0.67
August 31 2023,Pinal,AZ,Passenger,1,1,2,112,114,1.75
July 31 2020,Portsmouth,VA,Passenger,0,1,1,71,72,1.39
June 30 2019,Lincoln,WA,Passenger,2,8,10,7772,7782,0.13
April 30 2023,Newport News,VA,Passenger,1,0,1,120,121,0.83
January 31 2024,Prince William,VA,Passenger,0,4,4,149,153,2.61
October 31 2021,Rockingham,NH,Passenger,1,0,1,26,27,3.70
May 31 2020,Douglas,NE,Passenger,0,1,1,60,61,1.64
April 30 2017,Marin,CA,Passenger,1,0,1,62,63,1.59
June 30 2020,Cumberland,NC,Passenger,1,3,4,466,470,0.85
November 30 2017,Riverside,CA,Passenger,1,2,3,777,780,0.38
December 31 2019,Chelan,WA,Truck,0,0,0,22538,22538,0.00
August 31 2021,Fresno,CA,Passenger,2,0,2,191,193,1.04
September 30 2021,Missoula,MT,Passenger,1,0,1,63,64,1.56
May 31 2017,Kittitas,WA,Truck,0,0,0,13537,13537,0.00
February 28 2018,Los Angeles,CA,Passenger,4,4,8,1233,1241,0.64
February 28 2025,Grays Harbor,WA,Passenger,555,276,831,47534,48365,1.72
March 31 2020,Whatcom,WA,Truck,3,0,3,42998,43001,0.01
March 31 2020,Shasta,CA,Passenger,1,0,1,40,41,2.44
June 30 2017,District of Columbia,DC,Passenger,0,3,3,214,217,1.38
January 31 2023,Tarrant,TX,Passenger,2,0,2,130,132,1.52
February 28 2022,Sussex,NJ,Passenger,1,0,1,2,3,33.33
December 31 2020,Anne Arundel,MD,Passenger,1,1,2,398,400,0.50
February 29 2020,Moore,NC,Passenger,0,1,1,172,173,0.58
March 31 2019,Bexar,TX,Passenger,2,4,6,700,706,0.85
November 30 2021,St. Mary's,MD,Passenger,1,0,1,228,229,0.44
April 30 2022,Lake,IN,Passenger,0,1,1,10,11,9.09
February 28 2023,El Paso,TX,Passenger,2,0,2,360,362,0.55
October 31 2020,Fairfax,VA,Passenger,6,2,8,741,749,1.07
October 31 2017,Orange,FL,Passenger,1,1,2,157,159,1.26
March 31 2025,Hoke,NC,Passenger,1,0,1,62,63,1.59
July 31 2021,Clinton,PA,Passenger,1,0,1,0,1,100.00
February 28 2018,Santa Clara,CA,Passenger,7,1,8,406,414,1.93
June 30 2022,Jefferson,NY,Passenger,1,0,1,207,208,0.48
June 30 2023,Travis,TX,Passenger,3,4,7,116,123,5.69
October 31 2019,Sumter,FL,Passenger,0,1,1,9,10,10.00
December 31 2023,Jefferson,NY,Passenger,2,0,2,185,187,1.07
March 31 2023,Allegheny,PA,Passenger,1,0,1,70,71,1.41
May 31 2025,Island,WA,Truck,105,0,105,20144,20249,0.52
July 31 2018,San Juan,WA,Passenger,149,62,211,14107,14318,1.47
March 31 2024,Williamson,TN,Passenger,0,1,1,13,14,7.14
April 30 2020,Snohomish,WA,Passenger,4395,1751,6146,534801,540947,1.14
July 31 2024,Marin,CA,Truck,1,0,1,7,8,12.50
March 31 2022,El Paso,TX,Passenger,1,0,1,393,394,0.25
November 30 2024,Sarasota,FL,Passenger,1,0,1,20,21,4.76
April 30 2022,Hays,TX,Passenger,1,0,1,16,17,5.88
June 30 2021,Placer,CA,Passenger,2,0,2,93,95,2.11
February 29 2020,Kittitas,WA,Truck,0,0,0,14647,14647,0.00
March 31 2019,King,WA,Passenger,17668,6775,24443,1380187,1404630,1.74
April 30 2019,St. Clair,IL,Passenger,0,1,1,171,172,0.58
January 31 2021,San Joaquin,CA,Passenger,1,0,1,122,123,0.81
December 31 2024,Johnson,MO,Passenger,1,0,1,27,28,3.57
September 30 2020,DeKalb,IN,Passenger,1,0,1,1,2,50.00
March 31 2024,Prince George's,MD,Passenger,3,2,5,121,126,3.97
May 31 2025,Yakima,WA,Truck,42,0,42,58711,58753,0.07
May 31 2019,Chelan,WA,Passenger,153,67,220,54327,54547,0.40
October 31 2017,Kittitas,WA,Truck,0,0,0,13696,13696,0.00
June 30 2018,Whitman,WA,Truck,0,0,0,8496,8496,0.00
September 30 2024,Muscogee,GA,Passenger,2,2,4,100,104,3.85
March 31 2017,Wayne,MI,Passenger,0,1,1,72,73,1.37
August 31 2020,Shasta,CA,Passenger,1,0,1,37,38,2.63
May 31 2023,Kitsap,WA,Passenger,3130,1253,4383,175027,179410,2.44
July 31 2024,Stevens,WA,Truck,6,0,6,18696,18702,0.03
January 31 2019,Goochland,VA,Passenger,0,1,1,253,254,0.39
August 31 2023,Solano,CA,Passenger,4,1,5,157,162,3.09
September 30 2023,Wichita,TX,Passenger,1,0,1,36,37,2.70
March 31 2023,Franklin,WA,Passenger,283,130,413,61775,62188,0.66
May 31 2025,St. Clair,IL,Passenger,0,1,1,100,101,0.99
October 31 2022,San Juan,WA,Passenger,547,166,713,13958,14671,4.86
August 31 2024,Spokane,WA,Truck,136,0,136,101249,101385,0.13
November 30 2023,Pacific,WA,Truck,5,0,5,7814,7819,0.06
February 28 2019,Mason,WA,Passenger,109,114,223,46645,46868,0.48
April 30 2020,Camden,NJ,Passenger,0,2,2,19,21,9.52
January 31 2019,Williamson,TX,Passenger,0,1,1,173,174,0.57
September 30 2018,Orange,FL,Passenger,2,1,3,177,180,1.67
March 31 2023,Plaquemines,LA,Passenger,1,1,2,18,20,10.00
November 30 2017,Thurston,WA,Truck,0,0,0,53644,53644,0.00
June 30 2019,Kittitas,WA,Passenger,81,38,119,29595,29714,0.40
January 31 2022,Eagle,CO,Passenger,1,0,1,6,7,14.29
August 31 2017,San Juan,WA,Passenger,113,39,152,13640,13792,1.10
December 31 2020,El Paso,TX,Passenger,2,0,2,410,412,0.49
May 31 2023,Franklin,WA,Truck,4,0,4,20828,20832,0.02
June 30 2020,Spokane,WA,Truck,1,0,1,98250,98251,0.00
February 28 2025,Williamson,TN,Passenger,0,1,1,6,7,14.29
January 31 2020,Pueblo,CO,Passenger,1,0,1,31,32,3.12
June 30 2021,Kern,CA,Passenger,0,1,1,212,213,0.47
May 31 2021,Goochland,VA,Passenger,4,2,6,275,281,2.14
November 30 2019,Jefferson,WA,Passenger,212,133,345,25152,25497,1.35
January 31 2017,Cascade,MT,Passenger,0,1,1,68,69,1.45
October 31 2021,Stevens,WA,Truck,0,0,0,18861,18861,0.00
January 31 2019,Saratoga,NY,Passenger,1,0,1,62,63,1.59
December 31 2020,Cameron,TX,Passenger,1,0,1,25,26,3.85
June 30 2023,Charleston,SC,Passenger,0,2,2,66,68,2.94
May 31 2022,Harrison,MS,Passenger,2,0,2,57,59,3.39
June 30 2017,Nantucket,MA,Passenger,1,0,1,3,4,25.00
January 31 2018,Salt Lake,UT,Passenger,1,0,1,251,252,0.40
June 30 2021,Skamania,WA,Truck,0,0,0,4027,4027,0.00
June 30 2022,Coryell,TX,Passenger,1,0,1,102,103,0.97
February 29 2024,Fairfax,VA,Truck,1,0,1,87,88,1.14
March 31 2025,Beaufort,SC,Passenger,1,0,1,20,21,4.76
July 31 2018,Snohomish,WA,Truck,1,0,1,121645,121646,0.00
March 31 2024,Cumberland,PA,Passenger,1,0,1,49,50,2.00
August 31 2019,Okanogan,WA,Truck,0,0,0,16470,16470,0.00
July 31 2020,Alexandria,VA,Passenger,2,0,2,136,138,1.45
August 31 2024,San Juan,WA,Passenger,773,223,996,13577,14573,6.83
May 31 2023,St. Louis,MN,Passenger,0,1,1,8,9,11.11
April 30 2022,Island,WA,Passenger,777,364,1141,61704,62845,1.82
March 31 2021,Stevens,WA,Passenger,38,43,81,30271,30352,0.27
November 30 2018,Whatcom,WA,Truck,2,0,2,42635,42637,0.00
April 30 2018,Stevens,WA,Passenger,10,24,34,31566,31600,0.11
October 31 2019,Howard,MD,Passenger,0,1,1,85,86,1.16
December 31 2024,Ada,ID,Passenger,2,0,2,115,117,1.71
March 31 2022,Clark,WA,Truck,2,0,2,83366,83368,0.00
August 31 2021,Burlington,NJ,Passenger,0,1,1,120,121,0.83
March 31 2019,Pierce,WA,Truck,0,0,0,138917,138917,0.00
October 31 2023,Washoe,NV,Passenger,4,0,4,64,68,5.88
May 31 2019,Skamania,WA,Passenger,23,17,40,8711,8751,0.46
February 28 2025,Prince George's,MD,Passenger,4,2,6,102,108,5.56
April 30 2019,Kent,MI,Passenger,0,1,1,27,28,3.57
March 31 2025,Jefferson,WA,Truck,38,0,38,8975,9013,0.42
February 29 2024,Pinellas,FL,Passenger,1,0,1,59,60,1.67
January 31 2019,Madison,ID,Passenger,1,0,1,34,35,2.86
October 31 2021,Adams,WA,Truck,0,0,0,5405,5405,0.00
October 31 2019,Travis,TX,Passenger,5,1,6,223,229,2.62
January 31 2019,Benton,WA,Truck,0,0,0,41600,41600,0.00
October 31 2022,Wilson,TX,Passenger,0,1,1,3,4,25.00
February 28 2019,Franklin,WA,Truck,0,0,0,19105,19105,0.00
October 31 2018,Island,WA,Truck,0,0,0,21098,21098,0.00
April 30 2019,Calvert,MD,Passenger,0,2,2,85,87,2.30
March 31 2024,Thurston,WA,Passenger,4100,1484,5584,188823,194407,2.87
January 31 2020,Clackamas,OR,Passenger,2,1,3,233,236,1.27
May 31 2025,Calvert,MD,Passenger,0,1,1,58,59,1.69
February 28 2022,Charles,MD,Passenger,0,1,1,69,70,1.43
May 31 2019,Arlington,VA,Passenger,1,2,3,165,168,1.79
June 30 2021,Multnomah,OR,Passenger,3,5,8,733,741,1.08
October 31 2023,Mohave,AZ,Passenger,1,0,1,53,54,1.85
September 30 2017,Allegheny,PA,Passenger,1,0,1,90,91,1.10
November 30 2023,Hoke,NC,Passenger,1,0,1,76,77,1.30
November 30 2024,Charlottesville,VA,Passenger,0,2,2,5,7,28.57
October 31 2023,Montgomery,TX,Passenger,1,0,1,32,33,3.03
October 31 2019,Adams,WA,Passenger,6,6,12,12896,12908,0.09
October 31 2024,Grays Harbor,WA,Truck,26,0,26,20707,20733,0.13
April 30 2025,San Luis Obispo,CA,Passenger,0,1,1,36,37,2.70
January 31 2020,Franklin,WA,Passenger,57,75,132,61047,61179,0.22
February 28 2022,Skamania,WA,Passenger,59,45,104,8285,8389,1.24
November 30 2024,Williamsburg,VA,Passenger,0,1,1,3,4,25.00
November 30 2023,Ventura,CA,Passenger,4,2,6,246,252,2.38
October 31 2023,Newport,RI,Passenger,0,2,2,56,58,3.45
July 31 2022,Howard,IN,Passenger,0,1,1,4,5,20.00
August 31 2020,Okanogan,WA,Truck,0,0,0,16528,16528,0.00
March 31 2020,Virginia Beach,VA,Passenger,1,0,1,690,691,0.14
October 31 2019,Chelan,WA,Passenger,191,76,267,54636,54903,0.49
October 31 2019,Clark,WA,Passenger,1781,1017,2798,316743,319541,0.88
October 31 2024,Asotin,WA,Truck,3,0,3,6569,6572,0.05
April 30 2022,Newport,RI,Passenger,0,1,1,74,75,1.33
May 31 2022,Prince George's,MD,Passenger,2,1,3,147,150,2.00
April 30 2019,Mason,WA,Truck,0,0,0,20308,20308,0.00
May 31 2024,Asotin,WA,Truck,3,0,3,6572,6575,0.05
July 31 2022,Burlington,NJ,Passenger,0,2,2,103,105,1.90
September 30 2019,Jefferson,NY,Passenger,0,1,1,210,211,0.47
February 29 2024,Garfield,WA,Truck,0,0,0,977,977,0.00
August 31 2018,Garfield,OK,Passenger,1,0,1,18,19,5.26
March 31 2024,Cumberland,NC,Passenger,3,3,6,328,334,1.80
March 31 2018,Okaloosa,FL,Passenger,1,0,1,176,177,0.56
May 31 2025,Douglas,CO,Passenger,0,1,1,35,36,2.78
December 31 2019,Garfield,WA,Truck,0,0,0,967,967,0.00
March 31 2025,Orange,FL,Passenger,4,1,5,45,50,10.00
September 30 2021,Fairfax,VA,Passenger,6,4,10,728,738,1.36
May 31 2024,Forsyth,GA,Passenger,1,0,1,11,12,8.33
December 31 2019,Greene,MO,Passenger,0,1,1,36,37,2.70
April 30 2022,Washoe,NV,Passenger,1,0,1,87,88,1.14
October 31 2022,Chatham,NC,Passenger,1,0,1,7,8,12.50
October 31 2018,Morris,NJ,Passenger,1,0,1,17,18,5.56
November 30 2018,Lewis,WA,Passenger,89,73,162,58205,58367,0.28
May 31 2023,Milwaukee,WI,Passenger,1,0,1,40,41,2.44
March 31 2018,Franklin,WA,Truck,0,0,0,18609,18609,0.00
May 31 2024,San Luis Obispo,CA,Passenger,0,1,1,44,45,2.22
February 29 2020,Collier,FL,Passenger,1,0,1,24,25,4.00
September 30 2017,Maricopa,AZ,Passenger,1,1,2,1771,1773,0.11
December 31 2024,St. Louis,MO,Passenger,1,0,1,36,37,2.70
May 31 2023,Montgomery,TX,Passenger,1,0,1,34,35,2.86
January 31 2023,Monterey,CA,Passenger,1,4,5,146,151,3.31
July 31 2020,Collier,FL,Passenger,1,0,1,27,28,3.57
May 31 2021,Jefferson,WA,Truck,0,0,0,9607,9607,0.00
May 31 2018,Broward,FL,Passenger,1,1,2,133,135,1.48
September 30 2024,Hennepin,MN,Passenger,1,0,1,39,40,2.50
June 30 2024,Autauga,AL,Passenger,2,2,4,12,16,25.00
July 31 2023,New Haven,CT,Passenger,0,2,2,27,29,6.90
June 30 2019,Pacific,WA,Passenger,25,29,54,15962,16016,0.34
May 31 2022,Deschutes,OR,Passenger,2,0,2,121,123,1.63
August 31 2024,Santa Clara,CA,Passenger,23,8,31,200,231,13.42
December 31 2023,New York,NY,Passenger,3,0,3,40,43,6.98
January 31 2024,Boulder,CO,Passenger,1,0,1,27,28,3.57
October 31 2022,Pacific,WA,Passenger,68,74,142,15690,15832,0.90
March 31 2023,Sonoma,CA,Passenger,3,1,4,79,83,4.82
June 30 2024,Howard,MD,Passenger,0,2,2,56,58,3.45
December 31 2020,Penobscot,ME,Passenger,0,2,2,11,13,15.38
May 31 2023,Chesapeake,VA,Passenger,2,1,3,333,336,0.89
November 30 2024,San Mateo,CA,Passenger,4,1,5,68,73,6.85
November 30 2022,Cumberland,PA,Passenger,1,0,1,56,57,1.75
July 31 2022,Sarasota,FL,Passenger,2,0,2,42,44,4.55
February 28 2021,Pierce,WA,Truck,0,0,0,144801,144801,0.00
March 31 2018,Mason,WA,Passenger,68,80,148,45191,45339,0.33
November 30 2024,Baltimore,MD,Passenger,1,0,1,65,66,1.52
July 31 2024,Gwinnett,GA,Passenger,1,0,1,49,50,2.00
April 30 2023,District of Columbia,DC,Truck,1,0,1,17,18,5.56
August 31 2019,Maui,HI,Passenger,2,0,2,45,47,4.26
January 31 2022,Collier,FL,Passenger,1,0,1,22,23,4.35
September 30 2018,Kittitas,WA,Truck,0,0,0,14103,14103,0.00
August 31 2024,Kootenai,ID,Truck,1,0,1,21,22,4.55
August 31 2024,Lincoln,WA,Passenger,31,29,60,7554,7614,0.79
March 31 2025,Newport,RI,Passenger,0,2,2,40,42,4.76
February 28 2025,Weld,CO,Passenger,1,0,1,15,16,6.25
April 30 2021,Tulsa,OK,Passenger,1,0,1,57,58,1.72
June 30 2018,Jefferson,CO,Passenger,0,1,1,63,64,1.56
October 31 2020,Tulsa,OK,Passenger,1,0,1,56,57,1.75
December 31 2023,Fulton,GA,Passenger,1,1,2,74,76,2.63
January 31 2019,Lake,CA,Passenger,0,1,1,12,13,7.69
October 31 2023,Bristol,MA,Passenger,1,0,1,7,8,12.50
April 30 2017,Tarrant,TX,Passenger,0,2,2,280,282,0.71
February 29 2020,Pacific,WA,Truck,0,0,0,7737,7737,0.00
November 30 2022,Thurston,WA,Passenger,2546,1110,3656,191482,195138,1.87
April 30 2021,Loudoun,VA,Passenger,1,0,1,76,77,1.30
January 31 2019,DuPage,IL,Passenger,1,0,1,63,64,1.56
September 30 2018,San Juan,WA,Truck,0,0,0,5755,5755,0.00
May 31 2025,Skagit,WA,Truck,90,0,90,30592,30682,0.29
November 30 2021,Davidson,TN,Passenger,1,0,1,71,72,1.39
May 31 2025,Pierce,WA,Truck,652,0,652,128793,129445,0.50
March 31 2020,Kootenai,ID,Passenger,1,2,3,239,242,1.24
October 31 2022,Carroll,NH,Passenger,0,1,1,3,4,25.00
March 31 2022,Lake,FL,Passenger,1,0,1,26,27,3.70
August 31 2024,Weld,CO,Passenger,1,0,1,15,16,6.25
March 31 2024,Middlesex,NJ,Passenger,1,0,1,21,22,4.55
October 31 2022,Santa Cruz,AZ,Passenger,1,0,1,6,7,14.29
September 30 2023,Santa Cruz,AZ,Passenger,1,0,1,5,6,16.67
May 31 2025,Dallas,TX,Truck,1,0,1,12,13,7.69
July 31 2020,Ramsey,MN,Passenger,1,0,1,46,47,2.13
April 30 2022,Currituck,NC,Passenger,1,0,1,24,25,4.00
February 29 2020,Asotin,WA,Truck,0,0,0,6693,6693,0.00
May 31 2021,Anne Arundel,MD,Passenger,2,1,3,398,401,0.75
June 30 2024,Essex,MA,Passenger,1,0,1,13,14,7.14
March 31 2024,El Paso,CO,Truck,1,0,1,144,145,0.69
May 31 2017,San Mateo,CA,Passenger,0,1,1,160,161,0.62
May 31 2021,Newport,RI,Passenger,0,1,1,74,75,1.33
April 30 2024,Douglas,WA,Passenger,276,90,366,28964,29330,1.25
July 31 2018,Franklin,WA,Passenger,38,66,104,58145,58249,0.18
November 30 2021,Chelan,WA,Truck,0,0,0,23068,23068,0.00
June 30 2018,Lewis,WA,Passenger,80,61,141,57686,57827,0.24
May 31 2018,Mason,WA,Truck,0,0,0,19867,19867,0.00
February 28 2018,Franklin,WA,Passenger,32,51,83,56981,57064,0.15
March 31 2023,Maricopa,AZ,Passenger,19,5,24,1055,1079,2.22
August 31 2024,Chatham,NC,Passenger,1,0,1,4,5,20.00
December 31 2022,Ventura,CA,Passenger,3,2,5,263,268,1.87
April 30 2019,New Haven,CT,Passenger,0,2,2,49,51,3.92
January 31 2022,Ventura,CA,Passenger,2,2,4,284,288,1.39
March 31 2017,Clackamas,OR,Passenger,1,2,3,345,348,0.86
August 31 2024,Santa Cruz,AZ,Passenger,1,0,1,4,5,20.00
May 31 2024,San Juan,WA,Truck,33,0,33,5887,5920,0.56
May 31 2017,Franklin,OH,Passenger,0,1,1,125,126,0.79
March 31 2020,Shelby,TN,Passenger,0,1,1,95,96,1.04
May 31 2018,Kent,MI,Passenger,0,1,1,32,33,3.03
October 31 2017,Volusia,FL,Passenger,0,1,1,41,42,2.38
March 31 2024,Weld,CO,Passenger,1,0,1,17,18,5.56
December 31 2021,Thurston,WA,Passenger,1863,964,2827,196047,198874,1.42
April 30 2018,Whitman,WA,Passenger,20,24,44,22548,22592,0.19
September 30 2023,Los Angeles,CA,Passenger,11,4,15,739,754,1.99
April 30 2020,Boone,MO,Passenger,0,1,1,12,13,7.69
February 28 2021,Benton,WA,Passenger,458,365,823,134941,135764,0.61
July 31 2020,Pacific,WA,Truck,0,0,0,7706,7706,0.00
March 31 2025,Chesapeake,VA,Passenger,2,0,2,235,237,0.84
September 30 2024,Ferry,WA,Truck,0,0,0,3440,3440,0.00
June 30 2018,Madison,ID,Passenger,1,0,1,37,38,2.63
October 31 2017,Asotin,WA,Truck,0,0,0,6518,6518,0.00
April 30 2018,San Juan,WA,Truck,0,0,0,5692,5692,0.00
November 30 2020,Salt Lake,UT,Passenger,1,1,2,201,203,0.99
July 31 2017,Lewis,WA,Passenger,52,38,90,55564,55654,0.16
January 31 2025,Wahkiakum,WA,Passenger,49,28,77,3009,3086,2.50
August 31 2020,Douglas,WA,Passenger,77,41,118,27993,28111,0.42
November 30 2023,Adams,WA,Passenger,28,15,43,13068,13111,0.33
October 31 2017,Grays Harbor,WA,Truck,0,0,0,20002,20002,0.00
August 31 2020,Clallam,WA,Truck,1,0,1,21699,21700,0.00
October 31 2024,San Juan,WA,Truck,37,0,37,5887,5924,0.62
March 31 2025,Cowlitz,WA,Passenger,870,333,1203,69479,70682,1.70
February 28 2019,Skagit,WA,Passenger,279,187,466,91172,91638,0.51
June 30 2021,Collier,FL,Passenger,1,0,1,25,26,3.85
August 31 2021,Stevens,WA,Passenger,48,44,92,30223,30315,0.30
December 31 2018,Dale,AL,Passenger,0,1,1,56,57,1.75
July 31 2024,El Dorado,CA,Passenger,2,0,2,20,22,9.09
March 31 2020,Pierce,WA,Truck,0,0,0,141461,141461,0.00
November 30 2024,Orange,CA,Passenger,5,2,7,319,326,2.15
April 30 2022,Okanogan,WA,Passenger,76,48,124,26417,26541,0.47
December 31 2019,Vigo,IN,Passenger,1,0,1,6,7,14.29
August 31 2018,Hamilton,IN,Passenger,1,0,1,46,47,2.13
September 30 2021,Grant,WA,Truck,0,0,0,27976,27976,0.00
December 31 2023,Laramie,WY,Passenger,1,0,1,32,33,3.03
December 31 2017,Lewis,WA,Passenger,54,42,96,56574,56670,0.17
February 28 2021,Pulaski,MO,Passenger,1,0,1,142,143,0.70
May 31 2022,Lake,IL,Passenger,5,0,5,151,156,3.21
February 28 2021,Kootenai,ID,Passenger,0,1,1,224,225,0.44
May 31 2023,Mohave,AZ,Passenger,1,0,1,54,55,1.82
June 30 2020,Snohomish,WA,Truck,0,0,0,123864,123864,0.00
December 31 2023,Lincoln,OR,Passenger,1,0,1,25,26,3.85
January 31 2018,Clark,NV,Passenger,2,3,5,804,809,0.62
November 30 2019,Clay,FL,Passenger,0,1,1,95,96,1.04
September 30 2022,Kitsap,WA,Truck,23,0,23,52995,53018,0.04
March 31 2019,Fulton,GA,Passenger,1,3,4,114,118,3.39
February 28 2019,Collin,TX,Passenger,1,1,2,159,161,1.24
November 30 2019,Alameda,CA,Passenger,4,1,5,308,313,1.60
September 30 2020,Fulton,GA,Passenger,1,3,4,104,108,3.70
December 31 2022,Collier,FL,Passenger,1,0,1,19,20,5.00
January 31 2021,Douglas,WA,Passenger,84,46,130,28187,28317,0.46
February 28 2022,Jefferson,WA,Passenger,393,204,597,24632,25229,2.37
June 30 2021,San Juan,WA,Truck,0,0,0,5933,5933,0.00
May 31 2018,Yakima,WA,Truck,0,0,0,58325,58325,0.00
April 30 2023,Hennepin,MN,Passenger,1,0,1,63,64,1.56
March 31 2024,Texas,MO,Passenger,1,0,1,2,3,33.33
September 30 2020,Lincoln,WA,Truck,0,0,0,4633,4633,0.00
May 31 2018,St. Clair,IL,Passenger,0,1,1,162,163,0.61
October 31 2022,Los Angeles,CA,Passenger,7,6,13,874,887,1.47
July 31 2017,Juneau,AK,Passenger,0,1,1,48,49,2.04
February 29 2024,Stevens,WA,Truck,3,0,3,18674,18677,0.02
December 31 2022,Pacific,WA,Truck,2,0,2,7821,7823,0.03
August 31 2021,DeKalb,GA,Passenger,1,0,1,71,72,1.39
February 28 2025,Cumberland,NC,Passenger,3,2,5,290,295,1.69
October 31 2022,Hennepin,MN,Passenger,1,0,1,70,71,1.41
August 31 2024,Utah,UT,Passenger,1,0,1,78,79,1.27
February 28 2017,Saratoga,NY,Passenger,1,1,2,78,80,2.50
January 31 2024,Fredericksburg,VA,Passenger,1,0,1,5,6,16.67
December 31 2018,Clay,FL,Passenger,0,1,1,93,94,1.06
March 31 2019,Lincoln,WA,Truck,0,0,0,4680,4680,0.00
December 31 2022,Asotin,WA,Truck,0,0,0,6646,6646,0.00
June 30 2017,Orleans,LA,Passenger,0,1,1,47,48,2.08
April 30 2025,Adams,WA,Passenger,60,22,82,13197,13279,0.62
March 31 2018,Columbia,WA,Truck,0,0,0,1532,1532,0.00
April 30 2020,Juneau,AK,Passenger,0,2,2,36,38,5.26
February 28 2018,Sedgwick,KS,Passenger,0,1,1,109,110,0.91
January 31 2021,Thurston,WA,Passenger,1350,794,2144,196973,199117,1.08
March 31 2023,Columbia,WA,Passenger,8,1,9,2404,2413,0.37
February 29 2020,Yakima,WA,Passenger,122,116,238,165875,166113,0.14
April 30 2025,Asotin,WA,Truck,5,0,5,6489,6494,0.08
March 31 2020,Benton,WA,Passenger,343,322,665,135073,135738,0.49
July 31 2022,Ferry,WA,Passenger,21,4,25,4365,4390,0.57
January 31 2023,Jefferson,NY,Passenger,2,0,2,208,210,0.95
July 31 2024,Williamson,TX,Passenger,2,0,2,66,68,2.94
November 30 2021,Mason,WA,Passenger,254,155,409,47731,48140,0.85
February 28 2025,Cook,IL,Passenger,1,2,3,165,168,1.79
February 28 2022,Charleston,SC,Passenger,1,1,2,82,84,2.38
October 31 2024,Hamilton,IN,Passenger,1,0,1,22,23,4.35
July 31 2023,Johnson,MO,Passenger,1,0,1,23,24,4.17
November 30 2022,Contra Costa,CA,Passenger,1,2,3,208,211,1.42
November 30 2021,Queens,NY,Passenger,1,0,1,55,56,1.79
March 31 2023,Harford,MD,Passenger,1,1,2,50,52,3.85
January 31 2017,Cobb,GA,Passenger,0,1,1,87,88,1.14
January 31 2020,Harford,MD,Passenger,0,1,1,64,65,1.54
February 28 2025,Montgomery,MD,Passenger,7,1,8,167,175,4.57
October 31 2021,Greene,MO,Passenger,0,1,1,37,38,2.63
October 31 2023,Currituck,NC,Passenger,1,0,1,22,23,4.35
March 31 2023,Fairbanks North Star,AK,Passenger,0,1,1,71,72,1.39
June 30 2019,Columbia,WA,Passenger,2,2,4,2451,2455,0.16
March 31 2021,Sussex,NJ,Passenger,1,0,1,2,3,33.33
July 31 2023,Santa Cruz,CA,Passenger,1,0,1,25,26,3.85
April 30 2023,Middlesex,NJ,Passenger,1,0,1,23,24,4.17
October 31 2022,Whatcom,WA,Passenger,1992,782,2774,148337,151111,1.84
June 30 2020,Klickitat,WA,Passenger,52,41,93,15166,15259,0.61
March 31 2021,Skamania,WA,Passenger,38,25,63,8296,8359,0.75
March 31 2019,Monterey,CA,Passenger,0,2,2,197,199,1.01
December 31 2021,Klickitat,WA,Passenger,89,54,143,15316,15459,0.93
July 31 2024,Johnson,MO,Passenger,1,0,1,27,28,3.57
July 31 2019,Flathead,MT,Passenger,1,0,1,73,74,1.35
April 30 2023,Prince George's,MD,Passenger,2,2,4,137,141,2.84
July 31 2019,Pierce,WA,Passenger,1876,1569,3445,543867,547312,0.63
February 28 2023,Douglas,WA,Truck,6,0,6,12870,12876,0.05
August 31 2019,Deschutes,OR,Passenger,3,0,3,172,175,1.71
October 31 2019,Whitman,WA,Passenger,38,45,83,22687,22770,0.36
June 30 2023,Leavenworth,KS,Passenger,1,2,3,89,92,3.26
September 30 2023,Whatcom,WA,Passenger,2732,964,3696,147679,151375,2.44
April 30 2021,Douglas,NE,Passenger,1,1,2,58,60,3.33
May 31 2025,Nueces,TX,Passenger,2,0,2,44,46,4.35
February 28 2025,Snohomish,WA,Truck,671,0,671,118685,119356,0.56
January 31 2025,King,WA,Truck,2299,1,2300,168733,171033,1.34
February 29 2020,Pima,AZ,Passenger,3,1,4,411,415,0.96
January 31 2021,,,Passenger,5,1,6,394,400,1.50
February 28 2025,District of Columbia,DC,Truck,1,0,1,13,14,7.14
October 31 2017,Santa Rosa,FL,Passenger,1,0,1,110,111,0.90
October 31 2018,Kootenai,ID,Passenger,1,2,3,225,228,1.32
November 30 2018,Mecklenburg,NC,Passenger,1,0,1,86,87,1.15
September 30 2022,Adams,WA,Truck,1,0,1,5418,5419,0.02
February 28 2025,Spokane,WA,Truck,210,0,210,100681,100891,0.21
October 31 2022,Spokane,WA,Truck,14,0,14,101602,101616,0.01
March 31 2024,Grays Harbor,WA,Passenger,407,226,633,47815,48448,1.31
July 31 2021,Powhatan,VA,Passenger,1,0,1,1,2,50.00
December 31 2019,Clark,WA,Truck,0,0,0,81271,81271,0.00
September 30 2021,Clark,NV,Passenger,6,3,9,709,718,1.25
May 31 2018,Snohomish,WA,Passenger,2278,1222,3500,519810,523310,0.67
July 31 2023,Broward,FL,Passenger,1,0,1,68,69,1.45
November 30 2024,Stafford,VA,Passenger,3,0,3,61,64,4.69
December 31 2020,St. Mary's,MD,Passenger,1,0,1,228,229,0.44
June 30 2023,Clallam,WA,Passenger,548,286,834,48952,49786,1.68
April 30 2022,Cameron,TX,Passenger,1,0,1,25,26,3.85
February 29 2020,Suffolk,VA,Passenger,1,0,1,127,128,0.78
March 31 2024,Montgomery,MD,Passenger,6,1,7,193,200,3.50
October 31 2023,Rockdale,GA,Passenger,1,0,1,8,9,11.11
February 28 2019,Pierce,WA,Passenger,1611,1428,3039,538472,541511,0.56
September 30 2024,El Paso,CO,Truck,1,0,1,132,133,0.75
November 30 2021,Alexandria,VA,Passenger,3,0,3,127,130,2.31
March 31 2018,Skagit,WA,Passenger,174,154,328,89858,90186,0.36
December 31 2017,Whatcom,WA,Truck,1,0,1,42002,42003,0.00
August 31 2024,Brevard,FL,Passenger,1,0,1,58,59,1.69
January 31 2018,Dale,AL,Passenger,0,1,1,65,66,1.52
December 31 2019,Adams,WA,Truck,0,0,0,5190,5190,0.00
July 31 2019,Hawaii,HI,Passenger,1,0,1,68,69,1.45
September 30 2018,Grays Harbor,WA,Truck,0,0,0,20298,20298,0.00
August 31 2017,Dale,AL,Passenger,0,1,1,62,63,1.59
July 31 2022,Charleston,SC,Passenger,1,2,3,73,76,3.95
June 30 2021,Alexandria,VA,Passenger,3,0,3,127,130,2.31
December 31 2024,Norfolk,VA,Passenger,0,1,1,222,223,0.45
April 30 2020,Norfolk,VA,Passenger,2,2,4,333,337,1.19
February 28 2022,RÃ­o Grande,PR,Passenger,1,0,1,0,1,100.00
January 31 2017,Lewis,WA,Passenger,43,32,75,54953,55028,0.14
March 31 2025,Pierce,WA,Passenger,14441,4289,18730,513982,532712,3.52
October 31 2022,Kittitas,WA,Passenger,290,95,385,29514,29899,1.29
December 31 2021,Douglas,WA,Passenger,115,56,171,28590,28761,0.59
July 31 2020,Skamania,WA,Truck,0,0,0,4032,4032,0.00
July 31 2023,San Bernardino,CA,Passenger,3,1,4,365,369,1.08
February 29 2020,DeKalb,GA,Passenger,1,0,1,91,92,1.09
August 31 2024,Grays Harbor,WA,Passenger,475,254,729,47781,48510,1.50
February 29 2024,Sacramento,CA,Truck,1,0,1,31,32,3.12
May 31 2017,Howard,MD,Passenger,0,2,2,91,93,2.15
October 31 2023,Greene,OH,Passenger,2,0,2,23,25,8.00
November 30 2022,Frederick,MD,Passenger,1,0,1,62,63,1.59
August 31 2023,Churchill,NV,Passenger,0,1,1,42,43,2.33
May 31 2019,Bucks,PA,Passenger,1,0,1,23,24,4.17
December 31 2023,El Paso,CO,Passenger,6,7,13,537,550,2.36
December 31 2017,Clark,WA,Truck,0,0,0,78337,78337,0.00
March 31 2021,Philadelphia,PA,Passenger,1,0,1,67,68,1.47
June 30 2024,Charles,MD,Passenger,1,1,2,53,55,3.64
June 30 2021,Goochland,VA,Passenger,4,2,6,267,273,2.20
January 31 2025,Maricopa,AZ,Passenger,8,1,9,630,639,1.41
December 31 2021,Pacific,WA,Passenger,51,64,115,16037,16152,0.71
May 31 2020,Polk,FL,Passenger,1,0,1,83,84,1.19
July 31 2019,El Paso,TX,Passenger,2,0,2,483,485,0.41
May 31 2023,Fresno,CA,Passenger,1,0,1,160,161,0.62
August 31 2023,Franklin,OH,Passenger,1,0,1,61,62,1.61
May 31 2023,Portsmouth,VA,Passenger,0,1,1,66,67,1.49
September 30 2021,Eagle,CO,Passenger,1,0,1,8,9,11.11
April 30 2023,King,WA,Passenger,53732,13739,67471,1318015,1385486,4.87
May 31 2017,Orleans,LA,Passenger,0,1,1,49,50,2.00
October 31 2021,Richmond,NY,Passenger,1,0,1,3,4,25.00
August 31 2017,Wahkiakum,WA,Passenger,0,2,2,2836,2838,0.07
January 31 2018,Franklin,OH,Passenger,0,1,1,111,112,0.89
June 30 2017,Moore,NC,Passenger,0,1,1,198,199,0.50
November 30 2017,Chelan,WA,Passenger,83,36,119,52826,52945,0.22
June 30 2019,Shelby,OH,Passenger,0,1,1,2,3,33.33
May 31 2024,Charleston,SC,Passenger,0,2,2,60,62,3.23
November 30 2023,Larimer,CO,Passenger,1,0,1,37,38,2.63
December 31 2021,Columbia,GA,Passenger,0,1,1,112,113,0.88
January 31 2023,Anchorage,AK,Passenger,1,0,1,138,139,0.72
November 30 2023,Jefferson,WA,Truck,14,0,14,9262,9276,0.15
December 31 2023,Ulster,NY,Passenger,1,0,1,8,9,11.11
December 31 2021,New York,NY,Passenger,4,0,4,51,55,7.27
October 31 2020,Sumter,FL,Passenger,0,1,1,10,11,9.09
August 31 2023,Marion,OR,Passenger,1,0,1,85,86,1.16
December 31 2021,Wichita,TX,Passenger,1,0,1,45,46,2.17
October 31 2019,Ventura,CA,Passenger,0,2,2,325,327,0.61
March 31 2023,Prince George,VA,Passenger,1,0,1,58,59,1.69
November 30 2019,Solano,CA,Passenger,1,0,1,214,215,0.47
February 28 2025,Virginia Beach,VA,Passenger,5,2,7,404,411,1.70
January 31 2022,Thurston,WA,Truck,3,0,3,55749,55752,0.01
September 30 2019,Boone,MO,Passenger,0,1,1,10,11,9.09
January 31 2020,Carroll,NH,Passenger,0,1,1,3,4,25.00
May 31 2019,Klickitat,WA,Passenger,34,33,67,15542,15609,0.43
August 31 2017,Chelan,WA,Passenger,72,36,108,52303,52411,0.21
October 31 2018,Contra Costa,CA,Passenger,0,2,2,408,410,0.49
October 31 2024,Ferry,WA,Passenger,29,4,33,4216,4249,0.78
December 31 2021,Suffolk,MA,Passenger,1,2,3,35,38,7.89
August 31 2023,Larimer,CO,Passenger,1,0,1,44,45,2.22
May 31 2018,Whitman,WA,Truck,0,0,0,8473,8473,0.00
October 31 2018,Rogers,OK,Passenger,1,0,1,9,10,10.00
November 30 2017,Mercer,NJ,Passenger,0,1,1,15,16,6.25
May 31 2019,Klickitat,WA,Truck,0,0,0,8224,8224,0.00
November 30 2021,Franklin,WA,Truck,0,0,0,20759,20759,0.00
September 30 2024,New York,NY,Passenger,4,0,4,30,34,11.76
December 31 2023,Horry,SC,Passenger,1,0,1,17,18,5.56
November 30 2022,Cumberland,NC,Passenger,1,4,5,379,384,1.30
February 28 2021,Bexar,TX,Passenger,3,5,8,610,618,1.29
January 31 2023,Broward,FL,Passenger,1,0,1,75,76,1.32
December 31 2022,Thurston,WA,Truck,38,0,38,54458,54496,0.07
July 31 2021,Lincoln,WA,Truck,0,0,0,4754,4754,0.00
February 28 2022,Collin,TX,Passenger,5,0,5,123,128,3.91
June 30 2024,Loudoun,VA,Passenger,2,1,3,56,59,5.08
September 30 2019,San Diego,CA,Passenger,12,4,16,2753,2769,0.58
September 30 2022,Harris,TX,Passenger,1,1,2,200,202,0.99
September 30 2017,Salt Lake,UT,Passenger,1,0,1,263,264,0.38
September 30 2022,Currituck,NC,Passenger,1,0,1,22,23,4.35
January 31 2024,Spokane,WA,Truck,70,0,70,101307,101377,0.07
May 31 2025,Gwinnett,GA,Passenger,1,0,1,42,43,2.33
July 31 2020,Okaloosa,FL,Passenger,0,1,1,146,147,0.68
August 31 2018,Moore,NC,Passenger,0,1,1,198,199,0.50
March 31 2024,Anne Arundel,MD,Truck,1,0,1,44,45,2.22
March 31 2021,Montgomery,OH,Passenger,0,1,1,57,58,1.72
April 30 2025,Arlington,VA,Passenger,3,0,3,102,105,2.86
August 31 2023,Yolo,CA,Passenger,2,0,2,28,30,6.67
October 31 2022,Denton,TX,Passenger,2,0,2,82,84,2.38
March 31 2020,Kent,MI,Passenger,0,1,1,30,31,3.23
April 30 2024,San Juan,WA,Passenger,734,205,939,13573,14512,6.47
January 31 2021,Tarrant,TX,Passenger,1,0,1,184,185,0.54
January 31 2024,Washington,WI,Passenger,1,0,1,0,1,100.00
February 28 2019,Anne Arundel,MD,Passenger,0,1,1,442,443,0.23
October 31 2024,St. Mary's,MD,Passenger,4,0,4,180,184,2.17
January 31 2021,Fulton,GA,Passenger,0,3,3,98,101,2.97
August 31 2024,Montgomery,MD,Passenger,6,1,7,178,185,3.78
May 31 2024,Flathead,MT,Passenger,1,0,1,30,31,3.23
October 31 2023,Cache,UT,Passenger,1,0,1,12,13,7.69
July 31 2023,Grant,WA,Passenger,297,131,428,67000,67428,0.63
December 31 2023,Asotin,WA,Passenger,41,25,66,12226,12292,0.54
February 28 2025,Solano,CA,Passenger,3,0,3,139,142,2.11
November 30 2022,Wichita,TX,Passenger,1,0,1,41,42,2.38
November 30 2022,Pacific,WA,Passenger,70,79,149,15692,15841,0.94
November 30 2019,Essex,MA,Passenger,1,0,1,31,32,3.12
January 31 2018,Ferry,WA,Passenger,1,3,4,4405,4409,0.09
January 31 2019,Harris,TX,Passenger,0,1,1,298,299,0.33
January 31 2021,New York,NY,Passenger,4,0,4,62,66,6.06
May 31 2017,Duval,FL,Passenger,1,1,2,380,382,0.52
October 31 2018,Douglas,CO,Passenger,1,0,1,88,89,1.12
March 31 2023,Alameda,CA,Passenger,8,1,9,231,240,3.75
June 30 2017,Fresno,CA,Passenger,1,0,1,222,223,0.45
April 30 2024,Newport News,VA,Passenger,1,0,1,106,107,0.93
March 31 2021,Douglas,NE,Passenger,1,1,2,57,59,3.39
July 31 2023,Osceola,FL,Passenger,1,0,1,25,26,3.85
February 28 2023,San Francisco,CA,Passenger,3,0,3,86,89,3.37
January 31 2021,Ray,MO,Passenger,0,1,1,1,2,50.00
January 31 2025,Snohomish,WA,Truck,642,0,642,118971,119613,0.54
January 31 2023,Snohomish,WA,Passenger,10573,2792,13365,529109,542474,2.46
April 30 2024,Cook,IL,Passenger,3,3,6,198,204,2.94
February 28 2021,Spokane,WA,Passenger,923,559,1482,320976,322458,0.46
January 31 2021,Pend Oreille,WA,Passenger,12,3,15,9171,9186,0.16
October 31 2024,Riverside,CA,Passenger,7,2,9,400,409,2.20
August 31 2022,Suffolk,MA,Passenger,1,0,1,32,33,3.03
September 30 2021,Klamath,OR,Passenger,1,0,1,37,38,2.63
April 30 2025,Charleston,SC,Passenger,0,2,2,43,45,4.44
September 30 2020,Deschutes,OR,Passenger,2,0,2,152,154,1.30
February 28 2022,Philadelphia,PA,Passenger,1,0,1,55,56,1.79
January 31 2020,,,Passenger,7,2,9,436,445,2.02
June 30 2019,Washtenaw,MI,Passenger,1,0,1,40,41,2.44
February 28 2025,Clallam,WA,Truck,47,0,47,21204,21251,0.22
June 30 2018,Cameron,TX,Passenger,1,0,1,34,35,2.86
April 30 2022,St. Clair,IL,Passenger,1,0,1,140,141,0.71
May 31 2020,Arlington,VA,Passenger,0,2,2,155,157,1.27
December 31 2023,Caddo,LA,Passenger,2,0,2,14,16,12.50
July 31 2020,Clark,WA,Passenger,2098,1068,3166,317690,320856,0.99
February 28 2023,Jefferson,WA,Truck,8,0,8,9323,9331,0.09
March 31 2024,Marin,CA,Passenger,3,2,5,37,42,11.90
November 30 2022,Kings,CA,Passenger,2,0,2,299,301,0.66
October 31 2020,Eagle,CO,Passenger,1,0,1,7,8,12.50
September 30 2021,Chesapeake,VA,Passenger,1,1,2,416,418,0.48
January 31 2021,Pacific,WA,Passenger,35,37,72,15770,15842,0.45
November 30 2020,Clackamas,OR,Passenger,2,0,2,203,205,0.98
October 31 2024,San Diego,CA,Truck,1,0,1,408,409,0.24
November 30 2019,Adams,WA,Passenger,6,7,13,12912,12925,0.10
June 30 2024,Spotsylvania,VA,Passenger,1,1,2,26,28,7.14
October 31 2020,Chatham,NC,Passenger,1,0,1,7,8,12.50
December 31 2021,Mason,WA,Truck,0,0,0,21175,21175,0.00
January 31 2022,Nassau,NY,Passenger,4,0,4,38,42,9.52
May 31 2025,Henrico,VA,Passenger,0,1,1,8,9,11.11
November 30 2024,Liberty,GA,Passenger,0,1,1,88,89,1.12
February 28 2025,Churchill,NV,Passenger,0,1,1,35,36,2.78
December 31 2018,Ferry,WA,Passenger,3,2,5,4383,4388,0.11
September 30 2022,Hamilton,OH,Passenger,1,0,1,47,48,2.08
November 30 2024,Sussex,NJ,Passenger,1,0,1,0,1,100.00
December 31 2020,Adams,WA,Truck,0,0,0,5334,5334,0.00
March 31 2023,King,WA,Truck,568,2,570,176336,176906,0.32
September 30 2023,Grant,WA,Passenger,328,149,477,67206,67683,0.70
August 31 2018,Hardin,KY,Passenger,0,1,1,120,121,0.83
September 30 2024,Whatcom,WA,Passenger,3667,1305,4972,147893,152865,3.25
November 30 2018,Monterey,CA,Passenger,0,2,2,197,199,1.01
March 31 2022,Lincoln,WA,Truck,0,0,0,4822,4822,0.00
January 31 2019,Beaufort,SC,Passenger,1,0,1,41,42,2.38
April 30 2020,Honolulu,HI,Passenger,4,2,6,506,512,1.17
July 31 2022,Bristol,MA,Passenger,1,0,1,12,13,7.69
February 28 2018,Pacific,WA,Passenger,15,17,32,15451,15483,0.21
March 31 2021,Collin,TX,Passenger,2,1,3,137,140,2.14
September 30 2024,Benton,WA,Passenger,1816,784,2600,136680,139280,1.87
February 28 2025,Kauai,HI,Passenger,0,1,1,15,16,6.25
August 31 2023,Wise,TX,Passenger,2,0,2,7,9,22.22
December 31 2021,Whatcom,WA,Truck,4,0,4,43636,43640,0.01
March 31 2020,Spokane,WA,Passenger,704,472,1176,317703,318879,0.37
February 28 2025,Garfield,WA,Passenger,0,3,3,1290,1293,0.23
February 29 2020,Williams,ND,Passenger,0,1,1,13,14,7.14
October 31 2018,Lane,OR,Passenger,0,1,1,182,183,0.55
February 28 2022,Douglas,NE,Passenger,1,2,3,53,56,5.36
October 31 2024,Nassau,NY,Passenger,2,0,2,20,22,9.09
January 31 2024,Brevard,FL,Passenger,1,0,1,67,68,1.47
January 31 2017,Shoshone,ID,Passenger,0,1,1,99,100,1.00
April 30 2017,Monterey,CA,Passenger,0,1,1,217,218,0.46
April 30 2025,Bristol,MA,Passenger,1,0,1,4,5,20.00
November 30 2020,Grant,WA,Truck,0,0,0,27402,27402,0.00
December 31 2023,Allen,IN,Passenger,1,0,1,10,11,9.09
June 30 2022,Clackamas,OR,Passenger,2,0,2,182,184,1.09
July 31 2020,Greene,MO,Passenger,0,1,1,41,42,2.38
February 28 2017,Snohomish,WA,Passenger,1603,824,2427,513888,516315,0.47
July 31 2023,Benton,WA,Passenger,1172,582,1754,134992,136746,1.28
January 31 2025,Miami-Dade,FL,Passenger,2,0,2,61,63,3.17
October 31 2022,Middlesex,NJ,Passenger,1,0,1,25,26,3.85
September 30 2023,Pulaski,AR,Passenger,1,0,1,29,30,3.33
May 31 2018,Virginia Beach,VA,Passenger,2,1,3,689,692,0.43
April 30 2017,Spokane,WA,Truck,1,0,1,90243,90244,0.00
February 28 2025,Anne Arundel,MD,Truck,1,0,1,38,39,2.56
September 30 2018,Hawaii,HI,Passenger,1,0,1,78,79,1.27
November 30 2021,Adams,WA,Truck,0,0,0,5418,5418,0.00
May 31 2025,St. Charles,MO,Passenger,1,0,1,23,24,4.17
April 30 2022,Alexandria,VA,Passenger,4,0,4,120,124,3.23
June 30 2019,Wahkiakum,WA,Passenger,2,2,4,3007,3011,0.13
August 31 2023,Middlesex,NJ,Passenger,1,0,1,21,22,4.55
December 31 2019,Orange,FL,Passenger,1,0,1,169,170,0.59
February 29 2020,Travis,TX,Passenger,4,2,6,208,214,2.80
May 31 2022,Kauai,HI,Passenger,1,0,1,23,24,4.17
December 31 2024,Macomb,MI,Passenger,4,0,4,16,20,20.00
July 31 2021,Hennepin,MN,Passenger,3,0,3,92,95,3.16
August 31 2022,Saratoga,NY,Passenger,1,0,1,51,52,1.92
November 30 2019,Riverside,CA,Passenger,5,1,6,676,682,0.88
August 31 2017,Northampton,PA,Passenger,0,1,1,94,95,1.05
October 31 2024,Doña Ana,NM,Passenger,1,0,1,10,11,9.09
November 30 2022,Maricopa,AZ,Passenger,18,4,22,1139,1161,1.89
September 30 2017,Alameda,CA,Passenger,0,1,1,359,360,0.28
May 31 2021,Yakima,WA,Passenger,212,145,357,169157,169514,0.21
June 30 2018,Essex,NJ,Passenger,1,0,1,14,15,6.67
March 31 2025,Benton,WA,Truck,95,0,95,42825,42920,0.22
February 28 2023,Lincoln,WA,Truck,0,0,0,4828,4828,0.00
September 30 2024,Suffolk,MA,Passenger,3,1,4,27,31,12.90
January 31 2017,Douglas,WA,Truck,0,0,0,11426,11426,0.00
October 31 2024,DeKalb,GA,Passenger,1,0,1,36,37,2.70
February 28 2022,Snohomish,WA,Truck,3,0,3,124998,125001,0.00
March 31 2024,Garfield,WA,Passenger,0,3,3,1301,1304,0.23
September 30 2020,Rockingham,NH,Passenger,1,0,1,28,29,3.45
April 30 2025,Currituck,NC,Passenger,1,0,1,18,19,5.26
October 31 2024,Charlottesville,VA,Passenger,0,2,2,5,7,28.57
December 31 2021,Lewis,WA,Truck,0,0,0,26658,26658,0.00
April 30 2017,Columbia,WA,Passenger,0,1,1,2359,2360,0.04
October 31 2020,Klamath,OR,Passenger,1,0,1,38,39,2.56
September 30 2019,Deschutes,OR,Passenger,4,0,4,172,176,2.27
November 30 2020,Clark,NV,Passenger,4,3,7,745,752,0.93
August 31 2021,Saginaw,MI,Passenger,1,0,1,8,9,11.11
March 31 2018,DeKalb,GA,Passenger,1,0,1,84,85,1.18
January 31 2020,Pinal,AZ,Passenger,1,0,1,220,221,0.45
September 30 2022,Santa Cruz,CA,Passenger,1,0,1,25,26,3.85
September 30 2024,Monterey,CA,Truck,1,0,1,28,29,3.45
March 31 2017,Pacific,WA,Passenger,6,8,14,15067,15081,0.09
December 31 2023,Snohomish,WA,Passenger,16027,3578,19605,525685,545290,3.60
November 30 2024,Pacific,WA,Truck,15,0,15,7735,7750,0.19
August 31 2018,Franklin,MA,Passenger,0,1,1,2,3,33.33
September 30 2018,Island,WA,Passenger,227,209,436,62780,63216,0.69
July 31 2019,Placer,CA,Passenger,1,0,1,112,113,0.88
October 31 2023,Asotin,WA,Truck,0,0,0,6615,6615,0.00
July 31 2019,Rogers,OK,Passenger,1,0,1,9,10,10.00
December 31 2021,Cowlitz,WA,Truck,0,1,1,28965,28966,0.00
April 30 2023,San Juan,WA,Passenger,599,176,775,13806,14581,5.32
November 30 2020,Kittitas,WA,Passenger,124,52,176,29728,29904,0.59
April 30 2020,Dallas,IA,Passenger,0,1,1,10,11,9.09
February 28 2025,Marin,CA,Passenger,1,2,3,33,36,8.33
June 30 2021,Clark,WA,Passenger,2842,1422,4264,322135,326399,1.31
January 31 2023,Clallam,WA,Truck,9,0,9,21834,21843,0.04
November 30 2017,Mason,WA,Passenger,63,69,132,44583,44715,0.30
April 30 2024,Yakima,WA,Truck,18,0,18,60822,60840,0.03
May 31 2022,Santa Clara,CA,Passenger,19,4,23,302,325,7.08
March 31 2021,Lewis,WA,Truck,0,0,0,26810,26810,0.00
November 30 2017,Clay,FL,Passenger,0,1,1,112,113,0.88
February 28 2021,Garfield,WA,Passenger,0,2,2,1354,1356,0.15
May 31 2024,Chesterfield,VA,Passenger,1,0,1,40,41,2.44
February 28 2018,Tarrant,TX,Passenger,1,0,1,234,235,0.43
April 30 2022,Onslow,NC,Passenger,0,1,1,157,158,0.63
January 31 2024,Pima,AZ,Passenger,2,0,2,210,212,0.94
July 31 2017,Walla Walla,WA,Truck,0,0,0,13171,13171,0.00
April 30 2022,Collin,TX,Passenger,5,0,5,119,124,4.03
July 31 2024,New York,NY,Passenger,4,0,4,35,39,10.26
June 30 2019,Maricopa,AZ,Passenger,6,5,11,1707,1718,0.64
April 30 2019,Bergen,NJ,Passenger,1,0,1,26,27,3.70
September 30 2024,Island,WA,Truck,69,0,69,20632,20701,0.33
January 31 2022,Harnett,NC,Passenger,2,1,3,179,182,1.65
September 30 2020,Douglas,WA,Passenger,79,45,124,28025,28149,0.44
September 30 2024,Skamania,WA,Passenger,164,59,223,7846,8069,2.76
October 31 2021,Columbia,OR,Passenger,1,0,1,24,25,4.00
September 30 2022,Columbia,GA,Passenger,0,1,1,100,101,0.99
January 31 2017,Franklin,MA,Passenger,0,1,1,5,6,16.67
January 31 2022,Multnomah,OR,Passenger,2,4,6,699,705,0.85
November 30 2023,Franklin,OH,Passenger,1,0,1,59,60,1.67
July 31 2019,Osceola,FL,Passenger,1,0,1,47,48,2.08
August 31 2022,Cowlitz,WA,Truck,2,0,2,28412,28414,0.01
January 31 2017,,,Passenger,2,0,2,491,493,0.41
April 30 2022,Yellowstone,MT,Passenger,0,1,1,33,34,2.94
August 31 2021,Mercer,NJ,Passenger,0,1,1,10,11,9.09
November 30 2022,Carroll,NH,Passenger,0,1,1,3,4,25.00
May 31 2023,Clallam,WA,Passenger,536,282,818,48892,49710,1.65
November 30 2024,Jefferson,WA,Passenger,822,329,1151,23896,25047,4.60
July 31 2021,Maui,HI,Passenger,1,0,1,30,31,3.23
February 28 2019,Riverside,CA,Passenger,2,2,4,695,699,0.57
April 30 2025,Cowlitz,WA,Passenger,883,337,1220,69269,70489,1.73
July 31 2021,St. Clair,IL,Passenger,1,0,1,148,149,0.67
September 30 2021,Ventura,CA,Passenger,1,3,4,294,298,1.34
December 31 2024,Prince George,VA,Passenger,2,0,2,55,57,3.51
March 31 2023,Kings,NY,Passenger,1,0,1,55,56,1.79
October 31 2020,Montgomery,PA,Passenger,1,0,1,28,29,3.45
April 30 2025,Island,WA,Passenger,1873,667,2540,59646,62186,4.08
September 30 2022,New York,NY,Passenger,4,0,4,44,48,8.33
May 31 2018,Garfield,WA,Passenger,1,1,2,1327,1329,0.15
January 31 2020,Lee,FL,Passenger,1,0,1,58,59,1.69
December 31 2024,Essex,NJ,Passenger,1,1,2,6,8,25.00
April 30 2019,Garfield,WA,Passenger,1,1,2,1299,1301,0.15
April 30 2025,Newport,RI,Passenger,0,2,2,39,41,4.88
October 31 2021,Skagit,WA,Truck,1,0,1,32792,32793,0.00
March 31 2025,Greene,OH,Passenger,2,0,2,16,18,11.11
October 31 2021,New York,NY,Passenger,4,0,4,51,55,7.27
February 28 2017,El Paso,CO,Passenger,1,1,2,856,858,0.23
January 31 2021,Allegheny,PA,Passenger,2,1,3,79,82,3.66
December 31 2017,Mason,WA,Truck,0,0,0,19589,19589,0.00
March 31 2021,Polk,FL,Passenger,1,0,1,74,75,1.33
April 30 2017,Norfolk,VA,Passenger,1,1,2,298,300,0.67
May 31 2023,Leavenworth,KS,Passenger,1,2,3,91,94,3.19
October 31 2019,Collier,FL,Passenger,1,0,1,26,27,3.70
May 31 2017,Pinal,AZ,Passenger,2,0,2,263,265,0.75
May 31 2023,Washoe,NV,Passenger,3,0,3,69,72,4.17
July 31 2024,Otero,NM,Passenger,0,1,1,19,20,5.00
December 31 2017,,,Passenger,3,0,3,443,446,0.67
December 31 2023,Prince George's,MD,Passenger,3,2,5,126,131,3.82
October 31 2021,Pierce,WA,Truck,0,0,0,144950,144950,0.00
December 31 2022,Bartow,GA,Passenger,0,1,1,4,5,20.00
March 31 2024,King,WA,Truck,1205,2,1207,171240,172447,0.70
July 31 2023,Cowlitz,WA,Truck,10,0,10,28143,28153,0.04
July 31 2017,Shelby,TN,Passenger,0,1,1,115,116,0.86
December 31 2021,Plaquemines,LA,Passenger,0,1,1,18,19,5.26
January 31 2019,Santa Cruz,CA,Passenger,1,0,1,44,45,2.22
May 31 2021,Pend Oreille,WA,Truck,0,0,0,5742,5742,0.00
October 31 2023,Garfield,WA,Truck,0,0,0,975,975,0.00
November 30 2021,Owyhee,ID,Passenger,1,0,1,2,3,33.33
June 30 2023,Wahkiakum,WA,Passenger,26,17,43,3028,3071,1.40
February 28 2022,Wood,OH,Passenger,0,1,1,8,9,11.11
October 31 2023,Wise,TX,Passenger,2,0,2,6,8,25.00
December 31 2022,Harnett,NC,Passenger,3,0,3,175,178,1.69
November 30 2019,Hennepin,MN,Passenger,3,1,4,117,121,3.31
July 31 2020,Polk,FL,Passenger,1,0,1,81,82,1.22
May 31 2020,Klickitat,WA,Passenger,52,40,92,15266,15358,0.60
January 31 2019,Cowlitz,WA,Passenger,79,96,175,72534,72709,0.24
July 31 2020,Stevens,WA,Truck,0,0,0,18652,18652,0.00
September 30 2022,Mason,WA,Passenger,335,173,508,46814,47322,1.07
January 31 2018,Sacramento,CA,Passenger,1,1,2,318,320,0.62
January 31 2022,Howard,IN,Passenger,0,1,1,6,7,14.29
March 31 2024,Platte,MO,Passenger,2,1,3,15,18,16.67
October 31 2021,Chelan,WA,Truck,0,0,0,23050,23050,0.00
January 31 2018,Franklin,WA,Passenger,31,51,82,56990,57072,0.14
November 30 2017,Alameda,CA,Passenger,0,1,1,362,363,0.28
April 30 2020,Shelby,TN,Passenger,0,1,1,96,97,1.03
August 31 2023,Essex,MA,Passenger,1,0,1,15,16,6.25
April 30 2023,Montgomery,PA,Passenger,1,0,1,25,26,3.85
February 29 2024,Pend Oreille,WA,Truck,3,0,3,5578,5581,0.05
November 30 2021,Portsmouth,VA,Passenger,0,1,1,80,81,1.23
May 31 2020,Harford,MD,Passenger,0,1,1,61,62,1.61
October 31 2023,Adams,WA,Truck,3,0,3,5346,5349,0.06
November 30 2024,Jefferson,WA,Truck,31,0,31,9095,9126,0.34
April 30 2017,Manatee,FL,Passenger,1,0,1,51,52,1.92
January 31 2017,Gwinnett,GA,Passenger,0,1,1,99,100,1.00
October 31 2023,Doña Ana,NM,Passenger,1,0,1,17,18,5.56
November 30 2021,Montgomery,TX,Passenger,2,1,3,49,52,5.77
July 31 2018,Charles,MD,Passenger,0,1,1,85,86,1.16
October 31 2021,Hawaii,HI,Passenger,1,0,1,52,53,1.89
October 31 2021,Lewis,WA,Passenger,193,160,353,59566,59919,0.59
June 30 2022,Rogers,OK,Passenger,1,0,1,8,9,11.11
September 30 2024,Newport,RI,Truck,1,0,1,9,10,10.00
October 31 2024,Stafford,VA,Passenger,3,0,3,61,64,4.69
November 30 2020,Hillsborough,FL,Passenger,0,1,1,180,181,0.55
April 30 2018,Pinal,AZ,Passenger,2,0,2,221,223,0.90
June 30 2024,Montgomery,PA,Passenger,1,0,1,18,19,5.26
December 31 2023,Marin,CA,Truck,1,0,1,8,9,11.11
February 28 2017,Monroe,NY,Passenger,1,0,1,29,30,3.33
August 31 2021,Franklin,WA,Truck,0,0,0,20704,20704,0.00
February 28 2022,Columbia,WA,Passenger,6,1,7,2453,2460,0.28
August 31 2022,Fulton,GA,Passenger,1,1,2,88,90,2.22
June 30 2020,Garfield,WA,Passenger,0,1,1,1352,1353,0.07
June 30 2017,Pend Oreille,WA,Passenger,3,4,7,9313,9320,0.08
August 31 2022,Spartanburg,SC,Passenger,0,1,1,37,38,2.63
January 31 2020,Benton,WA,Passenger,336,317,653,135232,135885,0.48
March 31 2019,Dakota,MN,Passenger,0,2,2,38,40,5.00
March 31 2024,Hunt,TX,Passenger,1,0,1,4,5,20.00
August 31 2024,Clackamas,OR,Passenger,1,1,2,99,101,1.98
April 30 2017,Carroll,NH,Passenger,0,1,1,0,1,100.00
June 30 2022,Kittitas,WA,Passenger,265,85,350,29711,30061,1.16
June 30 2021,Polk,FL,Passenger,1,0,1,76,77,1.30
December 31 2020,St. Louis,MO,Passenger,1,0,1,104,105,0.95
May 31 2021,Dallas,TX,Passenger,1,0,1,188,189,0.53
October 31 2021,Nueces,TX,Passenger,1,0,1,77,78,1.28
February 28 2025,Platte,MO,Passenger,0,1,1,11,12,8.33
January 31 2024,Grays Harbor,WA,Passenger,381,222,603,47927,48530,1.24
March 31 2023,Bexar,TX,Passenger,5,3,8,469,477,1.68
December 31 2019,El Paso,CO,Passenger,3,2,5,765,770,0.65
February 28 2017,Norfolk,VA,Passenger,1,1,2,298,300,0.67
August 31 2019,Douglas,CO,Passenger,1,0,1,87,88,1.14
August 31 2022,Gwinnett,GA,Passenger,1,0,1,68,69,1.45
September 30 2023,San Diego,CA,Passenger,21,7,28,2299,2327,1.20
January 31 2023,Polk,OR,Passenger,1,1,2,23,25,8.00
January 31 2019,Washoe,NV,Passenger,2,0,2,115,117,1.71
March 31 2020,Adams,WA,Truck,0,0,0,5214,5214,0.00
February 28 2021,Adams,WA,Truck,0,0,0,5341,5341,0.00
January 31 2019,Norfolk,VA,Passenger,2,2,4,337,341,1.17
November 30 2023,Sussex,NJ,Passenger,1,0,1,2,3,33.33
February 29 2024,Dallas,TX,Passenger,2,0,2,89,91,2.20
September 30 2020,Rogers,OK,Passenger,1,0,1,10,11,9.09
April 30 2024,Essex,NJ,Passenger,2,1,3,9,12,25.00
May 31 2021,Alexandria,VA,Passenger,3,0,3,133,136,2.21
May 31 2021,Grays Harbor,WA,Truck,0,0,0,21407,21407,0.00
March 31 2020,Nueces,TX,Passenger,1,0,1,89,90,1.11
December 31 2024,King,WA,Passenger,90241,21221,111462,1301535,1412997,7.89
May 31 2017,Clark,NV,Passenger,2,2,4,888,892,0.45
January 31 2024,Weld,CO,Passenger,1,0,1,18,19,5.26
April 30 2024,Laramie,WY,Passenger,1,0,1,31,32,3.12
September 30 2021,Montgomery,PA,Passenger,2,0,2,24,26,7.69
February 29 2020,Bucks,PA,Passenger,1,0,1,24,25,4.00
February 28 2022,Lewis,WA,Truck,0,0,0,26586,26586,0.00
July 31 2019,Moore,NC,Passenger,0,1,1,186,187,0.53
June 30 2018,St. Clair,IL,Passenger,0,1,1,163,164,0.61
November 30 2020,Larimer,CO,Passenger,1,0,1,56,57,1.75
September 30 2017,King,WA,Passenger,10648,4346,14994,1371654,1386648,1.08
January 31 2022,Dorchester,SC,Passenger,1,0,1,81,82,1.22
July 31 2023,Fulton,GA,Passenger,1,1,2,78,80,2.50
January 31 2023,Asotin,WA,Passenger,30,20,50,12395,12445,0.40
June 30 2018,Walla Walla,WA,Truck,0,0,0,13413,13413,0.00
August 31 2023,Williamsburg,VA,Passenger,0,1,1,6,7,14.29
October 31 2019,Eagle,CO,Passenger,1,0,1,6,7,14.29
February 28 2018,Jefferson,WA,Passenger,127,80,207,24295,24502,0.84
May 31 2020,Fresno,CA,Passenger,2,0,2,206,208,0.96
February 28 2025,Hunt,TX,Passenger,1,0,1,4,5,20.00
August 31 2023,Baltimore,MD,Passenger,1,0,1,73,74,1.35
December 31 2020,Whitman,WA,Truck,0,0,0,8505,8505,0.00
April 30 2018,Lee,FL,Passenger,1,0,1,59,60,1.67
November 30 2019,Sussex,NJ,Passenger,1,0,1,3,4,25.00
September 30 2018,Wahkiakum,WA,Truck,0,0,0,1691,1691,0.00
February 29 2020,Muskogee,OK,Passenger,0,1,1,1,2,50.00
October 31 2023,Kittitas,WA,Truck,12,0,12,14584,14596,0.08
March 31 2017,Tarrant,TX,Passenger,0,2,2,298,300,0.67
June 30 2020,Okanogan,WA,Truck,0,0,0,16432,16432,0.00
February 28 2023,St. Clair,IL,Passenger,1,0,1,130,131,0.76
February 28 2019,Sacramento,CA,Passenger,0,1,1,315,316,0.32
July 31 2023,Saratoga,NY,Passenger,1,1,2,49,51,3.92
May 31 2021,Placer,CA,Passenger,2,0,2,96,98,2.04
July 31 2020,Pinellas,FL,Passenger,1,1,2,125,127,1.57
June 30 2017,San Mateo,CA,Passenger,0,1,1,155,156,0.64
January 31 2019,El Paso,CO,Passenger,3,2,5,784,789,0.63
March 31 2020,Prince George's,MD,Passenger,1,1,2,178,180,1.11
February 29 2024,Pacific,WA,Truck,6,0,6,7800,7806,0.08
January 31 2020,Jefferson,WA,Passenger,224,140,364,25182,25546,1.42
September 30 2017,San Juan,WA,Passenger,117,42,159,13671,13830,1.15
May 31 2022,Montgomery,PA,Passenger,2,0,2,26,28,7.14
February 28 2021,Asotin,WA,Passenger,17,14,31,12465,12496,0.25
December 31 2019,Cowlitz,WA,Passenger,118,107,225,73616,73841,0.30
December 31 2017,Gwinnett,GA,Passenger,0,1,1,88,89,1.12
February 28 2021,Kent,MI,Passenger,0,1,1,32,33,3.03
July 31 2023,Suffolk,MA,Passenger,4,1,5,34,39,12.82
September 30 2018,Pima,AZ,Passenger,1,1,2,451,453,0.44
December 31 2020,Orange,FL,Passenger,2,0,2,134,136,1.47
July 31 2024,Island,WA,Truck,58,0,58,20649,20707,0.28
April 30 2019,Anne Arundel,MD,Passenger,0,1,1,444,445,0.22
August 31 2020,Lincoln,WA,Truck,0,0,0,4645,4645,0.00
December 31 2023,DuPage,IL,Passenger,6,1,7,37,44,15.91
June 30 2024,Sarpy,NE,Passenger,1,1,2,62,64,3.12
May 31 2018,King,WA,Passenger,12739,5476,18215,1368551,1386766,1.31
August 31 2019,DeKalb,IN,Passenger,1,0,1,1,2,50.00
August 31 2017,Charles,MD,Passenger,0,1,1,86,87,1.15
August 31 2021,Salt Lake,UT,Passenger,1,1,2,198,200,1.00
February 28 2018,Pend Oreille,WA,Passenger,4,3,7,9416,9423,0.07
March 31 2021,Columbia,WA,Passenger,5,4,9,2465,2474,0.36
October 31 2021,Mason,WA,Passenger,245,153,398,47835,48233,0.83
August 31 2023,Adams,WA,Passenger,24,13,37,13064,13101,0.28
April 30 2023,Franklin,WA,Passenger,297,133,430,61842,62272,0.69
August 31 2023,Clackamas,OR,Passenger,0,1,1,140,141,0.71
April 30 2017,Skagit,WA,Truck,1,0,1,31383,31384,0.00
June 30 2023,New London,CT,Passenger,2,4,6,195,201,2.99
June 30 2018,Okanogan,WA,Passenger,9,19,28,25936,25964,0.11
January 31 2024,Kings,CA,Passenger,5,1,6,269,275,2.18
April 30 2018,Ramsey,MN,Passenger,1,0,1,41,42,2.38
January 31 2018,Adams,WA,Passenger,4,4,8,12434,12442,0.06
December 31 2020,Franklin,WA,Truck,0,0,0,20420,20420,0.00
January 31 2019,Manatee,FL,Passenger,1,0,1,42,43,2.33
June 30 2023,Franklin,WA,Truck,5,0,5,20884,20889,0.02
November 30 2022,Lewis,WA,Truck,2,0,2,26282,26284,0.01
December 31 2024,Sacramento,CA,Truck,1,0,1,27,28,3.57
January 31 2017,Monterey,CA,Passenger,0,1,1,240,241,0.41
December 31 2023,Adams,WA,Truck,3,0,3,5351,5354,0.06
February 29 2024,St. Clair,IL,Passenger,0,1,1,115,116,0.86
April 30 2019,King,WA,Passenger,18263,6867,25130,1382869,1407999,1.78
November 30 2024,Kootenai,ID,Truck,1,0,1,20,21,4.76
May 31 2020,Washington,WI,Passenger,1,0,1,3,4,25.00
December 31 2022,Dorchester,SC,Passenger,1,0,1,62,63,1.59
July 31 2024,Atlantic,NJ,Passenger,1,0,1,5,6,16.67
November 30 2024,Milwaukee,WI,Passenger,1,0,1,36,37,2.70
January 31 2021,Morris,NJ,Passenger,1,0,1,16,17,5.88
April 30 2022,Lane,OR,Passenger,0,1,1,131,132,0.76
January 31 2022,Baltimore,MD,Passenger,2,0,2,96,98,2.04
April 30 2021,Fresno,CA,Passenger,2,0,2,201,203,0.99
March 31 2017,Jefferson,WA,Passenger,94,57,151,23638,23789,0.63
March 31 2018,Okanogan,WA,Passenger,7,19,26,25711,25737,0.10
October 31 2023,Suffolk,VA,Passenger,1,0,1,109,110,0.91
October 31 2023,Arapahoe,CO,Passenger,1,1,2,75,77,2.60
August 31 2021,Montgomery,TX,Passenger,2,1,3,51,54,5.56
October 31 2021,Orange,NC,Passenger,1,0,1,12,13,7.69
November 30 2020,Ferry,WA,Truck,0,0,0,3594,3594,0.00
July 31 2020,Washoe,NV,Passenger,1,0,1,112,113,0.88
December 31 2021,Grays Harbor,WA,Passenger,192,157,349,49384,49733,0.70
February 28 2021,Prince George's,MD,Passenger,2,1,3,158,161,1.86
March 31 2022,Hays,TX,Passenger,1,0,1,16,17,5.88
April 30 2024,Williamson,TN,Passenger,0,1,1,12,13,7.69
January 31 2025,Montgomery,OH,Passenger,0,1,1,36,37,2.70
June 30 2021,Miami-Dade,FL,Passenger,1,0,1,115,116,0.86
January 31 2025,Allegheny,PA,Passenger,2,0,2,46,48,4.17
July 31 2022,Montgomery,TX,Passenger,1,0,1,43,44,2.27
December 31 2023,Anchorage,AK,Passenger,1,0,1,105,106,0.94
January 31 2018,Cook,IL,Passenger,1,0,1,293,294,0.34
February 29 2020,Multnomah,OR,Passenger,4,7,11,802,813,1.35
May 31 2023,Harris,TX,Passenger,1,2,3,199,202,1.49
October 31 2023,Walla Walla,WA,Truck,7,0,7,13695,13702,0.05
January 31 2024,Moore,NC,Passenger,0,1,1,121,122,0.82
January 31 2020,Hudson,NJ,Passenger,1,0,1,44,45,2.22
April 30 2017,Cowlitz,WA,Truck,0,0,0,27851,27851,0.00
September 30 2017,Clay,FL,Passenger,0,1,1,117,118,0.85
August 31 2023,Pueblo,CO,Passenger,1,0,1,19,20,5.00
February 29 2020,Harnett,NC,Passenger,1,1,2,223,225,0.89
March 31 2025,Fresno,CA,Passenger,1,1,2,106,108,1.85
September 30 2022,Dakota,MN,Passenger,0,1,1,20,21,4.76
February 28 2022,Onslow,NC,Passenger,0,1,1,163,164,0.61
December 31 2023,Spokane,WA,Passenger,2848,1401,4249,322049,326298,1.30
July 31 2022,St. Lawrence,NY,Passenger,1,0,1,6,7,14.29
February 28 2017,Manatee,FL,Passenger,1,0,1,58,59,1.69
January 31 2025,Orange,NY,Passenger,1,1,2,34,36,5.56
December 31 2021,Fulton,GA,Passenger,0,1,1,90,91,1.10
February 28 2023,Cass,MN,Passenger,0,1,1,2,3,33.33
March 31 2020,Owyhee,ID,Passenger,1,0,1,3,4,25.00
February 28 2019,Jefferson,WA,Truck,0,0,0,9615,9615,0.00
January 31 2025,Berkeley,SC,Passenger,1,0,1,87,88,1.14
September 30 2023,Douglas,WA,Passenger,222,71,293,28739,29032,1.01
February 28 2021,Ulster,NY,Passenger,1,0,1,14,15,6.67
January 31 2021,Grays Harbor,WA,Passenger,133,126,259,48745,49004,0.53
November 30 2018,Denver,CO,Passenger,1,0,1,139,140,0.71
January 31 2023,Adams,WA,Truck,1,0,1,5382,5383,0.02
May 31 2022,Franklin,WA,Passenger,180,110,290,61920,62210,0.47
December 31 2024,Kings,NY,Passenger,2,1,3,33,36,8.33
January 31 2024,Berkeley,SC,Passenger,2,0,2,118,120,1.67
October 31 2017,Mason,WA,Passenger,61,71,132,44438,44570,0.30
April 30 2021,Arlington,VA,Passenger,0,1,1,156,157,0.64
February 28 2023,Hays,TX,Passenger,1,0,1,11,12,8.33
November 30 2021,Williamson,TX,Passenger,1,2,3,133,136,2.21
May 31 2025,San Diego,CA,Passenger,26,8,34,1679,1713,1.98
February 28 2023,Douglas,CO,Passenger,1,1,2,81,83,2.41
October 31 2024,Adams,WA,Passenger,46,21,67,13309,13376,0.50
April 30 2022,Placer,CA,Passenger,2,0,2,89,91,2.20
January 31 2025,Klickitat,WA,Truck,26,0,26,8203,8229,0.32
January 31 2024,Utah,UT,Passenger,2,0,2,97,99,2.02
June 30 2021,Leavenworth,KS,Passenger,0,1,1,105,106,0.94
December 31 2024,Bexar,TX,Passenger,6,3,9,324,333,2.70
November 30 2019,Cook,IL,Passenger,1,0,1,257,258,0.39
March 31 2020,Asotin,WA,Passenger,16,12,28,12584,12612,0.22
November 30 2023,Yolo,CA,Passenger,3,0,3,24,27,11.11
October 31 2019,Berkshire,MA,Passenger,0,1,1,6,7,14.29
February 28 2017,Spokane,WA,Passenger,226,196,422,294912,295334,0.14
June 30 2021,Pinellas,FL,Passenger,0,1,1,110,111,0.90
April 30 2020,Nassau,NY,Passenger,5,0,5,39,44,11.36
March 31 2024,Solano,CA,Passenger,4,0,4,155,159,2.52
September 30 2022,Bristol,MA,Passenger,1,0,1,12,13,7.69
June 30 2019,Nantucket,MA,Passenger,1,0,1,2,3,33.33
December 31 2018,Essex,MA,Passenger,1,0,1,29,30,3.33
November 30 2024,Hays,TX,Passenger,1,0,1,4,5,20.00
April 30 2020,Garfield,WA,Truck,0,0,0,966,966,0.00
November 30 2024,Duval,FL,Passenger,2,1,3,210,213,1.41
November 30 2020,Deschutes,OR,Passenger,2,0,2,152,154,1.30
October 31 2022,Hudson,NJ,Passenger,3,0,3,41,44,6.82
June 30 2020,Clallam,WA,Truck,1,0,1,21756,21757,0.00
March 31 2022,Wilson,NC,Passenger,1,0,1,1,2,50.00
June 30 2020,Salt Lake,UT,Passenger,1,1,2,219,221,0.90
September 30 2020,Grant,WA,Passenger,67,81,148,65528,65676,0.23
October 31 2017,Pima,AZ,Passenger,1,1,2,447,449,0.45
October 31 2017,Northampton,PA,Passenger,0,1,1,67,68,1.47
May 31 2025,Douglas,WA,Truck,25,0,25,12719,12744,0.20
October 31 2023,Baltimore,MD,Passenger,1,0,1,74,75,1.33
November 30 2020,Sacramento,CA,Passenger,2,1,3,275,278,1.08
January 31 2023,Okanogan,WA,Truck,2,0,2,16418,16420,0.01
February 28 2021,Anchorage,AK,Passenger,1,0,1,157,158,0.63
June 30 2024,Kauai,HI,Passenger,0,1,1,19,20,5.00
September 30 2024,Kings,CA,Passenger,4,0,4,245,249,1.61
January 31 2021,Suffolk,MA,Passenger,0,2,2,36,38,5.26
December 31 2020,Williamson,TX,Passenger,0,2,2,162,164,1.22
May 31 2024,Arlington,VA,Passenger,5,0,5,118,123,4.07
July 31 2017,Yakima,WA,Truck,0,0,0,57457,57457,0.00
June 30 2018,Shelby,TN,Passenger,0,1,1,108,109,0.92
May 31 2017,Skamania,WA,Passenger,9,7,16,8528,8544,0.19
March 31 2018,Skamania,WA,Truck,0,0,0,3927,3927,0.00
August 31 2024,Clark,NV,Passenger,9,2,11,471,482,2.28
December 31 2020,Portsmouth,VA,Passenger,0,1,1,77,78,1.28
October 31 2023,Hoke,NC,Passenger,1,0,1,77,78,1.28
February 28 2022,San Luis Obispo,CA,Passenger,1,1,2,72,74,2.70
January 31 2020,Douglas,WA,Passenger,69,39,108,28352,28460,0.38
September 30 2018,Hamilton,IN,Passenger,1,0,1,48,49,2.04
January 31 2022,San Francisco,CA,Passenger,2,2,4,105,109,3.67
February 28 2021,Richland,SC,Passenger,0,1,1,142,143,0.70
December 31 2020,Mercer,NJ,Passenger,0,1,1,11,12,8.33
January 31 2024,Onslow,NC,Passenger,0,1,1,139,140,0.71
November 30 2023,Harnett,NC,Passenger,4,1,5,154,159,3.14
August 31 2024,Maui,HI,Passenger,2,0,2,18,20,10.00
May 31 2023,Atlantic,NJ,Passenger,1,0,1,8,9,11.11
January 31 2024,Whatcom,WA,Passenger,3017,1075,4092,147645,151737,2.70
June 30 2023,Montgomery,TX,Passenger,1,0,1,33,34,2.94
October 31 2024,San Francisco,CA,Passenger,2,1,3,63,66,4.55
October 31 2018,San Diego,CA,Passenger,9,3,12,2562,2574,0.47
February 28 2018,Missoula,MT,Passenger,1,0,1,69,70,1.43
October 31 2022,Clark,NV,Passenger,10,4,14,628,642,2.18
May 31 2024,Island,WA,Passenger,1460,530,1990,60588,62578,3.18
October 31 2022,San Diego,CA,Passenger,22,8,30,2511,2541,1.18
June 30 2020,King,WA,Truck,5,1,6,182039,182045,0.00
November 30 2024,Clark,NV,Passenger,8,2,10,445,455,2.20
March 31 2019,Klickitat,WA,Passenger,31,31,62,15419,15481,0.40
February 28 2022,Escambia,FL,Passenger,0,1,1,157,158,0.63
September 30 2020,Henrico,VA,Passenger,0,1,1,20,21,4.76
October 31 2024,Lee,AL,Passenger,1,0,1,16,17,5.88
September 30 2020,Douglas,WA,Truck,0,0,0,12370,12370,0.00
April 30 2023,Santa Clara,CA,Passenger,18,7,25,263,288,8.68
January 31 2021,Utah,UT,Passenger,0,1,1,148,149,0.67
October 31 2023,Mercer,NJ,Passenger,0,1,1,10,11,9.09
May 31 2021,Rockingham,NH,Passenger,1,0,1,29,30,3.33
April 30 2022,Clark,WA,Truck,3,0,3,83104,83107,0.00
March 31 2025,Pima,AZ,Passenger,2,0,2,143,145,1.38
February 28 2019,Skamania,WA,Truck,0,0,0,3992,3992,0.00
January 31 2022,Essex,MA,Passenger,1,0,1,22,23,4.35
March 31 2023,Clallam,WA,Passenger,507,277,784,49137,49921,1.57
April 30 2024,Montgomery,AL,Passenger,1,1,2,30,32,6.25
April 30 2024,Thurston,WA,Passenger,4225,1507,5732,189123,194855,2.94
March 31 2019,Lewis,WA,Truck,0,0,0,25746,25746,0.00
August 31 2023,Montgomery,MD,Passenger,6,2,8,200,208,3.85
August 31 2024,Jefferson,WA,Passenger,773,315,1088,23923,25011,4.35
September 30 2022,Orange,NC,Passenger,1,0,1,7,8,12.50
October 31 2024,Skamania,WA,Truck,7,0,7,3857,3864,0.18
December 31 2017,Franklin,MA,Passenger,0,1,1,5,6,16.67
July 31 2021,Kittitas,WA,Passenger,165,69,234,29949,30183,0.78
March 31 2022,Wake,NC,Passenger,1,1,2,129,131,1.53
December 31 2018,Cook,IL,Passenger,1,0,1,261,262,0.38
July 31 2022,Franklin,WA,Truck,1,0,1,20844,20845,0.00
December 31 2019,Owyhee,ID,Passenger,1,0,1,3,4,25.00
January 31 2020,Tarrant,TX,Passenger,3,0,3,203,206,1.46
August 31 2021,Chelan,WA,Passenger,365,103,468,54673,55141,0.85
September 30 2024,Pinal,AZ,Passenger,2,1,3,80,83,3.61
July 31 2022,Mercer,NJ,Passenger,0,1,1,13,14,7.14
November 30 2022,Whatcom,WA,Truck,21,0,21,43013,43034,0.05
April 30 2020,Whitman,WA,Truck,0,0,0,8529,8529,0.00
February 28 2023,Yakima,WA,Truck,9,0,9,61100,61109,0.01
December 31 2024,Kitsap,WA,Truck,221,0,221,51427,51648,0.43
April 30 2021,Harford,MD,Passenger,0,1,1,61,62,1.61
October 31 2018,Hardin,KY,Passenger,0,1,1,116,117,0.85
January 31 2024,Douglas,NE,Passenger,1,1,2,28,30,6.67
October 31 2021,Harris,TX,Passenger,1,2,3,236,239,1.26
December 31 2018,Marion,OR,Passenger,1,0,1,127,128,0.78
January 31 2024,San Luis Obispo,CA,Passenger,1,1,2,50,52,3.85
October 31 2019,Asotin,WA,Truck,0,0,0,6691,6691,0.00
October 31 2023,Larimer,CO,Passenger,1,0,1,37,38,2.63
January 31 2020,Whatcom,WA,Passenger,1031,484,1515,151655,153170,0.99
July 31 2023,San Benito,CA,Passenger,1,0,1,7,8,12.50
February 29 2024,Multnomah,OR,Passenger,6,1,7,499,506,1.38
April 30 2023,Madison,IL,Passenger,2,0,2,17,19,10.53
July 31 2019,Lake,FL,Passenger,1,0,1,26,27,3.70
April 30 2021,Klickitat,WA,Passenger,67,48,115,15172,15287,0.75
December 31 2017,Douglas,WA,Truck,0,0,0,11758,11758,0.00
May 31 2025,Johnson,MO,Passenger,1,0,1,25,26,3.85
June 30 2023,Alameda,CA,Passenger,8,2,10,221,231,4.33
September 30 2023,Kings,CA,Passenger,5,1,6,273,279,2.15
October 31 2019,Mercer,NJ,Passenger,0,1,1,17,18,5.56
July 31 2024,Columbia,GA,Passenger,1,1,2,82,84,2.38
October 31 2023,Franklin,WA,Truck,7,0,7,20909,20916,0.03
January 31 2023,Prince George's,MD,Passenger,3,1,4,144,148,2.70
June 30 2017,Klickitat,WA,Truck,0,0,0,7960,7960,0.00
May 31 2019,Allegheny,PA,Passenger,1,0,1,92,93,1.08
September 30 2024,Douglas,NE,Passenger,1,1,2,19,21,9.52
August 31 2024,Contra Costa,CA,Passenger,4,1,5,140,145,3.45
September 30 2022,Flathead,MT,Passenger,1,0,1,43,44,2.27
August 31 2019,Ada,ID,Passenger,0,2,2,332,334,0.60
April 30 2018,Jefferson,WA,Passenger,134,88,222,24333,24555,0.90
July 31 2024,Norfolk,VA,Passenger,0,1,1,241,242,0.41
June 30 2017,Okaloosa,FL,Passenger,1,0,1,182,183,0.55
February 28 2025,Madison,IL,Passenger,1,0,1,8,9,11.11
April 30 2024,Hardin,KY,Truck,1,0,1,19,20,5.00
February 28 2022,Fresno,CA,Passenger,2,0,2,182,184,1.09
January 31 2020,Pend Oreille,WA,Passenger,8,7,15,9458,9473,0.16
September 30 2024,Middlesex,CT,Passenger,1,0,1,5,6,16.67
December 31 2024,Marin,CA,Passenger,1,2,3,34,37,8.11
December 31 2021,Coryell,TX,Passenger,1,0,1,109,110,0.91
August 31 2024,Pinal,AZ,Passenger,2,1,3,81,84,3.57
March 31 2023,Wahkiakum,WA,Passenger,24,16,40,3054,3094,1.29
January 31 2023,Muscogee,GA,Passenger,1,2,3,134,137,2.19
August 31 2024,Marion,OR,Passenger,1,0,1,67,68,1.47
August 31 2024,Williamson,TN,Passenger,0,1,1,10,11,9.09
May 31 2024,Brown,WI,Passenger,1,0,1,3,4,25.00
November 30 2021,Kern,CA,Passenger,1,1,2,208,210,0.95
April 30 2025,Saginaw,MI,Passenger,0,1,1,2,3,33.33
February 29 2020,Cameron,TX,Passenger,1,0,1,27,28,3.57
November 30 2021,Stafford,VA,Passenger,2,1,3,108,111,2.70
February 29 2020,Howard,MD,Passenger,0,1,1,82,83,1.20
September 30 2022,Lake,IN,Passenger,0,1,1,12,13,7.69
March 31 2025,Chelan,WA,Truck,87,0,87,22690,22777,0.38
January 31 2020,Frederick,MD,Passenger,1,1,2,73,75,2.67
September 30 2017,Marin,CA,Passenger,1,0,1,60,61,1.64
December 31 2019,Skagit,WA,Passenger,365,213,578,92580,93158,0.62
October 31 2017,Polk,FL,Passenger,1,0,1,68,69,1.45
October 31 2021,Lake,IN,Passenger,0,1,1,9,10,10.00
September 30 2019,Yakima,WA,Truck,0,0,0,59377,59377,0.00
May 31 2020,Clallam,WA,Truck,1,0,1,21666,21667,0.00
September 30 2022,Snohomish,WA,Passenger,9055,2625,11680,529990,541670,2.16
October 31 2023,DeKalb,GA,Passenger,2,0,2,44,46,4.35
November 30 2023,St. Mary's,MD,Passenger,3,0,3,209,212,1.42
November 30 2023,Hays,TX,Passenger,1,0,1,8,9,11.11
July 31 2019,Pend Oreille,WA,Truck,0,0,0,5728,5728,0.00
April 30 2024,Solano,CA,Passenger,4,0,4,151,155,2.58
April 30 2022,Rockingham,NH,Passenger,2,0,2,23,25,8.00
July 31 2024,Saratoga,NY,Passenger,1,1,2,40,42,4.76
May 31 2019,Cumberland,NC,Passenger,1,2,3,511,514,0.58
June 30 2024,Clay,FL,Passenger,1,0,1,67,68,1.47
March 31 2025,Moore,NC,Passenger,2,0,2,88,90,2.22
March 31 2021,Pend Oreille,WA,Passenger,12,6,18,9270,9288,0.19
September 30 2023,Monterey,CA,Truck,1,0,1,31,32,3.12
October 31 2020,Santa Clara,CA,Passenger,9,2,11,313,324,3.40
August 31 2021,Hampshire,MA,Passenger,1,0,1,10,11,9.09
October 31 2021,Saratoga,NY,Passenger,1,0,1,48,49,2.04
January 31 2021,Powhatan,VA,Passenger,1,0,1,2,3,33.33
May 31 2021,Milwaukee,WI,Passenger,1,0,1,50,51,1.96
June 30 2023,Portsmouth,VA,Passenger,0,2,2,65,67,2.99
November 30 2019,Contra Costa,CA,Passenger,3,3,6,341,347,1.73
September 30 2021,Wise,TX,Passenger,1,0,1,9,10,10.00
May 31 2022,San Juan,WA,Passenger,498,154,652,14071,14723,4.43
May 31 2018,Williamson,TX,Passenger,0,1,1,183,184,0.54
December 31 2019,Pierce,WA,Passenger,2126,1651,3777,547317,551094,0.69
January 31 2022,Boulder,CO,Passenger,2,1,3,48,51,5.88
June 30 2023,Tooele,UT,Passenger,1,0,1,12,13,7.69
November 30 2019,DeKalb,GA,Passenger,1,0,1,89,90,1.11
August 31 2018,Columbia,WA,Truck,0,0,0,1535,1535,0.00
June 30 2021,Vigo,IN,Passenger,1,0,1,5,6,16.67
August 31 2020,Camden,NJ,Passenger,0,1,1,20,21,4.76
October 31 2019,Lincoln,WA,Passenger,2,11,13,7828,7841,0.17
February 28 2018,Douglas,WA,Passenger,43,33,76,27311,27387,0.28
November 30 2017,Flathead,MT,Passenger,1,0,1,64,65,1.54
June 30 2018,St. Mary's,MD,Passenger,1,0,1,222,223,0.45
May 31 2022,Essex,NJ,Passenger,2,0,2,15,17,11.76
May 31 2022,Bexar,TX,Passenger,4,3,7,520,527,1.33
September 30 2021,Bartow,GA,Passenger,0,1,1,4,5,20.00
May 31 2023,Benton,WA,Truck,23,0,23,43104,43127,0.05
February 28 2019,Travis,TX,Passenger,4,1,5,219,224,2.23
December 31 2024,Marin,CA,Truck,1,0,1,6,7,14.29
November 30 2018,Benton,WA,Passenger,209,224,433,132727,133160,0.33
February 28 2023,Wake,NC,Passenger,3,1,4,115,119,3.36
February 28 2025,Charles,MD,Passenger,1,1,2,44,46,4.35
April 30 2022,Okaloosa,FL,Passenger,0,2,2,116,118,1.69
August 31 2024,Thurston,WA,Passenger,4750,1664,6414,189235,195649,3.28
December 31 2023,Prince George,VA,Passenger,1,0,1,59,60,1.67
April 30 2025,Harris,TX,Passenger,1,1,2,110,112,1.79
July 31 2021,Pulaski,MO,Passenger,1,0,1,136,137,0.73
February 28 2017,Cobb,GA,Passenger,0,1,1,85,86,1.16
April 30 2021,Harrison,MS,Passenger,2,0,2,52,54,3.70
March 31 2022,Lane,OR,Passenger,0,1,1,134,135,0.74
September 30 2024,Prince William,VA,Passenger,1,4,5,129,134,3.73
September 30 2024,Skagit,WA,Truck,61,0,61,31489,31550,0.19
March 31 2022,Nassau,NY,Passenger,4,0,4,38,42,9.52
September 30 2020,Boone,MO,Passenger,0,1,1,10,11,9.09
February 28 2019,Walla Walla,WA,Truck,0,0,0,13540,13540,0.00
August 31 2023,Burlington,NJ,Passenger,2,2,4,89,93,4.30
January 31 2023,Kings,NY,Passenger,1,0,1,59,60,1.67
October 31 2020,Orange,CA,Passenger,7,3,10,513,523,1.91
October 31 2020,Wilson,TX,Passenger,0,1,1,6,7,14.29
May 31 2019,Spokane,WA,Truck,1,0,1,94562,94563,0.00
July 31 2018,King,WA,Truck,7,1,8,182887,182895,0.00
March 31 2018,Garfield,OK,Passenger,1,0,1,22,23,4.35
June 30 2024,Salt Lake,UT,Passenger,5,0,5,118,123,4.07
October 31 2023,Riverside,CA,Passenger,9,2,11,456,467,2.36
October 31 2023,Chesapeake,VA,Passenger,1,0,1,323,324,0.31
December 31 2018,DeKalb,GA,Passenger,1,0,1,81,82,1.22
February 28 2025,Bexar,TX,Passenger,6,3,9,305,314,2.87
May 31 2021,Camden,NJ,Passenger,0,1,1,13,14,7.14
August 31 2020,Shelby,TN,Passenger,0,1,1,93,94,1.06
April 30 2019,Guadalupe,TX,Passenger,1,0,1,78,79,1.27
October 31 2022,Sussex,NJ,Passenger,1,0,1,2,3,33.33
February 28 2018,Cowlitz,WA,Truck,0,0,0,28182,28182,0.00
July 31 2024,Adams,CO,Passenger,1,0,1,34,35,2.86
October 31 2023,San Juan,WA,Truck,18,0,18,5906,5924,0.30
November 30 2017,Portsmouth,VA,Passenger,0,1,1,68,69,1.45
April 30 2024,Hennepin,MN,Passenger,1,0,1,46,47,2.13
March 31 2017,Grant,WA,Passenger,17,21,38,60314,60352,0.06
July 31 2019,Monroe,IL,Passenger,1,0,1,4,5,20.00
October 31 2021,Benton,WA,Truck,0,0,0,43673,43673,0.00
March 31 2025,Escambia,FL,Passenger,1,1,2,104,106,1.89
April 30 2021,Prince George's,MD,Passenger,2,1,3,161,164,1.83
April 30 2025,Brown,WI,Passenger,1,0,1,3,4,25.00
January 31 2022,Ferry,WA,Passenger,14,3,17,4427,4444,0.38
July 31 2023,Jefferson,NY,Passenger,2,0,2,198,200,1.00
May 31 2023,Pima,AZ,Passenger,2,0,2,249,251,0.80
June 30 2022,New Haven,CT,Passenger,0,2,2,33,35,5.71
October 31 2018,,,Passenger,3,2,5,430,435,1.15
November 30 2023,San Francisco,CA,Passenger,3,1,4,71,75,5.33
May 31 2019,Fairfax,VA,Passenger,4,1,5,791,796,0.63
November 30 2024,Alexandria,VA,Passenger,4,0,4,87,91,4.40
October 31 2021,Flathead,MT,Passenger,2,0,2,61,63,3.17
June 30 2021,Moore,NC,Passenger,0,1,1,143,144,0.69
June 30 2023,Virginia Beach,VA,Truck,1,0,1,123,124,0.81
August 31 2023,Bell,TX,Passenger,2,0,2,291,293,0.68
June 30 2021,El Paso,TX,Passenger,2,0,2,413,415,0.48
January 31 2017,Madison,ID,Passenger,1,0,1,48,49,2.04
April 30 2021,Sarasota,FL,Passenger,2,0,2,43,45,4.44
February 28 2022,Spokane,WA,Truck,0,0,0,102401,102401,0.00
October 31 2017,Tulare,CA,Passenger,1,0,1,193,194,0.52
February 29 2020,Larimer,CO,Passenger,1,0,1,60,61,1.64
February 28 2022,Pend Oreille,WA,Passenger,17,9,26,9057,9083,0.29
April 30 2025,Davidson,TN,Passenger,1,0,1,20,21,4.76
May 31 2024,Collier,FL,Passenger,1,0,1,11,12,8.33
November 30 2024,Olmsted,MN,Passenger,1,0,1,3,4,25.00
August 31 2019,San Juan,WA,Passenger,225,73,298,14433,14731,2.02
May 31 2017,Whitman,WA,Passenger,10,20,30,21976,22006,0.14
May 31 2017,Ramsey,MN,Passenger,1,0,1,45,46,2.17
September 30 2024,Berkeley,SC,Passenger,1,0,1,98,99,1.01
October 31 2019,Kittitas,WA,Truck,0,0,0,14616,14616,0.00
November 30 2024,Walla Walla,WA,Passenger,362,186,548,35290,35838,1.53
March 31 2018,Walla Walla,WA,Truck,0,0,0,13307,13307,0.00
December 31 2017,Madison,ID,Passenger,1,0,1,37,38,2.63
January 31 2025,Pend Oreille,WA,Passenger,54,20,74,8561,8635,0.86
November 30 2022,Fulton,GA,Passenger,1,1,2,84,86,2.33
July 31 2024,Hamilton,OH,Passenger,2,0,2,36,38,5.26
September 30 2021,Franklin,OH,Passenger,1,0,1,73,74,1.35
May 31 2022,Platte,MO,Passenger,1,1,2,23,25,8.00
February 28 2017,Cascade,MT,Passenger,0,1,1,66,67,1.49
April 30 2022,Camden,NJ,Passenger,0,1,1,12,13,7.69
March 31 2024,Madison,IL,Passenger,2,0,2,14,16,12.50
May 31 2019,Pend Oreille,WA,Passenger,4,5,9,9526,9535,0.09
July 31 2024,Mason,WA,Passenger,654,260,914,45947,46861,1.95
February 28 2025,Clay,FL,Passenger,1,0,1,56,57,1.75
May 31 2020,Prince George's,MD,Passenger,1,1,2,171,173,1.16
September 30 2018,Fairfax,VA,Passenger,3,1,4,815,819,0.49
September 30 2021,Wilson,TX,Passenger,0,1,1,3,4,25.00
December 31 2018,San Juan,WA,Passenger,183,69,252,14213,14465,1.74
September 30 2018,San Mateo,CA,Passenger,1,1,2,142,144,1.39
March 31 2024,Lincoln,WA,Passenger,26,26,52,7565,7617,0.68
May 31 2021,Rogers,OK,Passenger,1,0,1,9,10,10.00
March 31 2021,Lee,FL,Passenger,1,0,1,50,51,1.96
March 31 2017,Douglas,WA,Passenger,29,19,48,26583,26631,0.18
January 31 2025,Madison,AL,Passenger,1,0,1,27,28,3.57
November 30 2022,Columbia,WA,Passenger,8,1,9,2426,2435,0.37
August 31 2023,Hennepin,MN,Passenger,1,0,1,55,56,1.79
July 31 2020,Vigo,IN,Passenger,1,0,1,5,6,16.67
April 30 2017,Allegheny,PA,Passenger,1,0,1,94,95,1.05
November 30 2023,Lee,AL,Passenger,1,0,1,18,19,5.26
September 30 2020,Maui,HI,Passenger,2,0,2,32,34,5.88
October 31 2017,Fresno,CA,Passenger,1,0,1,209,210,0.48
March 31 2024,Manassas,VA,Passenger,1,0,1,6,7,14.29
March 31 2025,Geary,KS,Passenger,1,0,1,60,61,1.64
February 29 2024,Alexandria,VA,Passenger,3,0,3,102,105,2.86
March 31 2025,Leavenworth,KS,Passenger,4,2,6,73,79,7.59
June 30 2017,Pima,AZ,Passenger,1,2,3,458,461,0.65
March 31 2019,Grays Harbor,WA,Passenger,69,80,149,47576,47725,0.31
January 31 2018,Howard,MD,Passenger,0,2,2,88,90,2.22
February 28 2017,Mason,WA,Passenger,47,61,108,42763,42871,0.25
August 31 2023,Boulder,CO,Passenger,2,0,2,35,37,5.41
August 31 2017,Clallam,WA,Truck,0,0,0,21060,21060,0.00
December 31 2023,Lake,IL,Passenger,8,0,8,132,140,5.71
April 30 2020,Queens,NY,Passenger,1,0,1,56,57,1.75
November 30 2022,Island,WA,Truck,14,0,14,21104,21118,0.07
May 31 2022,Wilson,TX,Passenger,0,1,1,3,4,25.00
March 31 2024,Carroll,MD,Passenger,0,1,1,18,19,5.26
October 31 2023,Honolulu,HI,Passenger,5,3,8,332,340,2.35
March 31 2018,Queens,NY,Passenger,1,0,1,66,67,1.49
December 31 2023,Bexar,TX,Passenger,4,4,8,410,418,1.91
July 31 2022,Charles,MD,Passenger,1,1,2,62,64,3.12
January 31 2020,Powhatan,VA,Passenger,1,0,1,1,2,50.00
February 28 2017,Asotin,WA,Passenger,4,3,7,12320,12327,0.06
October 31 2020,Bartow,GA,Passenger,0,1,1,5,6,16.67
June 30 2022,Pulaski,MO,Passenger,2,0,2,117,119,1.68
October 31 2024,Yolo,CA,Passenger,2,0,2,25,27,7.41
October 31 2019,Montgomery,TX,Passenger,1,0,1,66,67,1.49
June 30 2021,Gwinnett,GA,Passenger,1,0,1,71,72,1.39
October 31 2018,New Haven,CT,Passenger,0,1,1,45,46,2.17
June 30 2022,Lincoln,OR,Passenger,0,1,1,36,37,2.70
March 31 2024,Monroe,WI,Passenger,1,0,1,9,10,10.00
January 31 2025,Santa Cruz,AZ,Passenger,1,0,1,4,5,20.00
January 31 2021,Benton,WA,Passenger,451,361,812,135013,135825,0.60
April 30 2024,Bell,TX,Passenger,2,0,2,251,253,0.79
April 30 2017,Klickitat,WA,Passenger,22,23,45,14773,14818,0.30
December 31 2022,Burlington,NJ,Passenger,0,2,2,102,104,1.92
April 30 2020,Montgomery,AL,Passenger,1,1,2,36,38,5.26
October 31 2024,Whitman,WA,Passenger,267,141,408,21884,22292,1.83
December 31 2019,Portsmouth,VA,Passenger,0,1,1,79,80,1.25
June 30 2023,Charles,MD,Passenger,1,1,2,59,61,3.28
July 31 2021,Douglas,WA,Passenger,100,51,151,28495,28646,0.53
January 31 2020,RÃ­o Grande,PR,Passenger,1,0,1,0,1,100.00
July 31 2023,Whatcom,WA,Truck,63,0,63,42630,42693,0.15
July 31 2017,Garfield,WA,Truck,0,0,0,925,925,0.00
October 31 2020,Suffolk,VA,Passenger,1,0,1,127,128,0.78
April 30 2018,Volusia,FL,Passenger,0,1,1,34,35,2.86
May 31 2020,Lake,IL,Passenger,1,0,1,172,173,0.58
February 29 2020,Arapahoe,CO,Passenger,1,0,1,150,151,0.66
June 30 2024,Orange,CA,Passenger,6,2,8,350,358,2.23
January 31 2024,Escambia,FL,Passenger,1,1,2,131,133,1.50
March 31 2021,Miami-Dade,FL,Passenger,1,0,1,113,114,0.88
August 31 2021,Asotin,WA,Truck,0,0,0,6746,6746,0.00
February 28 2022,Miami-Dade,FL,Passenger,1,0,1,108,109,0.92
December 31 2019,Saginaw,MI,Passenger,1,0,1,11,12,8.33
April 30 2020,Jefferson,CO,Passenger,0,1,1,62,63,1.59
December 31 2022,Ferry,WA,Passenger,24,4,28,4325,4353,0.64
February 28 2017,Skagit,WA,Passenger,114,86,200,87248,87448,0.23
October 31 2020,New London,CT,Passenger,1,2,3,232,235,1.28
August 31 2022,Fairfax,VA,Truck,1,0,1,108,109,0.92
February 28 2018,Whatcom,WA,Passenger,556,248,804,145504,146308,0.55
January 31 2020,Skamania,WA,Passenger,29,18,47,8763,8810,0.53
March 31 2023,Charleston,SC,Passenger,1,2,3,67,70,4.29
February 28 2021,Nueces,TX,Passenger,1,0,1,89,90,1.11
September 30 2023,Liberty,GA,Passenger,0,1,1,106,107,0.93
October 31 2022,Walla Walla,WA,Passenger,190,106,296,35638,35934,0.82
December 31 2022,Whitman,WA,Passenger,110,67,177,21838,22015,0.80
June 30 2024,Kern,CA,Passenger,2,1,3,174,177,1.69
June 30 2022,Calvert,MD,Passenger,0,3,3,87,90,3.33
September 30 2023,Walla Walla,WA,Passenger,245,121,366,35378,35744,1.02
September 30 2017,Charles,MD,Passenger,0,1,1,85,86,1.16
October 31 2024,Penobscot,ME,Passenger,0,1,1,4,5,20.00
March 31 2019,Lewis,WA,Passenger,95,92,187,58507,58694,0.32
August 31 2019,Clackamas,OR,Passenger,1,1,2,237,239,0.84
February 28 2021,St. Louis,MO,Passenger,1,0,1,101,102,0.98
September 30 2021,Hanover,VA,Passenger,1,0,1,3,4,25.00
November 30 2019,Norfolk,MA,Passenger,1,0,1,41,42,2.38
July 31 2021,New Haven,CT,Passenger,0,2,2,31,33,6.06
December 31 2023,Polk,OR,Passenger,1,1,2,18,20,10.00
February 28 2019,Adams,WA,Passenger,4,6,10,12660,12670,0.08
February 28 2025,Kane,IL,Passenger,1,0,1,8,9,11.11
December 31 2023,Kings,NY,Passenger,3,0,3,47,50,6.00
February 29 2024,Skamania,WA,Truck,3,0,3,3824,3827,0.08
October 31 2020,Arapahoe,CO,Passenger,1,0,1,135,136,0.74
July 31 2019,Middlesex,MA,Passenger,1,0,1,113,114,0.88
June 30 2018,Garfield,OK,Passenger,1,0,1,19,20,5.00
January 31 2018,DeKalb,GA,Passenger,1,0,1,87,88,1.14
June 30 2022,Thurston,WA,Passenger,2176,1052,3228,193446,196674,1.64
May 31 2019,Grays Harbor,WA,Passenger,73,84,157,47823,47980,0.33
April 30 2024,Lincoln,WA,Truck,1,0,1,4794,4795,0.02
August 31 2023,Lexington,SC,Passenger,1,0,1,19,20,5.00
April 30 2020,Lincoln,WA,Truck,0,0,0,4620,4620,0.00
February 28 2025,Carroll,MD,Passenger,0,1,1,9,10,10.00
June 30 2022,Douglas,WA,Passenger,130,58,188,28472,28660,0.66
December 31 2019,DuPage,IL,Passenger,3,0,3,67,70,4.29
January 31 2024,Miami-Dade,FL,Passenger,3,0,3,76,79,3.80
May 31 2017,Volusia,FL,Passenger,0,1,1,47,48,2.08
September 30 2022,Richmond,NY,Passenger,1,0,1,3,4,25.00
February 28 2023,Dorchester,SC,Passenger,1,0,1,61,62,1.61
November 30 2021,San Juan,WA,Truck,0,0,0,5989,5989,0.00
February 28 2022,Fairbanks North Star,AK,Passenger,0,1,1,84,85,1.18
December 31 2024,Whitman,WA,Truck,16,0,16,8597,8613,0.19
April 30 2021,Lake,IL,Passenger,2,0,2,164,166,1.20
July 31 2021,Ferry,WA,Truck,0,0,0,3647,3647,0.00
September 30 2022,San Bernardino,CA,Passenger,2,1,3,384,387,0.78
April 30 2023,Kings,NY,Passenger,1,0,1,58,59,1.69
November 30 2023,Galveston,TX,Passenger,0,1,1,20,21,4.76
September 30 2022,Benton,WA,Truck,5,0,5,43315,43320,0.01
July 31 2023,Goochland,VA,Passenger,3,2,5,99,104,4.81
January 31 2024,Lewis,WA,Truck,13,0,13,25642,25655,0.05
April 30 2023,Loudoun,VA,Passenger,3,1,4,66,70,5.71
May 31 2021,Juneau,AK,Passenger,0,1,1,30,31,3.23
January 31 2020,Monterey,CA,Passenger,1,1,2,191,193,1.04
June 30 2023,Ventura,CA,Passenger,2,2,4,261,265,1.51
January 31 2020,Cowlitz,WA,Truck,0,0,0,29012,29012,0.00
October 31 2017,San Mateo,CA,Passenger,0,1,1,153,154,0.65
August 31 2019,Pueblo,CO,Passenger,1,0,1,30,31,3.23
September 30 2017,Montgomery,PA,Passenger,1,0,1,38,39,2.56
December 31 2017,Tarrant,TX,Passenger,1,0,1,236,237,0.42
October 31 2021,Kootenai,ID,Passenger,1,2,3,215,218,1.38
April 30 2017,Island,WA,Truck,0,0,0,20515,20515,0.00
September 30 2018,St. Lucie,FL,Passenger,1,0,1,28,29,3.45
December 31 2020,Kittitas,WA,Truck,0,0,0,14647,14647,0.00
September 30 2019,Palm Beach,FL,Passenger,0,2,2,88,90,2.22
August 31 2023,Grant,WA,Truck,13,0,13,28071,28084,0.05
September 30 2021,Orange,CA,Passenger,7,2,9,476,485,1.86
October 31 2018,Douglas,WA,Passenger,47,33,80,27882,27962,0.29
November 30 2021,Sevier,AR,Passenger,0,1,1,1,2,50.00
July 31 2024,Mason,WA,Truck,26,0,26,20451,20477,0.13
April 30 2023,Platte,MO,Passenger,1,1,2,21,23,8.70
April 30 2021,Columbia,WA,Passenger,5,4,9,2477,2486,0.36
February 28 2017,Lewis,WA,Passenger,45,33,78,54965,55043,0.14
May 31 2023,Escambia,FL,Passenger,0,1,1,143,144,0.69
February 28 2022,Okaloosa,FL,Passenger,0,1,1,120,121,0.83
August 31 2021,Orange,FL,Passenger,3,0,3,132,135,2.22
October 31 2021,San Bernardino,CA,Passenger,1,0,1,416,417,0.24
February 28 2023,Lincoln,OR,Passenger,1,1,2,25,27,7.41
February 28 2023,Harnett,NC,Passenger,3,0,3,167,170,1.76
January 31 2019,Pierce,WA,Passenger,1581,1423,3004,539348,542352,0.55
October 31 2022,Pulaski,AR,Passenger,3,0,3,38,41,7.32
October 31 2019,Salt Lake,UT,Passenger,1,0,1,222,223,0.45
November 30 2021,Allen,IN,Passenger,1,0,1,19,20,5.00
March 31 2021,Pacific,WA,Passenger,39,40,79,15888,15967,0.49
December 31 2018,Hennepin,MN,Passenger,2,0,2,118,120,1.67
June 30 2024,Mercer,NJ,Passenger,0,1,1,7,8,12.50
April 30 2019,Williamson,TX,Passenger,0,1,1,169,170,0.59
February 28 2019,Lee,AL,Passenger,1,0,1,34,35,2.86
February 28 2025,King,WA,Truck,2350,1,2351,168078,170429,1.38
August 31 2024,Newport News,VA,Passenger,1,0,1,95,96,1.04
April 30 2023,Kittitas,WA,Passenger,328,97,425,29394,29819,1.43
February 28 2018,Grant,WA,Passenger,31,38,69,62305,62374,0.11
April 30 2019,Owyhee,ID,Passenger,1,0,1,5,6,16.67
December 31 2021,Kings,CA,Passenger,2,0,2,324,326,0.61
August 31 2023,San Juan,WA,Passenger,642,177,819,13755,14574,5.62
January 31 2024,New Castle,DE,Passenger,1,0,1,19,20,5.00
December 31 2020,Kern,CA,Passenger,0,1,1,218,219,0.46
February 28 2017,Collier,FL,Passenger,1,0,1,26,27,3.70
November 30 2017,Nantucket,MA,Passenger,1,0,1,3,4,25.00
March 31 2020,St. Louis,MO,Passenger,1,0,1,103,104,0.96
May 31 2024,Hartford,CT,Passenger,1,0,1,21,22,4.55
August 31 2024,Isle of Wight,VA,Passenger,0,1,1,16,17,5.88
January 31 2018,Kittitas,WA,Passenger,37,27,64,28624,28688,0.22
January 31 2019,Skagit,WA,Passenger,271,186,457,91322,91779,0.50
March 31 2025,Middlesex,MA,Passenger,5,0,5,62,67,7.46
September 30 2017,Albemarle,VA,Passenger,0,1,1,31,32,3.12
August 31 2024,Denton,TX,Passenger,1,0,1,41,42,2.38
March 31 2021,Okaloosa,FL,Passenger,0,1,1,141,142,0.70
September 30 2021,Santa Clara,CA,Passenger,12,3,15,302,317,4.73
November 30 2017,Island,WA,Passenger,147,157,304,61278,61582,0.49
May 31 2020,Maricopa,AZ,Passenger,7,9,16,1652,1668,0.96
April 30 2020,Botetourt,VA,Passenger,1,0,1,0,1,100.00
June 30 2018,Lincoln,WA,Truck,0,0,0,4557,4557,0.00
July 31 2020,Moore,NC,Passenger,0,2,2,165,167,1.20
July 31 2021,Thurston,WA,Passenger,1654,892,2546,197193,199739,1.27
July 31 2023,Wahkiakum,WA,Truck,3,0,3,1774,1777,0.17
May 31 2024,Saginaw,MI,Passenger,0,1,1,4,5,20.00
November 30 2021,Mercer,NJ,Passenger,0,1,1,12,13,7.69
March 31 2020,Garfield,WA,Passenger,0,1,1,1349,1350,0.07
February 28 2025,Monroe,WI,Passenger,2,0,2,7,9,22.22
March 31 2019,Nueces,TX,Passenger,1,1,2,94,96,2.08
June 30 2017,Utah,UT,Passenger,0,1,1,169,170,0.59
February 29 2024,Tompkins,NY,Passenger,1,0,1,12,13,7.69
February 28 2019,Guadalupe,TX,Passenger,1,0,1,79,80,1.25
March 31 2022,Lincoln,OR,Passenger,0,1,1,39,40,2.50
October 31 2018,Yakima,WA,Truck,0,0,0,58741,58741,0.00
September 30 2021,Washington,MD,Passenger,2,0,2,11,13,15.38
November 30 2023,Burlington,NJ,Passenger,2,2,4,88,92,4.35
August 31 2017,King,WA,Truck,7,1,8,186672,186680,0.00
December 31 2023,San Bernardino,CA,Passenger,5,1,6,348,354,1.69
March 31 2025,Atlantic,NJ,Passenger,1,0,1,4,5,20.00
September 30 2020,Denver,CO,Passenger,1,0,1,128,129,0.78
February 29 2024,Galveston,TX,Passenger,1,1,2,20,22,9.09
June 30 2018,San Francisco,CA,Passenger,1,2,3,132,135,2.22
December 31 2024,Williamson,TX,Passenger,2,0,2,60,62,3.23
January 31 2025,San Luis Obispo,CA,Passenger,0,1,1,39,40,2.50
May 31 2023,Geary,KS,Passenger,1,0,1,79,80,1.25
February 28 2022,Pacific,WA,Passenger,58,65,123,15993,16116,0.76
August 31 2022,Whatcom,WA,Truck,13,0,13,43075,43088,0.03
November 30 2017,Hawaii,HI,Passenger,1,0,1,84,85,1.18
May 31 2020,Grays Harbor,WA,Passenger,106,111,217,47995,48212,0.45
July 31 2017,Okanogan,WA,Passenger,4,18,22,25623,25645,0.09
August 31 2022,Douglas,WA,Truck,1,0,1,12749,12750,0.01
January 31 2025,Grays Harbor,WA,Passenger,553,272,825,47656,48481,1.70
January 31 2024,Klickitat,WA,Truck,16,0,16,8156,8172,0.20
February 28 2019,San Francisco,CA,Passenger,2,2,4,118,122,3.28
May 31 2023,Greene,OH,Passenger,2,0,2,28,30,6.67
May 31 2022,Virginia Beach,VA,Passenger,1,0,1,564,565,0.18
May 31 2022,Kittitas,WA,Passenger,247,81,328,29710,30038,1.09
May 31 2022,Kings,NY,Passenger,2,0,2,69,71,2.82
August 31 2022,Goochland,VA,Passenger,3,2,5,167,172,2.91
September 30 2024,Fredericksburg,VA,Passenger,1,0,1,3,4,25.00
March 31 2021,Jefferson,WA,Passenger,303,175,478,24794,25272,1.89
February 28 2018,Pinal,AZ,Passenger,2,0,2,223,225,0.89
April 30 2022,Juneau,AK,Passenger,0,1,1,35,36,2.78
May 31 2020,District of Columbia,DC,Passenger,1,1,2,191,193,1.04
May 31 2020,Harrison,MS,Passenger,1,0,1,55,56,1.79
October 31 2017,St. Lucie,FL,Passenger,1,0,1,26,27,3.70
August 31 2020,Ferry,WA,Truck,0,0,0,3577,3577,0.00
August 31 2020,Pulaski,MO,Passenger,1,0,1,136,137,0.73
April 30 2023,Essex,NJ,Passenger,2,0,2,10,12,16.67
April 30 2023,Bexar,TX,Passenger,5,3,8,462,470,1.70
January 31 2023,Prince George,VA,Passenger,1,0,1,55,56,1.79
July 31 2018,Alameda,CA,Passenger,0,1,1,356,357,0.28
April 30 2020,Penobscot,ME,Passenger,0,2,2,17,19,10.53
October 31 2019,Solano,CA,Passenger,1,0,1,215,216,0.46
January 31 2022,Skamania,WA,Truck,0,0,0,3985,3985,0.00
February 28 2023,Honolulu,HI,Passenger,4,3,7,395,402,1.74
September 30 2017,Manassas,VA,Passenger,0,1,1,9,10,10.00
March 31 2018,Travis,TX,Passenger,1,0,1,203,204,0.49
August 31 2019,Hennepin,MN,Passenger,3,1,4,123,127,3.15
December 31 2017,King,WA,Passenger,11270,4682,15952,1369818,1385770,1.15
September 30 2017,Deschutes,OR,Passenger,1,0,1,205,206,0.49
May 31 2019,Klamath,OR,Passenger,1,0,1,44,45,2.22
August 31 2021,St. Clair,IL,Passenger,1,0,1,146,147,0.68
September 30 2019,Kent,MI,Passenger,0,1,1,28,29,3.45
May 31 2019,Lincoln,WA,Truck,0,0,0,4692,4692,0.00
December 31 2018,Flathead,MT,Passenger,1,0,1,65,66,1.52
September 30 2021,Skagit,WA,Truck,1,0,1,32888,32889,0.00
July 31 2017,Benton,WA,Passenger,155,148,303,128627,128930,0.24
March 31 2025,Dallas,TX,Truck,1,0,1,12,13,7.69
March 31 2021,Kittitas,WA,Passenger,145,55,200,29869,30069,0.67
August 31 2020,Lewis,WA,Truck,0,0,0,26363,26363,0.00
February 28 2023,Currituck,NC,Passenger,1,0,1,23,24,4.17
July 31 2017,San Mateo,CA,Passenger,0,1,1,155,156,0.64
July 31 2019,Valencia,NM,Passenger,1,0,1,9,10,10.00
July 31 2018,Washington,OR,Passenger,0,1,1,503,504,0.20
April 30 2023,Pima,AZ,Passenger,2,0,2,254,256,0.78
May 31 2020,Hillsborough,FL,Passenger,0,1,1,193,194,0.52
January 31 2018,Morris,NJ,Passenger,1,0,1,19,20,5.00
May 31 2017,Flathead,MT,Passenger,1,0,1,69,70,1.43
March 31 2025,San Francisco,CA,Passenger,2,1,3,55,58,5.17
January 31 2017,Salt Lake,UT,Passenger,1,1,2,366,368,0.54
January 31 2017,Alameda,CA,Passenger,6,1,7,401,408,1.72
August 31 2024,Sarasota,FL,Passenger,1,0,1,21,22,4.55
January 31 2023,Walla Walla,WA,Passenger,203,106,309,35667,35976,0.86
August 31 2017,Volusia,FL,Passenger,0,1,1,46,47,2.13
December 31 2019,Camden,NJ,Passenger,0,2,2,18,20,10.00
August 31 2024,Hamilton,OH,Passenger,2,0,2,36,38,5.26
January 31 2023,Alexandria,VA,Passenger,3,0,3,113,116,2.59
July 31 2022,Boulder,CO,Passenger,2,0,2,47,49,4.08
September 30 2021,New York,NY,Passenger,4,0,4,53,57,7.02
March 31 2017,El Paso,CO,Passenger,1,1,2,837,839,0.24
July 31 2020,Suffolk,VA,Passenger,1,0,1,129,130,0.77
January 31 2022,Carson City,NV,Passenger,1,0,1,12,13,7.69
September 30 2023,Ulster,NY,Passenger,1,0,1,8,9,11.11
October 31 2019,Denver,CO,Passenger,1,0,1,142,143,0.70
February 29 2024,Autauga,AL,Passenger,2,2,4,14,18,22.22
November 30 2022,Chatham,NC,Passenger,1,0,1,7,8,12.50
April 30 2019,Grant,WA,Passenger,35,60,95,64362,64457,0.15
November 30 2023,Los Angeles,CA,Passenger,13,4,17,723,740,2.30
December 31 2019,Clark,NV,Passenger,4,3,7,759,766,0.91
December 31 2023,Tarrant,TX,Passenger,2,0,2,118,120,1.67
April 30 2023,St. Louis,MN,Passenger,0,1,1,8,9,11.11
August 31 2019,Klickitat,WA,Truck,0,0,0,8281,8281,0.00
May 31 2021,Asotin,WA,Passenger,19,14,33,12675,12708,0.26
July 31 2022,El Dorado,CA,Passenger,1,0,1,32,33,3.03
July 31 2024,Wise,TX,Passenger,2,0,2,4,6,33.33
October 31 2021,New Haven,CT,Passenger,0,2,2,31,33,6.06
January 31 2023,Denton,TX,Passenger,2,0,2,73,75,2.67
March 31 2021,Pennington,SD,Passenger,1,0,1,33,34,2.94
August 31 2023,Cowlitz,WA,Passenger,521,229,750,69770,70520,1.06
May 31 2023,Yolo,CA,Passenger,2,0,2,27,29,6.90
August 31 2021,Mohave,AZ,Passenger,1,0,1,73,74,1.35
May 31 2020,Ada,ID,Passenger,0,1,1,310,311,0.32
September 30 2022,Dorchester,SC,Passenger,1,0,1,68,69,1.45
November 30 2022,Harnett,NC,Passenger,3,0,3,177,180,1.67
November 30 2023,Harris,TX,Passenger,2,2,4,176,180,2.22
April 30 2021,Duval,FL,Passenger,0,2,2,366,368,0.54
July 31 2023,Harnett,NC,Passenger,4,1,5,161,166,3.01
February 28 2022,Eagle,CO,Passenger,1,0,1,6,7,14.29
February 28 2018,Kitsap,WA,Truck,1,0,1,52832,52833,0.00
May 31 2020,Travis,TX,Passenger,4,2,6,201,207,2.90
April 30 2023,Leavenworth,KS,Passenger,1,2,3,89,92,3.26
June 30 2022,Lewis,WA,Passenger,233,179,412,59621,60033,0.69
October 31 2024,Bannock,ID,Passenger,1,0,1,7,8,12.50
February 28 2018,Clallam,WA,Truck,0,0,0,21292,21292,0.00
December 31 2018,Hawaii,HI,Passenger,1,0,1,71,72,1.39
May 31 2019,Muskogee,OK,Passenger,0,1,1,2,3,33.33
January 31 2021,Klamath,OR,Passenger,1,0,1,37,38,2.63
March 31 2024,Pend Oreille,WA,Truck,3,0,3,5579,5582,0.05
December 31 2021,Lincoln,WA,Passenger,7,16,23,7698,7721,0.30
December 31 2019,Thurston,WA,Passenger,1050,700,1750,198943,200693,0.87
May 31 2020,San Francisco,CA,Passenger,1,2,3,105,108,2.78
March 31 2020,Dallas,TX,Passenger,1,0,1,215,216,0.46
September 30 2023,Adams,WA,Truck,3,0,3,5363,5366,0.06
April 30 2023,Washoe,NV,Passenger,3,0,3,70,73,4.11
March 31 2017,King,WA,Truck,8,1,9,189682,189691,0.00
May 31 2022,Douglas,WA,Truck,0,0,0,12757,12757,0.00
May 31 2024,Walla Walla,WA,Passenger,295,157,452,35301,35753,1.26
December 31 2018,Island,WA,Passenger,276,226,502,63087,63589,0.79
February 28 2019,Pima,AZ,Passenger,1,1,2,440,442,0.45
March 31 2017,Monroe,NY,Passenger,1,0,1,30,31,3.23
September 30 2021,Pierce,WA,Truck,0,0,0,145169,145169,0.00
October 31 2023,Pinellas,FL,Passenger,1,0,1,64,65,1.54
September 30 2023,Columbia,OR,Passenger,1,0,1,17,18,5.56
February 28 2022,Stafford,VA,Passenger,2,1,3,103,106,2.83
September 30 2018,Howard,MD,Passenger,0,1,1,94,95,1.05
April 30 2025,Palm Beach,FL,Passenger,1,0,1,26,27,3.70
October 31 2022,Anchorage,AK,Passenger,1,0,1,142,143,0.70
May 31 2017,Asotin,WA,Passenger,6,3,9,12370,12379,0.07
January 31 2021,Orange,CA,Passenger,6,3,9,493,502,1.79
February 28 2023,Wayne,MI,Passenger,0,1,1,35,36,2.78
June 30 2019,Douglas,WA,Passenger,57,37,94,28019,28113,0.33
January 31 2018,Mason,WA,Truck,0,0,0,19642,19642,0.00
October 31 2019,Deschutes,OR,Passenger,4,0,4,170,174,2.30
March 31 2025,Houston,GA,Passenger,1,0,1,27,28,3.57
August 31 2022,Kings,NY,Passenger,1,0,1,66,67,1.49
May 31 2024,Tompkins,NY,Passenger,1,0,1,12,13,7.69
May 31 2020,Walla Walla,WA,Truck,0,0,0,13658,13658,0.00
June 30 2021,Arapahoe,CO,Passenger,1,0,1,126,127,0.79
July 31 2024,Oldham,KY,Passenger,0,1,1,4,5,20.00
January 31 2025,Providence,RI,Passenger,1,0,1,19,20,5.00
August 31 2023,Cowlitz,WA,Truck,10,0,10,28053,28063,0.04
July 31 2023,Asotin,WA,Truck,0,0,0,6604,6604,0.00
July 31 2020,Kittitas,WA,Passenger,104,47,151,29743,29894,0.51
April 30 2018,Alameda,CA,Passenger,0,1,1,365,366,0.27
February 28 2017,Lane,OR,Passenger,0,1,1,264,265,0.38
March 31 2022,Bristol,MA,Passenger,1,0,1,15,16,6.25
October 31 2020,Greene,MO,Passenger,0,1,1,41,42,2.38
July 31 2020,Whitman,WA,Passenger,45,49,94,22093,22187,0.42
July 31 2022,Pulaski,AR,Passenger,1,0,1,37,38,2.63
June 30 2019,Maui,HI,Passenger,2,0,2,47,49,4.08
March 31 2025,Sacramento,CA,Passenger,1,0,1,132,133,0.75
September 30 2019,Mason,WA,Passenger,133,126,259,47409,47668,0.54
February 29 2024,Spokane,WA,Passenger,3030,1466,4496,320063,324559,1.39
December 31 2018,Pierce,WA,Passenger,1509,1373,2882,538484,541366,0.53
February 28 2023,Leavenworth,KS,Passenger,1,2,3,90,93,3.23
March 31 2018,Benton,WA,Passenger,176,187,363,130745,131108,0.28
July 31 2023,Salt Lake,UT,Passenger,4,1,5,147,152,3.29
June 30 2024,Pulaski,AR,Passenger,1,0,1,26,27,3.70
May 31 2019,Riverside,CA,Passenger,2,2,4,698,702,0.57
December 31 2023,Lane,OR,Passenger,0,1,1,78,79,1.27
September 30 2018,Klamath,OR,Passenger,1,0,1,40,41,2.44
September 30 2019,Washtenaw,MI,Passenger,1,0,1,43,44,2.27
November 30 2020,Fairbanks North Star,AK,Passenger,0,1,1,99,100,1.00
May 31 2021,Sevier,AR,Passenger,0,1,1,1,2,50.00
September 30 2023,Hoke,NC,Passenger,1,0,1,76,77,1.30
January 31 2025,Charlottesville,VA,Passenger,0,2,2,5,7,28.57
October 31 2021,Cook,IL,Passenger,2,0,2,243,245,0.82
December 31 2020,RÃ­o Grande,PR,Passenger,1,0,1,0,1,100.00
October 31 2019,Cowlitz,WA,Truck,0,0,0,29009,29009,0.00
September 30 2018,Adams,WA,Passenger,5,5,10,12672,12682,0.08
November 30 2023,Allegheny,PA,Passenger,3,0,3,63,66,4.55
December 31 2024,Grays Harbor,WA,Truck,27,0,27,20672,20699,0.13
November 30 2018,Alameda,CA,Passenger,0,2,2,342,344,0.58
June 30 2019,New Haven,CT,Passenger,0,2,2,47,49,4.08
March 31 2023,Isle of Wight,VA,Passenger,0,1,1,19,20,5.00
August 31 2023,Klickitat,WA,Truck,11,0,11,8214,8225,0.13
July 31 2021,Chelan,WA,Passenger,351,102,453,54672,55125,0.82
January 31 2025,Bay,FL,Passenger,1,0,1,22,23,4.35
October 31 2018,Stevens,WA,Passenger,14,28,42,31783,31825,0.13
April 30 2024,Washington,WI,Passenger,1,0,1,0,1,100.00
March 31 2018,Klickitat,WA,Passenger,26,27,53,14968,15021,0.35
May 31 2018,Madison,ID,Passenger,1,0,1,36,37,2.70
September 30 2017,St. Lucie,FL,Passenger,1,0,1,26,27,3.70
March 31 2024,Johnson,MO,Passenger,1,0,1,26,27,3.70
May 31 2024,Johnson,MO,Passenger,1,0,1,27,28,3.57
November 30 2024,Caddo,LA,Passenger,1,0,1,14,15,6.67
January 31 2022,Ray,MO,Passenger,0,1,1,1,2,50.00
February 28 2022,Kitsap,WA,Passenger,2225,984,3209,178895,182104,1.76
November 30 2020,Broward,FL,Passenger,2,1,3,113,116,2.59
March 31 2018,Dakota,MN,Passenger,0,2,2,41,43,4.65
October 31 2022,Portsmouth,VA,Passenger,0,1,1,77,78,1.28
March 31 2020,Frederick,MD,Passenger,1,1,2,71,73,2.74
July 31 2023,Botetourt,VA,Passenger,1,0,1,0,1,100.00
January 31 2022,Lake,IL,Passenger,5,0,5,162,167,2.99
November 30 2022,Albemarle,VA,Passenger,2,0,2,23,25,8.00
May 31 2019,Bergen,NJ,Passenger,1,0,1,27,28,3.57
March 31 2025,Santa Clara,CA,Passenger,14,5,19,158,177,10.73
May 31 2024,Oldham,KY,Passenger,0,1,1,4,5,20.00
August 31 2023,Whatcom,WA,Truck,66,0,66,42571,42637,0.15
February 28 2021,Okaloosa,FL,Passenger,0,1,1,142,143,0.70
October 31 2023,Skagit,WA,Truck,31,0,31,31705,31736,0.10
December 31 2022,Cowlitz,WA,Passenger,405,188,593,70126,70719,0.84
May 31 2024,San Diego,CA,Truck,1,0,1,438,439,0.23
November 30 2021,Douglas,WA,Truck,0,0,0,12681,12681,0.00
November 30 2019,Mason,WA,Passenger,140,128,268,47576,47844,0.56
May 31 2023,San Juan,WA,Passenger,608,177,785,13799,14584,5.38
August 31 2020,Maricopa,AZ,Passenger,7,10,17,1613,1630,1.04
January 31 2017,Bergen,NJ,Passenger,0,2,2,33,35,5.71
April 30 2021,Howard,IN,Passenger,0,1,1,4,5,20.00
June 30 2022,Charleston,SC,Passenger,1,2,3,72,75,4.00
December 31 2017,Queens,NY,Passenger,1,0,1,63,64,1.56
August 31 2023,Cascade,MT,Passenger,0,1,1,41,42,2.38
December 31 2024,Richmond,VA,Passenger,1,0,1,7,8,12.50
June 30 2021,Richland,SC,Passenger,0,1,1,142,143,0.70
December 31 2024,Yuba,CA,Passenger,1,0,1,53,54,1.85
March 31 2017,Virginia Beach,VA,Passenger,2,1,3,651,654,0.46
January 31 2020,Owyhee,ID,Passenger,1,0,1,3,4,25.00
April 30 2024,Island,WA,Passenger,1429,526,1955,60536,62491,3.13
June 30 2021,Botetourt,VA,Passenger,1,0,1,0,1,100.00
November 30 2023,Saginaw,MI,Passenger,0,1,1,5,6,16.67
December 31 2023,Middlesex,NJ,Passenger,1,0,1,21,22,4.55
April 30 2018,Lewis,WA,Passenger,78,53,131,57356,57487,0.23
April 30 2021,Clackamas,OR,Passenger,2,0,2,203,205,0.98
November 30 2017,Douglas,WA,Truck,0,0,0,11703,11703,0.00
April 30 2021,Williams,ND,Passenger,0,1,1,10,11,9.09
January 31 2024,Montgomery,PA,Passenger,1,0,1,22,23,4.35
April 30 2022,Lewis,WA,Passenger,230,173,403,59405,59808,0.67
March 31 2020,Yakima,WA,Passenger,124,116,240,165754,165994,0.14
April 30 2021,Rockingham,NH,Passenger,1,0,1,29,30,3.33
April 30 2025,Pulaski,AR,Truck,1,0,1,3,4,25.00
March 31 2024,Henrico,VA,Passenger,2,1,3,16,19,15.79
July 31 2024,Ferry,WA,Passenger,32,4,36,4272,4308,0.84
October 31 2017,Whitman,WA,Passenger,12,20,32,22293,22325,0.14
August 31 2024,Wahkiakum,WA,Passenger,42,25,67,3061,3128,2.14
February 28 2019,Lewis,WA,Truck,0,0,0,25691,25691,0.00
February 29 2020,San Joaquin,CA,Passenger,1,0,1,146,147,0.68
August 31 2024,Otero,NM,Passenger,0,1,1,18,19,5.26
August 31 2019,Shasta,CA,Passenger,1,0,1,42,43,2.33
April 30 2021,Baltimore,MD,Passenger,1,0,1,117,118,0.85
April 30 2024,Pierce,WA,Passenger,10564,3443,14007,521618,535625,2.62
November 30 2019,Kent,MI,Passenger,0,1,1,30,31,3.23
January 31 2023,Placer,CA,Passenger,2,0,2,80,82,2.44
December 31 2018,Shasta,CA,Passenger,1,0,1,44,45,2.22
March 31 2025,Ferry,WA,Passenger,28,8,36,4162,4198,0.86
May 31 2020,Hennepin,MN,Passenger,3,0,3,108,111,2.70
May 31 2023,Wake,NC,Passenger,4,1,5,111,116,4.31
March 31 2021,Chesapeake,VA,Passenger,0,2,2,421,423,0.47
September 30 2023,Mercer,NJ,Passenger,0,1,1,12,13,7.69
December 31 2021,Ada,ID,Passenger,2,0,2,245,247,0.81
February 28 2022,Kern,CA,Passenger,1,1,2,209,211,0.95
September 30 2022,Olmsted,MN,Passenger,1,0,1,8,9,11.11
February 28 2019,Cumberland,NC,Passenger,1,2,3,520,523,0.57
May 31 2025,Ventura,CA,Passenger,3,2,5,196,201,2.49
October 31 2018,King,WA,Truck,7,1,8,182739,182747,0.00
December 31 2019,Palm Beach,FL,Passenger,0,2,2,87,89,2.25
December 31 2024,Cochise,AZ,Passenger,1,0,1,59,60,1.67
April 30 2023,Grays Harbor,WA,Passenger,287,182,469,48302,48771,0.96
January 31 2021,Adams,WA,Passenger,10,6,16,12957,12973,0.12
March 31 2024,Moore,NC,Passenger,0,1,1,121,122,0.82
November 30 2023,District of Columbia,DC,Passenger,2,0,2,153,155,1.29
March 31 2024,Douglas,WA,Passenger,270,89,359,28905,29264,1.23
April 30 2018,Kitsap,WA,Truck,1,0,1,52982,52983,0.00
July 31 2023,Prince George,VA,Passenger,1,0,1,59,60,1.67
July 31 2024,Hardin,KY,Truck,1,0,1,19,20,5.00
August 31 2023,Fairfax,VA,Passenger,12,3,15,626,641,2.34
September 30 2021,Montgomery,OH,Passenger,0,1,1,61,62,1.61
August 31 2024,Muscogee,GA,Passenger,2,2,4,102,106,3.77
December 31 2022,Skagit,WA,Passenger,918,355,1273,89154,90427,1.41
September 30 2018,Riverside,CA,Passenger,2,2,4,729,733,0.55
February 28 2017,Deschutes,OR,Passenger,1,0,1,213,214,0.47
July 31 2017,Polk,FL,Passenger,1,0,1,68,69,1.45
January 31 2019,Skamania,WA,Passenger,18,15,33,8733,8766,0.38
August 31 2018,Lincoln,WA,Passenger,3,7,10,7744,7754,0.13
March 31 2023,Palm Beach,FL,Passenger,3,1,4,56,60,6.67
November 30 2023,Hamilton,IN,Passenger,1,0,1,27,28,3.57
July 31 2021,Pierce,WA,Truck,0,0,0,145579,145579,0.00
October 31 2019,Stevens,WA,Truck,0,0,0,18756,18756,0.00
May 31 2018,Douglas,WA,Truck,0,0,0,11898,11898,0.00
September 30 2019,Montgomery,TX,Passenger,1,0,1,66,67,1.49
November 30 2021,Lake,FL,Passenger,1,0,1,27,28,3.57
June 30 2019,St. Clair,IL,Passenger,0,1,1,174,175,0.57
April 30 2023,Weld,CO,Passenger,1,0,1,24,25,4.00
April 30 2020,Washington,WI,Passenger,1,0,1,3,4,25.00
November 30 2018,Bergen,NJ,Passenger,1,0,1,27,28,3.57
February 29 2020,Shelby,OH,Passenger,0,1,1,2,3,33.33
February 29 2020,Cowlitz,WA,Passenger,128,111,239,73434,73673,0.32
March 31 2022,Benton,WA,Passenger,696,446,1142,135491,136633,0.84
November 30 2023,Newport,RI,Passenger,0,2,2,55,57,3.51
December 31 2022,Autauga,AL,Passenger,2,0,2,14,16,12.50
February 28 2018,Garfield,WA,Passenger,1,0,1,1325,1326,0.08
January 31 2020,Virginia Beach,VA,Passenger,1,0,1,702,703,0.14
November 30 2024,Bristol,MA,Passenger,1,0,1,5,6,16.67
September 30 2017,Palm Beach,FL,Passenger,0,2,2,99,101,1.98
March 31 2020,Essex,MA,Passenger,1,0,1,29,30,3.33
June 30 2020,Prince William,VA,Passenger,2,4,6,218,224,2.68
April 30 2023,Clark,WA,Truck,82,0,82,81251,81333,0.10
August 31 2020,Charleston,SC,Passenger,2,0,2,103,105,1.90
September 30 2019,Davidson,TN,Passenger,1,0,1,88,89,1.12
December 31 2022,Pierce,WA,Passenger,6138,2500,8638,536527,545165,1.58
February 28 2025,Cowlitz,WA,Truck,38,0,38,27871,27909,0.14
May 31 2022,Powhatan,VA,Passenger,1,0,1,2,3,33.33
December 31 2021,Kittitas,WA,Truck,0,0,0,14793,14793,0.00
April 30 2024,Hawaii,HI,Passenger,1,0,1,35,36,2.78
October 31 2024,Columbia,GA,Passenger,1,1,2,80,82,2.44
October 31 2021,Maui,HI,Passenger,1,0,1,27,28,3.57
March 31 2023,Ferry,WA,Truck,0,0,0,3568,3568,0.00
December 31 2023,Kings,CA,Passenger,5,1,6,269,275,2.18
November 30 2023,Lewis,WA,Truck,10,0,10,25694,25704,0.04
May 31 2023,Williamsburg,VA,Passenger,0,1,1,6,7,14.29
December 31 2020,Grays Harbor,WA,Truck,0,0,0,21188,21188,0.00
November 30 2019,District of Columbia,DC,Passenger,1,1,2,196,198,1.01
March 31 2023,Clark,NV,Passenger,10,4,14,592,606,2.31
April 30 2024,Klickitat,WA,Truck,19,0,19,8202,8221,0.23
April 30 2018,Maricopa,AZ,Passenger,1,2,3,1709,1712,0.18
September 30 2021,El Paso,TX,Passenger,2,0,2,398,400,0.50
January 31 2019,Hennepin,MN,Passenger,2,0,2,120,122,1.64
July 31 2023,Franklin,WA,Truck,6,0,6,20877,20883,0.03
July 31 2019,Mercer,NJ,Passenger,0,1,1,15,16,6.25
July 31 2019,Richland,SC,Passenger,0,1,1,156,157,0.64
May 31 2020,Sussex,NJ,Passenger,1,0,1,3,4,25.00
February 28 2022,Marion,IN,Passenger,1,0,1,50,51,1.96
November 30 2023,Davidson,TN,Passenger,1,0,1,46,47,2.13
May 31 2017,Cascade,MT,Passenger,0,1,1,68,69,1.45
November 30 2024,Portsmouth,VA,Passenger,0,2,2,59,61,3.28
November 30 2022,Baltimore,MD,Passenger,1,0,1,78,79,1.27
January 31 2023,Yellowstone,MT,Passenger,0,1,1,26,27,3.70
June 30 2022,Montgomery,TX,Passenger,2,0,2,45,47,4.26
June 30 2022,St. Lawrence,NY,Passenger,1,0,1,6,7,14.29
March 31 2018,St. Lucie,FL,Passenger,1,0,1,26,27,3.70
August 31 2021,Contra Costa,CA,Passenger,2,4,6,250,256,2.34
May 31 2022,Geary,KS,Passenger,1,0,1,85,86,1.16
August 31 2018,Kittitas,WA,Truck,0,0,0,14111,14111,0.00
June 30 2020,Pacific,WA,Passenger,33,33,66,15734,15800,0.42
January 31 2021,San Juan,WA,Truck,0,0,0,5860,5860,0.00
December 31 2023,Utah,UT,Passenger,2,0,2,99,101,1.98
August 31 2023,Meade,KY,Passenger,1,0,1,17,18,5.56
March 31 2021,Travis,TX,Passenger,4,4,8,193,201,3.98
April 30 2022,Garfield,WA,Passenger,0,3,3,1323,1326,0.23
January 31 2025,Bergen,NJ,Passenger,1,0,1,7,8,12.50
December 31 2024,Berkeley,SC,Passenger,1,0,1,87,88,1.14
January 31 2017,Orange,FL,Passenger,0,1,1,165,166,0.60
November 30 2023,Adams,CO,Passenger,1,0,1,33,34,2.94
April 30 2020,Lake,CA,Passenger,0,1,1,12,13,7.69
September 30 2024,Lee,AL,Passenger,1,0,1,16,17,5.88
March 31 2022,Skagit,WA,Truck,1,0,1,32497,32498,0.00
October 31 2017,Santa Clara,CA,Passenger,6,1,7,410,417,1.68
July 31 2019,Orange,FL,Passenger,1,0,1,174,175,0.57
August 31 2020,Snohomish,WA,Passenger,4638,1782,6420,535646,542066,1.18
November 30 2022,New London,CT,Passenger,2,4,6,201,207,2.90
November 30 2021,Suffolk,MA,Passenger,1,2,3,36,39,7.69
May 31 2024,Contra Costa,CA,Passenger,4,1,5,153,158,3.16
December 31 2021,Garfield,WA,Truck,0,0,0,998,998,0.00
August 31 2024,Lewis,WA,Passenger,513,405,918,59823,60741,1.51
April 30 2025,Thurston,WA,Passenger,5644,1917,7561,187266,194827,3.88
November 30 2021,Clark,NV,Passenger,8,3,11,692,703,1.56
November 30 2023,Cumberland,NC,Passenger,2,3,5,346,351,1.42
June 30 2024,Kootenai,ID,Passenger,3,3,6,107,113,5.31
February 29 2024,Sarpy,NE,Passenger,1,1,2,63,65,3.08
February 28 2021,Camden,NJ,Passenger,0,1,1,14,15,6.67
July 31 2017,Columbia,WA,Passenger,1,1,2,2351,2353,0.08
April 30 2025,Sedgwick,KS,Passenger,0,1,1,43,44,2.27
July 31 2017,Lake,CA,Passenger,0,1,1,15,16,6.25
May 31 2023,Tom Green,TX,Passenger,0,1,1,18,19,5.26
May 31 2018,Pacific,WA,Truck,0,0,0,7584,7584,0.00
June 30 2021,Ulster,NY,Passenger,1,0,1,15,16,6.25
July 31 2024,San Francisco,CA,Passenger,2,1,3,63,66,4.55
October 31 2024,Pima,AZ,Passenger,2,0,2,170,172,1.16
February 28 2023,Clark,WA,Passenger,5167,2102,7269,313287,320556,2.27
November 30 2019,Mason,WA,Truck,0,0,0,20495,20495,0.00
May 31 2023,Honolulu,HI,Passenger,4,3,7,366,373,1.88
December 31 2022,Chelan,WA,Truck,13,0,13,23063,23076,0.06
January 31 2021,Franklin,WA,Truck,0,0,0,20478,20478,0.00
February 28 2018,Adams,WA,Truck,0,0,0,5135,5135,0.00
March 31 2020,Lee,FL,Passenger,1,0,1,57,58,1.72
July 31 2022,Cass,MN,Passenger,0,1,1,3,4,25.00
December 31 2018,Manatee,FL,Passenger,1,0,1,42,43,2.33
July 31 2019,Saginaw,MI,Passenger,1,0,1,12,13,7.69
November 30 2019,Vigo,IN,Passenger,1,0,1,6,7,14.29
October 31 2023,Tarrant,TX,Passenger,2,0,2,116,118,1.69
December 31 2021,Hennepin,MN,Passenger,3,0,3,87,90,3.33
August 31 2019,Lake,CA,Passenger,0,1,1,11,12,8.33
February 28 2022,Garfield,WA,Passenger,0,3,3,1347,1350,0.22
April 30 2025,Laramie,WY,Passenger,1,1,2,18,20,10.00
January 31 2019,Calvert,MD,Passenger,0,1,1,87,88,1.14
January 31 2018,District of Columbia,DC,Passenger,0,3,3,193,196,1.53
February 29 2024,Cowlitz,WA,Passenger,631,260,891,69450,70341,1.27
April 30 2022,Snohomish,WA,Passenger,7955,2419,10374,533100,543474,1.91
January 31 2019,Multnomah,OR,Passenger,3,5,8,821,829,0.97
June 30 2022,Clark,WA,Passenger,4092,1781,5873,315923,321796,1.83
February 28 2023,Sarasota,FL,Passenger,1,0,1,37,38,2.63
June 30 2020,Stevens,WA,Truck,0,0,0,18625,18625,0.00
September 30 2023,Alameda,CA,Passenger,9,2,11,212,223,4.93
February 28 2023,Tooele,UT,Passenger,1,0,1,10,11,9.09
January 31 2023,Contra Costa,CA,Passenger,1,2,3,203,206,1.46
July 31 2018,Orleans,LA,Passenger,0,1,1,48,49,2.04
March 31 2019,Sedgwick,KS,Passenger,0,1,1,110,111,0.90
August 31 2018,Montgomery,PA,Passenger,2,0,2,37,39,5.13
March 31 2023,Olmsted,MN,Passenger,1,0,1,7,8,12.50
August 31 2024,Greene,OH,Passenger,2,0,2,18,20,10.00
December 31 2018,Kalamazoo,MI,Passenger,1,0,1,18,19,5.26
December 31 2023,Escambia,FL,Truck,1,0,1,28,29,3.45
August 31 2022,Bexar,TX,Passenger,5,3,8,511,519,1.54
November 30 2024,St. Louis,MO,Passenger,1,0,1,38,39,2.56
October 31 2022,Bristol,MA,Passenger,1,0,1,11,12,8.33
July 31 2024,Houston,GA,Passenger,1,0,1,29,30,3.33
May 31 2020,Alexandria,VA,Passenger,1,0,1,138,139,0.72
March 31 2019,Ferry,WA,Truck,0,0,0,3593,3593,0.00
August 31 2019,Suffolk,MA,Passenger,0,1,1,38,39,2.56
April 30 2020,Kootenai,ID,Passenger,1,1,2,236,238,0.84
June 30 2022,San Bernardino,CA,Passenger,2,1,3,401,404,0.74
July 31 2023,Tom Green,TX,Passenger,0,1,1,18,19,5.26
April 30 2021,Camden,NJ,Passenger,0,1,1,13,14,7.14
February 28 2022,Marin,CA,Passenger,1,1,2,43,45,4.44
February 28 2021,Tarrant,TX,Passenger,1,0,1,183,184,0.54
November 30 2017,,,Passenger,3,0,3,447,450,0.67
March 31 2021,Suffolk,VA,Passenger,1,0,1,125,126,0.79
June 30 2022,Columbia,GA,Passenger,0,1,1,101,102,0.98
December 31 2022,Meade,KY,Passenger,1,0,1,19,20,5.00
April 30 2024,Middlesex,CT,Passenger,1,0,1,8,9,11.11
June 30 2022,Cumberland,NC,Passenger,1,4,5,393,398,1.26
September 30 2022,St. Mary's,MD,Passenger,2,0,2,219,221,0.90
April 30 2022,Kern,CA,Passenger,1,1,2,208,210,0.95
March 31 2025,Yakima,WA,Truck,39,0,39,60305,60344,0.06
September 30 2022,Franklin,WA,Passenger,229,112,341,61782,62123,0.55
November 30 2022,Charlottesville,VA,Passenger,0,1,1,6,7,14.29
August 31 2017,Whitman,WA,Passenger,11,22,33,22121,22154,0.15
May 31 2023,Lexington,SC,Passenger,1,0,1,21,22,4.55
January 31 2021,Chatham,NC,Passenger,1,0,1,7,8,12.50
October 31 2023,Brevard,FL,Passenger,1,0,1,71,72,1.39
November 30 2017,Clark,NV,Passenger,2,3,5,815,820,0.61
July 31 2019,Tulsa,OK,Passenger,1,0,1,58,59,1.69
April 30 2023,Wahkiakum,WA,Truck,2,0,2,1790,1792,0.11
February 28 2019,Harris,TX,Passenger,0,1,1,298,299,0.33
August 31 2023,San Joaquin,CA,Passenger,0,1,1,90,91,1.10
January 31 2022,Hamilton,OH,Passenger,1,0,1,44,45,2.22
December 31 2020,Skamania,WA,Passenger,33,22,55,8343,8398,0.65
December 31 2021,Penobscot,ME,Passenger,0,2,2,10,12,16.67
January 31 2024,Whitman,WA,Truck,9,0,9,8617,8626,0.10
August 31 2024,Currituck,NC,Passenger,1,0,1,18,19,5.26
January 31 2020,Chesapeake,VA,Passenger,0,1,1,443,444,0.23
December 31 2021,Okanogan,WA,Passenger,67,45,112,26557,26669,0.42
July 31 2023,Loudoun,VA,Passenger,2,1,3,67,70,4.29
October 31 2017,DeKalb,GA,Passenger,1,0,1,88,89,1.12
February 28 2025,Brevard,FL,Passenger,1,0,1,56,57,1.75
May 31 2017,Prince George's,MD,Passenger,0,1,1,188,189,0.53
July 31 2018,Jefferson,WA,Truck,0,0,0,9578,9578,0.00
April 30 2021,Clark,NV,Passenger,5,3,8,739,747,1.07
October 31 2017,King,WA,Passenger,10936,4480,15416,1371250,1386666,1.11
March 31 2020,San Diego,CA,Passenger,14,4,18,2770,2788,0.65
February 28 2021,Columbia,WA,Truck,0,0,0,1540,1540,0.00
October 31 2018,Clallam,WA,Passenger,136,119,255,50287,50542,0.50
November 30 2024,Island,WA,Passenger,1681,593,2274,60333,62607,3.63
February 28 2021,Bucks,PA,Passenger,1,0,1,25,26,3.85
July 31 2021,Harford,MD,Passenger,0,1,1,60,61,1.64
September 30 2018,St. Mary's,MD,Passenger,1,0,1,220,221,0.45
November 30 2020,Randolph,NC,Passenger,1,0,1,6,7,14.29
November 30 2022,Adams,WA,Passenger,22,11,33,12984,13017,0.25
August 31 2024,St. Lawrence,NY,Passenger,1,0,1,4,5,20.00
May 31 2019,Anne Arundel,MD,Passenger,1,1,2,442,444,0.45
February 28 2025,Tarrant,TX,Passenger,2,0,2,75,77,2.60
January 31 2023,Skamania,WA,Passenger,93,53,146,8088,8234,1.77
April 30 2025,Camden,NJ,Passenger,1,0,1,9,10,10.00
November 30 2023,Lake,IL,Passenger,9,0,9,132,141,6.38
March 31 2022,New York,NY,Passenger,4,0,4,52,56,7.14
February 28 2021,Williams,ND,Passenger,0,1,1,11,12,8.33
May 31 2025,Chesapeake,VA,Passenger,2,0,2,228,230,0.87
August 31 2022,Kittitas,WA,Truck,3,0,3,14608,14611,0.02
May 31 2022,Columbia,WA,Truck,0,0,0,1578,1578,0.00
November 30 2023,Ray,MO,Passenger,0,1,1,1,2,50.00
March 31 2025,Lee,AL,Passenger,1,0,1,15,16,6.25
March 31 2020,Ramsey,MN,Passenger,1,0,1,49,50,2.00
July 31 2021,New York,NY,Passenger,4,0,4,56,60,6.67
April 30 2019,Skamania,WA,Passenger,21,16,37,8705,8742,0.42
March 31 2022,Harford,MD,Passenger,1,1,2,55,57,3.51
February 28 2023,Coryell,TX,Passenger,1,0,1,87,88,1.14
May 31 2022,Philadelphia,PA,Passenger,1,0,1,55,56,1.79
November 30 2019,Wahkiakum,WA,Truck,0,0,0,1750,1750,0.00
June 30 2020,Brevard,FL,Passenger,0,1,1,91,92,1.09
April 30 2025,Collin,TX,Passenger,2,1,3,35,38,7.89
December 31 2021,Whitman,WA,Truck,0,0,0,8549,8549,0.00
June 30 2017,Kitsap,WA,Passenger,605,319,924,173315,174239,0.53
November 30 2021,Wichita,TX,Passenger,1,0,1,45,46,2.17
February 28 2018,San Juan,WA,Truck,0,0,0,5636,5636,0.00
January 31 2018,Benton,WA,Truck,0,0,0,40701,40701,0.00
January 31 2022,Plaquemines,LA,Passenger,0,1,1,18,19,5.26
May 31 2018,Columbia,WA,Truck,0,0,0,1526,1526,0.00
July 31 2018,Ferry,WA,Truck,0,0,0,3534,3534,0.00
January 31 2025,Sedgwick,KS,Passenger,0,1,1,47,48,2.08
June 30 2020,Columbia,WA,Truck,0,0,0,1530,1530,0.00
September 30 2020,Williamson,TX,Passenger,0,2,2,163,165,1.21
November 30 2020,Klickitat,WA,Passenger,62,42,104,14965,15069,0.69
November 30 2022,Loudoun,VA,Passenger,3,1,4,69,73,5.48
January 31 2019,Douglas,WA,Passenger,51,35,86,27997,28083,0.31
December 31 2023,El Dorado,CA,Passenger,2,0,2,24,26,7.69
January 31 2019,Ada,ID,Passenger,0,2,2,333,335,0.60
October 31 2019,El Paso,TX,Passenger,2,0,2,463,465,0.43
February 28 2025,Miami-Dade,FL,Passenger,2,0,2,58,60,3.33
April 30 2023,Sarasota,FL,Passenger,1,0,1,36,37,2.70
September 30 2021,Lake,IN,Passenger,0,1,1,10,11,9.09
December 31 2018,Benton,WA,Passenger,227,235,462,132862,133324,0.35
November 30 2019,Goochland,VA,Passenger,3,1,4,283,287,1.39
February 28 2019,Clark,WA,Truck,0,0,0,79930,79930,0.00
April 30 2017,Howard,MD,Passenger,0,2,2,91,93,2.15
January 31 2023,Hudson,NJ,Passenger,2,0,2,39,41,4.88
July 31 2019,San Juan,WA,Truck,0,0,0,5884,5884,0.00
July 31 2017,Island,WA,Passenger,121,142,263,60223,60486,0.43
December 31 2022,Prince George's,MD,Passenger,3,1,4,146,150,2.67
November 30 2017,Pacific,WA,Truck,0,0,0,7532,7532,0.00
January 31 2021,Anne Arundel,MD,Passenger,2,1,3,401,404,0.74
June 30 2024,Columbia,WA,Truck,0,0,0,1554,1554,0.00
October 31 2018,Collier,FL,Passenger,1,0,1,26,27,3.70
May 31 2020,Sacramento,CA,Passenger,1,1,2,291,293,0.68
October 31 2022,Pierce,WA,Passenger,5729,2438,8167,538500,546667,1.49
June 30 2024,New York,NY,Passenger,4,0,4,37,41,9.76
January 31 2025,Jefferson,WA,Truck,37,0,37,9065,9102,0.41
July 31 2024,Montgomery,PA,Passenger,1,0,1,17,18,5.56
August 31 2019,Klickitat,WA,Passenger,36,35,71,15619,15690,0.45
July 31 2018,Prince William,VA,Passenger,0,5,5,257,262,1.91
August 31 2018,Bexar,TX,Passenger,3,4,7,753,760,0.92
March 31 2021,Okanogan,WA,Truck,0,0,0,16657,16657,0.00
January 31 2020,Montgomery,PA,Passenger,2,0,2,37,39,5.13
September 30 2018,Muskogee,OK,Passenger,0,1,1,2,3,33.33
February 28 2019,District of Columbia,DC,Passenger,1,1,2,196,198,1.01
August 31 2022,Sonoma,CA,Passenger,1,1,2,93,95,2.11
June 30 2024,Pacific,WA,Passenger,117,110,227,15531,15758,1.44
October 31 2020,Washoe,NV,Passenger,1,0,1,112,113,0.88
September 30 2019,Wayne,MI,Passenger,0,1,1,65,66,1.52
November 30 2018,San Juan,WA,Passenger,176,68,244,14203,14447,1.69
June 30 2024,New Castle,DE,Passenger,1,0,1,20,21,4.76
March 31 2023,Kootenai,ID,Truck,1,0,1,37,38,2.63
September 30 2017,Dale,AL,Passenger,0,1,1,62,63,1.59
January 31 2025,Lincoln,WA,Truck,1,0,1,4736,4737,0.02
November 30 2023,Muscogee,GA,Passenger,1,2,3,118,121,2.48
May 31 2022,Collin,TX,Passenger,5,0,5,112,117,4.27
July 31 2022,Lane,OR,Passenger,0,1,1,125,126,0.79
April 30 2023,Onslow,NC,Passenger,0,1,1,152,153,0.65
October 31 2020,Mason,WA,Truck,0,0,0,20811,20811,0.00
March 31 2019,Douglas,CO,Passenger,1,0,1,85,86,1.16
February 29 2024,Richmond,NY,Passenger,1,0,1,5,6,16.67
November 30 2024,Virginia Beach,VA,Truck,1,0,1,112,113,0.88
March 31 2020,Grant,WA,Truck,0,0,0,27045,27045,0.00
December 31 2020,Montgomery,MD,Passenger,1,0,1,247,248,0.40
April 30 2025,St. Mary's,MD,Passenger,4,0,4,173,177,2.26
January 31 2019,Whitman,WA,Passenger,24,40,64,22832,22896,0.28
August 31 2017,Norfolk,MA,Passenger,1,0,1,41,42,2.38
September 30 2022,Howard,MD,Passenger,0,2,2,67,69,2.90
February 29 2024,Meade,KY,Passenger,1,0,1,17,18,5.56
August 31 2018,Ventura,CA,Passenger,0,2,2,339,341,0.59
September 30 2023,New London,CT,Passenger,2,4,6,190,196,3.06
February 28 2023,Fresno,CA,Passenger,1,0,1,159,160,0.62
November 30 2020,Harford,MD,Passenger,0,1,1,63,64,1.56
August 31 2024,Snohomish,WA,Passenger,20239,4224,24463,524154,548617,4.46
December 31 2019,Pueblo,CO,Passenger,1,0,1,30,31,3.23
January 31 2021,Mercer,NJ,Passenger,0,1,1,11,12,8.33
February 29 2024,Bristol,MA,Passenger,1,0,1,8,9,11.11
April 30 2021,St. Mary's,MD,Passenger,1,0,1,233,234,0.43
January 31 2023,Middlesex,MA,Passenger,3,0,3,94,97,3.09
August 31 2020,Carson City,NV,Passenger,1,0,1,12,13,7.69
February 28 2023,Plaquemines,LA,Passenger,1,1,2,19,21,9.52
March 31 2018,San Mateo,CA,Passenger,1,1,2,138,140,1.43
September 30 2019,Lewis,WA,Passenger,107,103,210,59345,59555,0.35
March 31 2022,Shelby,OH,Passenger,0,1,1,4,5,20.00
December 31 2019,Jefferson,WA,Passenger,217,135,352,25158,25510,1.38
June 30 2021,Adams,WA,Passenger,16,11,27,13016,13043,0.21
January 31 2021,Montgomery,AL,Passenger,1,0,1,39,40,2.50
June 30 2024,Stevens,WA,Truck,6,0,6,18719,18725,0.03
May 31 2021,El Paso,CO,Passenger,3,2,5,727,732,0.68
August 31 2019,Kootenai,ID,Passenger,1,2,3,231,234,1.28
March 31 2017,Montgomery,TN,Passenger,1,0,1,289,290,0.34
April 30 2020,Tarrant,TX,Passenger,2,0,2,201,203,0.99
June 30 2021,Pulaski,MO,Passenger,1,0,1,138,139,0.72
January 31 2020,Guadalupe,TX,Passenger,1,0,1,69,70,1.43
October 31 2022,Chelan,WA,Passenger,507,140,647,54074,54721,1.18
October 31 2020,Middlesex,MA,Passenger,1,0,1,99,100,1.00
December 31 2018,Skagit,WA,Passenger,260,187,447,91157,91604,0.49
January 31 2021,Kern,CA,Passenger,0,1,1,217,218,0.46
February 28 2017,Orleans,LA,Passenger,0,1,1,50,51,1.96
October 31 2018,Spokane,WA,Passenger,382,351,733,306033,306766,0.24
July 31 2024,Contra Costa,CA,Passenger,4,1,5,148,153,3.27
September 30 2021,Kings,CA,Passenger,1,0,1,320,321,0.31
March 31 2020,Placer,CA,Passenger,2,0,2,106,108,1.85
March 31 2020,Hudson,NJ,Passenger,1,0,1,44,45,2.22
October 31 2023,Texas,MO,Passenger,1,0,1,2,3,33.33
February 28 2018,Kitsap,WA,Passenger,716,418,1134,176293,177427,0.64
May 31 2024,Grant,WA,Truck,27,0,27,28114,28141,0.10
September 30 2024,Sonoma,CA,Passenger,1,1,2,66,68,2.94
February 28 2025,Fredericksburg,VA,Passenger,1,0,1,3,4,25.00
July 31 2023,Providence,RI,Passenger,1,0,1,20,21,4.76
November 30 2018,Orange,FL,Passenger,3,1,4,175,179,2.23
October 31 2023,Stevens,WA,Truck,2,0,2,18643,18645,0.01
June 30 2023,Clark,WA,Truck,97,0,97,81305,81402,0.12
July 31 2020,Chesapeake,VA,Passenger,0,1,1,430,431,0.23
March 31 2024,San Diego,CA,Passenger,22,8,30,2161,2191,1.37
November 30 2021,Duval,FL,Passenger,0,2,2,352,354,0.56
December 31 2017,Kittitas,WA,Truck,0,0,0,13806,13806,0.00
November 30 2019,Charleston,SC,Passenger,1,0,1,114,115,0.87
April 30 2024,El Paso,TX,Passenger,2,2,4,306,310,1.29
March 31 2021,Okanogan,WA,Passenger,55,35,90,26199,26289,0.34
September 30 2023,Anne Arundel,MD,Truck,1,0,1,44,45,2.22
March 31 2023,Middlesex,NJ,Passenger,1,0,1,24,25,4.00
April 30 2023,San Luis Obispo,CA,Passenger,1,1,2,63,65,3.08
June 30 2024,Wichita,TX,Passenger,1,0,1,31,32,3.12
May 31 2023,Marion,IN,Passenger,1,0,1,37,38,2.63
June 30 2019,San Francisco,CA,Passenger,2,2,4,110,114,3.51
April 30 2021,Adams,WA,Passenger,11,9,20,13037,13057,0.15
August 31 2020,Davidson,TN,Passenger,1,0,1,83,84,1.19
April 30 2023,Benton,WA,Truck,19,0,19,43189,43208,0.04
November 30 2021,Kings,CA,Passenger,2,0,2,323,325,0.62
December 31 2018,Whatcom,WA,Truck,2,0,2,42643,42645,0.00
August 31 2022,Allen,IN,Passenger,1,0,1,17,18,5.56
January 31 2021,Richland,SC,Passenger,0,1,1,144,145,0.69
June 30 2019,Juneau,AK,Passenger,0,2,2,36,38,5.26
November 30 2019,Arlington,VA,Passenger,0,2,2,161,163,1.23
November 30 2020,Prince George's,MD,Passenger,2,1,3,165,168,1.79
December 31 2017,Bexar,TX,Passenger,1,2,3,837,840,0.36
August 31 2022,Queens,NY,Passenger,1,0,1,51,52,1.92
July 31 2024,Calvert,MD,Passenger,1,2,3,73,76,3.95
June 30 2018,Norfolk,VA,Passenger,2,2,4,327,331,1.21
March 31 2024,Pend Oreille,WA,Passenger,34,20,54,8711,8765,0.62
September 30 2019,Alameda,CA,Passenger,3,1,4,310,314,1.27
January 31 2023,Douglas,WA,Passenger,170,57,227,28555,28782,0.79
August 31 2023,Prince George's,MD,Passenger,3,2,5,133,138,3.62
April 30 2025,Washington,OR,Passenger,1,0,1,178,179,0.56
May 31 2023,Montgomery,AL,Passenger,1,0,1,33,34,2.94
October 31 2024,Lewis,WA,Truck,22,0,22,25785,25807,0.09
January 31 2021,Clackamas,OR,Passenger,3,0,3,202,205,1.46
December 31 2023,Fredericksburg,VA,Passenger,1,0,1,5,6,16.67
December 31 2020,Denton,TX,Passenger,1,0,1,98,99,1.01
August 31 2023,Broward,FL,Passenger,1,0,1,63,64,1.56
April 30 2020,Brevard,FL,Passenger,0,1,1,96,97,1.03
June 30 2021,Salt Lake,UT,Passenger,1,1,2,204,206,0.97
April 30 2021,Boulder,CO,Passenger,1,1,2,53,55,3.64
February 28 2021,Rogers,OK,Passenger,1,0,1,10,11,9.09
May 31 2017,Clallam,WA,Passenger,84,74,158,48186,48344,0.33
February 28 2025,Kings,CA,Passenger,3,0,3,230,233,1.29
July 31 2017,Chelan,WA,Truck,0,0,0,21320,21320,0.00
August 31 2019,Shelby,OH,Passenger,0,1,1,2,3,33.33
May 31 2025,Sarpy,NE,Passenger,0,1,1,49,50,2.00
July 31 2021,Stevens,WA,Passenger,49,46,95,30342,30437,0.31
April 30 2022,Orange,FL,Passenger,4,0,4,117,121,3.31
December 31 2022,Chelan,WA,Passenger,535,143,678,54143,54821,1.24
January 31 2021,Franklin,WA,Passenger,89,84,173,61453,61626,0.28
April 30 2022,Ulster,NY,Passenger,1,0,1,15,16,6.25
May 31 2024,Yakima,WA,Passenger,763,341,1104,166847,167951,0.66
October 31 2024,Madison,AL,Passenger,1,0,1,31,32,3.12
January 31 2018,Saratoga,NY,Passenger,1,1,2,70,72,2.78
July 31 2022,Middlesex,NJ,Passenger,1,0,1,26,27,3.70
February 28 2017,Thurston,WA,Passenger,350,309,659,184786,185445,0.36
June 30 2017,Latah,ID,Passenger,0,1,1,107,108,0.93
July 31 2022,Palm Beach,FL,Passenger,2,1,3,61,64,4.69
February 28 2023,San Luis Obispo,CA,Passenger,1,1,2,65,67,2.99
February 28 2022,Baltimore,MD,Passenger,2,0,2,93,95,2.11
July 31 2020,Walla Walla,WA,Truck,0,0,0,13745,13745,0.00
February 29 2020,Flathead,MT,Passenger,1,0,1,74,75,1.33
March 31 2025,Wise,TX,Passenger,1,0,1,3,4,25.00
December 31 2023,Pulaski,AR,Passenger,1,0,1,29,30,3.33
September 30 2018,Honolulu,HI,Passenger,1,2,3,541,544,0.55
November 30 2023,Grays Harbor,WA,Passenger,360,224,584,48028,48612,1.20
February 28 2022,Alameda,CA,Passenger,6,1,7,248,255,2.75
July 31 2021,Washington,WI,Passenger,1,0,1,3,4,25.00
June 30 2019,Sangamon,IL,Passenger,1,0,1,6,7,14.29
May 31 2019,Honolulu,HI,Passenger,2,3,5,528,533,0.94
May 31 2020,Multnomah,OR,Passenger,4,7,11,787,798,1.38
March 31 2018,Polk,FL,Passenger,1,0,1,67,68,1.47
January 31 2024,Platte,MO,Passenger,2,1,3,16,19,15.79
January 31 2019,Ramsey,MN,Passenger,1,0,1,43,44,2.27
June 30 2022,Washoe,NV,Passenger,1,0,1,82,83,1.20
August 31 2019,Fairbanks North Star,AK,Passenger,0,1,1,98,99,1.01
March 31 2019,Duval,FL,Passenger,1,2,3,394,397,0.76
October 31 2024,Monterey,CA,Passenger,1,6,7,129,136,5.15
March 31 2023,Douglas,WA,Truck,6,0,6,12875,12881,0.05
June 30 2021,New London,CT,Passenger,2,2,4,221,225,1.78
August 31 2024,Allegheny,PA,Passenger,2,0,2,50,52,3.85
August 31 2024,Clallam,WA,Truck,36,0,36,21364,21400,0.17
March 31 2023,Deschutes,OR,Passenger,2,0,2,108,110,1.82
April 30 2024,Chelan,WA,Truck,51,0,51,23056,23107,0.22
February 28 2023,Saratoga,NY,Passenger,1,1,2,50,52,3.85
April 30 2017,Clackamas,OR,Passenger,1,1,2,331,333,0.60
February 29 2024,Lake,IN,Passenger,0,1,1,7,8,12.50
January 31 2025,Washington,OR,Passenger,2,0,2,187,189,1.06
January 31 2022,Sarasota,FL,Passenger,2,0,2,45,47,4.26
August 31 2024,Charles,MD,Passenger,1,1,2,51,53,3.77
July 31 2023,Marin,CA,Passenger,3,2,5,41,46,10.87
December 31 2018,Fairfax,VA,Passenger,4,1,5,819,824,0.61
June 30 2023,Frederick,MD,Passenger,2,1,3,55,58,5.17
February 28 2022,Carroll,MD,Passenger,0,1,1,17,18,5.56
May 31 2017,El Paso,CO,Passenger,2,1,3,824,827,0.36
October 31 2023,Kootenai,ID,Passenger,1,3,4,137,141,2.84
February 28 2022,Salt Lake,UT,Passenger,2,1,3,193,196,1.53
March 31 2025,Whitman,WA,Passenger,298,154,452,21768,22220,2.03
May 31 2019,Howard,MD,Passenger,0,1,1,84,85,1.18
June 30 2018,Fresno,CA,Passenger,1,0,1,213,214,0.47
May 31 2018,Jefferson,WA,Passenger,138,91,229,24369,24598,0.93
June 30 2018,Nantucket,MA,Passenger,1,0,1,4,5,20.00
March 31 2025,Oldham,KY,Passenger,0,1,1,3,4,25.00
January 31 2024,Sarpy,NE,Passenger,1,1,2,61,63,3.17
September 30 2023,Kent,MI,Passenger,1,0,1,20,21,4.76
October 31 2024,Goochland,VA,Passenger,1,0,1,40,41,2.44
April 30 2023,Osceola,FL,Passenger,1,0,1,25,26,3.85
December 31 2018,Skagit,WA,Truck,1,0,1,32300,32301,0.00
January 31 2022,Benton,WA,Truck,0,0,0,43555,43555,0.00
July 31 2023,Kauai,HI,Passenger,0,1,1,21,22,4.55
March 31 2021,Dallas,IA,Passenger,0,1,1,11,12,8.33
January 31 2021,Marion,IN,Passenger,1,0,1,71,72,1.39
October 31 2021,Yavapai,AZ,Passenger,0,1,1,43,44,2.27
February 28 2018,Marin,CA,Passenger,1,0,1,57,58,1.72
December 31 2024,Forsyth,GA,Passenger,1,0,1,8,9,11.11
December 31 2020,Douglas,WA,Passenger,86,44,130,28180,28310,0.46
February 29 2024,El Paso,CO,Truck,1,0,1,147,148,0.68
March 31 2022,Miami-Dade,FL,Passenger,1,0,1,104,105,0.95
January 31 2025,Tom Green,TX,Passenger,0,1,1,19,20,5.00
May 31 2025,Kittitas,WA,Truck,54,0,54,14105,14159,0.38
February 28 2022,Thurston,WA,Truck,3,0,3,55666,55669,0.01
December 31 2024,Clark,WA,Truck,301,0,301,80779,81080,0.37
January 31 2025,Pulaski,MO,Passenger,3,0,3,89,92,3.26
December 31 2017,Virginia Beach,VA,Passenger,2,1,3,667,670,0.45
June 30 2024,Camden,GA,Passenger,1,0,1,104,105,0.95
October 31 2021,Yakima,WA,Truck,0,0,0,61627,61627,0.00
January 31 2022,Fulton,GA,Passenger,0,1,1,86,87,1.15
December 31 2021,Ventura,CA,Passenger,2,2,4,287,291,1.37
December 31 2021,Williamson,TX,Passenger,1,2,3,130,133,2.26
June 30 2020,Palm Beach,FL,Passenger,0,2,2,84,86,2.33
November 30 2020,Asotin,WA,Passenger,17,14,31,12392,12423,0.25
June 30 2018,Monterey,CA,Passenger,0,2,2,192,194,1.03
June 30 2017,Garfield,WA,Passenger,0,0,0,1295,1295,0.00
October 31 2023,Kootenai,ID,Truck,1,0,1,32,33,3.03
April 30 2023,Coryell,TX,Passenger,1,0,1,84,85,1.18
April 30 2024,Spokane,WA,Truck,98,0,98,101188,101286,0.10
February 28 2019,Fresno,CA,Passenger,2,0,2,203,205,0.98
February 28 2025,Jefferson,WA,Passenger,878,334,1212,23848,25060,4.84
April 30 2024,Whatcom,WA,Truck,105,0,105,42406,42511,0.25
October 31 2018,Fairfax,VA,Passenger,2,1,3,816,819,0.37
October 31 2023,Cowlitz,WA,Truck,10,0,10,27935,27945,0.04
March 31 2017,Jackson,MO,Passenger,1,0,1,73,74,1.35
September 30 2022,Williamsburg,VA,Passenger,0,1,1,8,9,11.11
December 31 2024,Jefferson,NY,Passenger,3,0,3,162,165,1.82
November 30 2022,Lexington,SC,Passenger,1,0,1,23,24,4.17
March 31 2017,Garfield,WA,Truck,0,0,0,939,939,0.00
February 28 2017,Dale,AL,Passenger,0,1,1,63,64,1.56
August 31 2020,Nassau,FL,Passenger,1,0,1,39,40,2.50
May 31 2023,Chatham,NC,Passenger,1,0,1,6,7,14.29
March 31 2023,Okaloosa,FL,Passenger,0,3,3,107,110,2.73
April 30 2025,Ferry,WA,Truck,1,0,1,3388,3389,0.03
February 28 2023,Norfolk,VA,Passenger,2,3,5,293,298,1.68
April 30 2020,Shasta,CA,Passenger,1,0,1,38,39,2.56
February 28 2022,Tom Green,TX,Passenger,0,1,1,24,25,4.00
April 30 2018,Snohomish,WA,Passenger,2187,1192,3379,518585,521964,0.65
December 31 2020,Walla Walla,WA,Passenger,98,66,164,36092,36256,0.45
January 31 2019,Alexandria,VA,Passenger,1,0,1,158,159,0.63
October 31 2020,Allegheny,PA,Passenger,2,0,2,82,84,2.38
May 31 2024,Pend Oreille,WA,Truck,3,0,3,5581,5584,0.05
October 31 2019,Pinal,AZ,Passenger,1,0,1,216,217,0.46
February 28 2021,Gwinnett,GA,Passenger,1,0,1,74,75,1.33
March 31 2019,Muskogee,OK,Passenger,0,1,1,2,3,33.33
July 31 2023,Lincoln,WA,Truck,0,0,0,4833,4833,0.00
December 31 2020,Dallas,TX,Passenger,1,0,1,194,195,0.51
June 30 2020,Rockingham,NH,Passenger,1,0,1,28,29,3.45
April 30 2022,DuPage,IL,Passenger,5,1,6,56,62,9.68
April 30 2019,Lee,FL,Passenger,1,0,1,54,55,1.82
December 31 2021,Ferry,WA,Passenger,14,3,17,4436,4453,0.38
November 30 2017,Jefferson,WA,Passenger,116,71,187,24167,24354,0.77
February 28 2018,Manassas,VA,Passenger,0,1,1,9,10,10.00
September 30 2018,Sedgwick,KS,Passenger,0,1,1,104,105,0.95
May 31 2018,St. Lucie,FL,Passenger,1,0,1,25,26,3.85
February 28 2021,Pacific,WA,Truck,0,0,0,7821,7821,0.00
June 30 2024,Jefferson,WA,Passenger,740,302,1042,23981,25023,4.16
February 29 2020,Pierce,WA,Truck,0,0,0,141377,141377,0.00
March 31 2025,Hardin,KY,Truck,1,0,1,17,18,5.56
July 31 2022,Thurston,WA,Passenger,2236,1062,3298,192598,195896,1.68
August 31 2020,Mason,WA,Passenger,162,131,293,47372,47665,0.61
May 31 2022,Kings,CA,Passenger,2,0,2,311,313,0.64
February 28 2023,Jackson,OK,Passenger,0,1,1,41,42,2.38
May 31 2024,Calvert,MD,Passenger,1,2,3,73,76,3.95
April 30 2019,Monroe,IL,Passenger,1,0,1,3,4,25.00
October 31 2023,San Benito,CA,Passenger,1,0,1,6,7,14.29
May 31 2018,Cowlitz,WA,Truck,0,0,0,28355,28355,0.00
August 31 2022,Whitman,WA,Truck,2,0,2,8548,8550,0.02
January 31 2023,San Diego,CA,Passenger,23,7,30,2488,2518,1.19
February 28 2025,Prince William,VA,Passenger,1,4,5,120,125,4.00
June 30 2023,Onslow,NC,Passenger,0,1,1,149,150,0.67
February 28 2022,Hanover,VA,Passenger,1,0,1,3,4,25.00
February 29 2020,Skagit,WA,Passenger,381,215,596,92398,92994,0.64
August 31 2020,Norfolk,VA,Passenger,2,2,4,331,335,1.19
February 29 2020,Clallam,WA,Passenger,206,163,369,50769,51138,0.72
May 31 2022,Escambia,FL,Passenger,0,1,1,151,152,0.66
July 31 2023,Franklin,WA,Passenger,319,143,462,61866,62328,0.74
September 30 2023,Clay,FL,Passenger,1,0,1,76,77,1.30
July 31 2023,Garfield,WA,Passenger,0,3,3,1296,1299,0.23
July 31 2020,Travis,TX,Passenger,4,2,6,193,199,3.02
October 31 2023,New Castle,DE,Passenger,1,0,1,19,20,5.00
August 31 2022,Williamson,TX,Passenger,0,2,2,120,122,1.64
April 30 2025,Prince William,VA,Passenger,1,4,5,117,122,4.10
October 31 2019,Palm Beach,FL,Passenger,0,2,2,88,90,2.22
September 30 2021,Fairbanks North Star,AK,Passenger,0,1,1,87,88,1.14
March 31 2017,Ventura,CA,Passenger,0,2,2,396,398,0.50
September 30 2017,Pinal,AZ,Passenger,2,0,2,238,240,0.83
June 30 2020,Douglas,WA,Truck,0,0,0,12299,12299,0.00
July 31 2022,Duval,FL,Passenger,1,2,3,316,319,0.94
March 31 2025,Walla Walla,WA,Truck,26,0,26,13563,13589,0.19
February 29 2020,Pierce,WA,Passenger,2252,1684,3936,550559,554495,0.71
May 31 2024,Hillsborough,FL,Passenger,3,1,4,111,115,3.48
November 30 2021,Rockdale,GA,Passenger,1,0,1,7,8,12.50
July 31 2020,Shelby,TN,Passenger,0,1,1,92,93,1.08
September 30 2023,Montgomery,TX,Passenger,1,0,1,32,33,3.03
March 31 2020,Sussex,NJ,Passenger,1,0,1,3,4,25.00
May 31 2025,Virginia Beach,VA,Truck,1,0,1,100,101,0.99
April 30 2021,Boone,MO,Passenger,0,1,1,10,11,9.09
October 31 2017,Montgomery,PA,Passenger,1,0,1,39,40,2.50
January 31 2024,Santa Clara,CA,Passenger,24,7,31,225,256,12.11
February 28 2019,Carroll,NH,Passenger,0,1,1,1,2,50.00
April 30 2025,Duval,FL,Passenger,3,1,4,192,196,2.04
July 31 2018,Camden,NJ,Passenger,0,1,1,28,29,3.45
February 28 2018,Orange,CA,Passenger,4,1,5,605,610,0.82
July 31 2019,Loudoun,VA,Passenger,1,0,1,96,97,1.03
April 30 2019,San Juan,PR,Passenger,0,1,1,4,5,20.00
October 31 2021,Sussex,NJ,Passenger,1,0,1,2,3,33.33
August 31 2019,Randolph,NC,Passenger,1,0,1,5,6,16.67
October 31 2024,Moore,NC,Passenger,1,0,1,101,102,0.98
September 30 2021,Okaloosa,FL,Passenger,0,1,1,125,126,0.79
June 30 2024,Fairfax,VA,Truck,1,0,1,83,84,1.19
October 31 2018,Caddo,LA,Passenger,0,1,1,27,28,3.57
October 31 2022,Chesapeake,VA,Passenger,3,1,4,353,357,1.12
March 31 2020,Grant,WA,Passenger,58,72,130,65453,65583,0.20
October 31 2020,Snohomish,WA,Truck,0,0,0,125244,125244,0.00
July 31 2021,Sevier,AR,Passenger,0,1,1,1,2,50.00
August 31 2020,Los Angeles,CA,Passenger,8,12,20,1070,1090,1.83
March 31 2018,Cowlitz,WA,Truck,0,0,0,28267,28267,0.00
April 30 2025,Douglas,CO,Passenger,0,1,1,39,40,2.50
November 30 2017,Prince William,VA,Passenger,0,4,4,264,268,1.49
May 31 2024,Burlington,NJ,Passenger,0,1,1,75,76,1.32
May 31 2023,Arapahoe,CO,Passenger,1,1,2,94,96,2.08
December 31 2024,Fresno,CA,Passenger,1,1,2,122,124,1.61
December 31 2018,Klickitat,WA,Passenger,27,32,59,15423,15482,0.38
February 29 2024,Prince George's,MD,Passenger,3,2,5,121,126,3.97
November 30 2022,Montgomery,AL,Passenger,1,1,2,34,36,5.56
December 31 2022,Washington,WI,Passenger,1,0,1,1,2,50.00
May 31 2020,Contra Costa,CA,Passenger,3,3,6,309,315,1.90
June 30 2024,Fredericksburg,VA,Passenger,1,0,1,3,4,25.00
December 31 2024,Pend Oreille,WA,Passenger,52,20,72,8571,8643,0.83
February 29 2020,Randolph,NC,Passenger,1,0,1,6,7,14.29
March 31 2019,Pinal,AZ,Passenger,2,0,2,218,220,0.91
September 30 2022,Chatham,NC,Passenger,1,0,1,7,8,12.50
November 30 2022,Essex,NJ,Passenger,2,0,2,12,14,14.29
August 31 2018,King,WA,Passenger,13798,5934,19732,1372652,1392384,1.42
January 31 2018,Clark,WA,Passenger,873,599,1472,305195,306667,0.48
February 29 2020,Skagit,WA,Truck,1,0,1,32543,32544,0.00
October 31 2020,Putnam,TN,Passenger,0,1,1,4,5,20.00
August 31 2022,Travis,TX,Passenger,3,2,5,134,139,3.60
October 31 2017,Skamania,WA,Truck,0,0,0,3892,3892,0.00
February 28 2018,Franklin,WA,Truck,0,0,0,18568,18568,0.00
December 31 2022,Spokane,WA,Passenger,1931,930,2861,323238,326099,0.88
August 31 2020,Fulton,GA,Passenger,1,3,4,108,112,3.57
February 28 2021,Clark,NV,Passenger,5,3,8,747,755,1.06
July 31 2024,Santa Clara,CA,Passenger,24,8,32,203,235,13.62
January 31 2024,Wise,TX,Passenger,2,0,2,5,7,28.57
October 31 2022,Skagit,WA,Passenger,884,348,1232,89225,90457,1.36
October 31 2024,Currituck,NC,Passenger,1,0,1,18,19,5.26
November 30 2020,Polk,FL,Passenger,1,0,1,79,80,1.25
July 31 2022,Collin,TX,Passenger,5,0,5,103,108,4.63
May 31 2018,Deschutes,OR,Passenger,1,0,1,183,184,0.54
October 31 2017,Shelby,TN,Passenger,0,1,1,109,110,0.91
May 31 2025,Sacramento,CA,Truck,1,0,1,26,27,3.70
November 30 2019,Greene,MO,Passenger,0,1,1,36,37,2.70
December 31 2023,Boulder,CO,Passenger,1,0,1,28,29,3.45
December 31 2018,Klickitat,WA,Truck,0,0,0,8197,8197,0.00
February 28 2022,Owyhee,ID,Passenger,1,0,1,2,3,33.33
June 30 2018,Chelan,WA,Truck,0,0,0,21861,21861,0.00
January 31 2022,Pierce,WA,Passenger,4357,2146,6503,552532,559035,1.16
December 31 2020,Rockingham,NH,Passenger,1,0,1,27,28,3.57
September 30 2019,Harrison,MS,Passenger,1,0,1,61,62,1.61
February 29 2020,Wahkiakum,WA,Passenger,5,5,10,3018,3028,0.33
January 31 2025,Garfield,OK,Passenger,1,0,1,16,17,5.88
May 31 2023,Alexandria,VA,Passenger,3,0,3,110,113,2.65
October 31 2022,Washtenaw,MI,Passenger,0,1,1,33,34,2.94
May 31 2020,Boulder,CO,Passenger,1,1,2,51,53,3.77
October 31 2021,Williamsburg,VA,Passenger,0,1,1,7,8,12.50
October 31 2019,Douglas,NE,Passenger,0,1,1,64,65,1.54
September 30 2020,Clallam,WA,Truck,1,0,1,21769,21770,0.00
April 30 2024,Henrico,VA,Passenger,2,1,3,15,18,16.67
September 30 2021,Cumberland,NC,Passenger,1,4,5,427,432,1.16
September 30 2021,Mason,WA,Truck,0,0,0,21256,21256,0.00
October 31 2021,Howard,MD,Passenger,0,1,1,64,65,1.54
September 30 2021,Benton,WA,Truck,0,0,0,43646,43646,0.00
September 30 2019,Fairfax,VA,Passenger,4,1,5,768,773,0.65
April 30 2018,Island,WA,Passenger,184,178,362,62203,62565,0.58
August 31 2020,Columbia,WA,Passenger,3,3,6,2424,2430,0.25
August 31 2023,Cumberland,PA,Passenger,1,0,1,47,48,2.08
October 31 2021,Howard,IN,Passenger,0,1,1,6,7,14.29
April 30 2025,St. Clair,IL,Passenger,0,1,1,101,102,0.98
December 31 2024,Deschutes,OR,Passenger,1,0,1,64,65,1.54
January 31 2024,Stafford,VA,Passenger,3,0,3,76,79,3.80
April 30 2024,Jefferson,NY,Passenger,2,0,2,178,180,1.11
July 31 2023,Sonoma,CA,Passenger,3,1,4,73,77,5.19
January 31 2025,Dallas,TX,Truck,1,0,1,11,12,8.33
August 31 2022,Kern,CA,Passenger,1,1,2,216,218,0.92
January 31 2019,Pueblo,CO,Passenger,1,0,1,36,37,2.70
October 31 2020,Fairbanks North Star,AK,Passenger,0,1,1,100,101,0.99
February 28 2022,Cameron,TX,Passenger,1,0,1,26,27,3.70
July 31 2023,Williamson,TX,Passenger,0,1,1,91,92,1.09
August 31 2021,Duval,FL,Passenger,0,2,2,356,358,0.56
May 31 2024,Washington,OR,Passenger,3,0,3,230,233,1.29
April 30 2024,San Luis Obispo,CA,Passenger,0,1,1,44,45,2.22
July 31 2019,Wilson,TX,Passenger,0,1,1,7,8,12.50
November 30 2024,Benton,AR,Passenger,1,0,1,16,17,5.88
April 30 2022,Sarpy,NE,Passenger,1,0,1,66,67,1.49
October 31 2024,Pierce,WA,Passenger,12834,3885,16719,519227,535946,3.12
December 31 2024,Douglas,WA,Truck,22,0,22,13010,13032,0.17
March 31 2019,Santa Rosa,FL,Passenger,1,0,1,89,90,1.11
May 31 2022,Benton,WA,Truck,2,0,2,43488,43490,0.00
January 31 2018,Klickitat,WA,Passenger,24,26,50,14928,14978,0.33
July 31 2024,Kitsap,WA,Passenger,4703,1726,6429,174382,180811,3.56
June 30 2020,Ramsey,MN,Passenger,1,0,1,47,48,2.08
June 30 2021,San Francisco,CA,Passenger,1,2,3,101,104,2.88
April 30 2022,Platte,MO,Passenger,1,1,2,22,24,8.33
November 30 2019,Whatcom,WA,Truck,2,0,2,43123,43125,0.00
December 31 2022,Fulton,GA,Passenger,1,1,2,82,84,2.38
September 30 2017,Fresno,CA,Passenger,1,0,1,217,218,0.46
June 30 2023,Pinal,AZ,Passenger,0,1,1,118,119,0.84
January 31 2021,Lincoln,WA,Passenger,6,12,18,7618,7636,0.24
February 28 2017,Yakima,WA,Passenger,36,50,86,159093,159179,0.05
July 31 2023,Lee,AL,Passenger,1,0,1,18,19,5.26
June 30 2021,Cameron,TX,Passenger,1,0,1,24,25,4.00
April 30 2018,Broward,FL,Passenger,0,1,1,134,135,0.74
October 31 2018,Alameda,CA,Passenger,0,2,2,347,349,0.57
December 31 2022,Cumberland,PA,Passenger,1,0,1,52,53,1.89
October 31 2024,Skagit,WA,Truck,63,0,63,31483,31546,0.20
April 30 2017,Kittitas,WA,Passenger,22,17,39,27195,27234,0.14
April 30 2022,Ventura,CA,Passenger,2,2,4,280,284,1.41
September 30 2023,Chelan,WA,Passenger,691,184,875,54098,54973,1.59
March 31 2020,Gwinnett,GA,Passenger,1,0,1,80,81,1.23
October 31 2019,Ramsey,MN,Passenger,1,0,1,49,50,2.00
October 31 2023,Grays Harbor,WA,Truck,9,0,9,20818,20827,0.04
February 29 2024,Nueces,TX,Passenger,2,0,2,61,63,3.17
June 30 2024,Grays Harbor,WA,Truck,23,0,23,20764,20787,0.11
October 31 2022,Alameda,CA,Passenger,9,2,11,234,245,4.49
April 30 2024,Whatcom,WA,Passenger,3210,1159,4369,147174,151543,2.88
January 31 2017,Virginia Beach,VA,Passenger,2,1,3,654,657,0.46
February 28 2018,Queens,NY,Passenger,1,0,1,64,65,1.54
December 31 2020,Duval,FL,Passenger,0,2,2,372,374,0.53
July 31 2018,Garfield,OK,Passenger,1,0,1,18,19,5.26
August 31 2023,Fulton,GA,Passenger,1,1,2,77,79,2.53
February 28 2021,Lee,FL,Passenger,1,0,1,50,51,1.96
July 31 2020,Adams,WA,Passenger,9,7,16,12852,12868,0.12
January 31 2022,Geary,KS,Passenger,1,0,1,97,98,1.02
July 31 2024,Clackamas,OR,Passenger,1,1,2,105,107,1.87
March 31 2022,Ray,MO,Passenger,0,1,1,1,2,50.00
December 31 2023,Grays Harbor,WA,Truck,14,0,14,20809,20823,0.07
June 30 2023,Rockdale,GA,Passenger,1,0,1,8,9,11.11
July 31 2024,Baltimore,MD,Passenger,1,0,1,67,68,1.47
April 30 2024,Orange,NC,Passenger,1,0,1,6,7,14.29
January 31 2017,King,WA,Truck,8,1,9,191005,191014,0.00
January 31 2022,Wood,OH,Passenger,0,1,1,8,9,11.11
August 31 2022,Kauai,HI,Passenger,1,0,1,21,22,4.55
January 31 2017,El Paso,CO,Passenger,1,1,2,896,898,0.22
May 31 2021,Nueces,TX,Passenger,1,0,1,87,88,1.14
May 31 2021,Asotin,WA,Truck,0,0,0,6771,6771,0.00
February 29 2024,St. Lawrence,NY,Passenger,1,2,3,5,8,37.50
September 30 2021,Ray,MO,Passenger,0,1,1,1,2,50.00
February 28 2019,Klickitat,WA,Truck,0,0,0,8208,8208,0.00
March 31 2020,Jefferson,WA,Truck,0,0,0,9590,9590,0.00
June 30 2018,Pacific,WA,Passenger,17,20,37,15560,15597,0.24
December 31 2024,Richmond,GA,Passenger,0,1,1,43,44,2.27
February 29 2020,Cumberland,NC,Passenger,1,2,3,483,486,0.62
July 31 2020,Jefferson,CO,Passenger,0,1,1,61,62,1.61
July 31 2024,Bell,TX,Passenger,2,0,2,238,240,0.83
March 31 2024,Palm Beach,FL,Passenger,2,0,2,43,45,4.44
September 30 2022,Grant,WA,Truck,2,0,2,27970,27972,0.01
January 31 2024,Chatham,NC,Passenger,1,0,1,5,6,16.67
September 30 2024,Orange,CA,Passenger,6,2,8,327,335,2.39
March 31 2024,Columbia,WA,Truck,0,0,0,1546,1546,0.00
August 31 2020,Stevens,WA,Passenger,35,36,71,30456,30527,0.23
September 30 2020,San Juan,WA,Truck,0,0,0,5842,5842,0.00
January 31 2024,Loudoun,VA,Passenger,2,1,3,63,66,4.55
April 30 2018,Collier,FL,Passenger,1,0,1,26,27,3.70
March 31 2017,Orange,CA,Passenger,2,1,3,678,681,0.44
September 30 2022,Marion,OR,Passenger,1,0,1,107,108,0.93
May 31 2019,Wilson,TX,Passenger,0,1,1,7,8,12.50
November 30 2022,Yakima,WA,Truck,6,0,6,61163,61169,0.01
April 30 2020,Washoe,NV,Passenger,1,0,1,117,118,0.85
July 31 2018,Frederick,MD,Passenger,0,1,1,84,85,1.18
August 31 2022,Anne Arundel,MD,Passenger,2,3,5,352,357,1.40
February 28 2023,San Joaquin,CA,Passenger,1,1,2,103,105,1.90
October 31 2018,Arlington,VA,Passenger,1,1,2,176,178,1.12
May 31 2024,Jefferson,WA,Passenger,731,300,1031,24019,25050,4.12
January 31 2025,Williamson,TX,Passenger,2,0,2,58,60,3.33
March 31 2018,Mason,WA,Truck,0,0,0,19790,19790,0.00
April 30 2021,Santa Clara,CA,Passenger,12,2,14,311,325,4.31
June 30 2023,Isle of Wight,VA,Passenger,0,1,1,19,20,5.00
April 30 2020,Pima,AZ,Passenger,3,1,4,399,403,0.99
October 31 2021,Williams,ND,Passenger,0,1,1,9,10,10.00
April 30 2018,Chelan,WA,Passenger,98,45,143,53381,53524,0.27
May 31 2025,Mercer,NJ,Passenger,0,1,1,4,5,20.00
November 30 2017,Contra Costa,CA,Passenger,0,1,1,462,463,0.22
December 31 2017,San Juan,WA,Truck,0,0,0,5599,5599,0.00
November 30 2021,Clinton,PA,Passenger,1,0,1,0,1,100.00
January 31 2024,Pulaski,MO,Passenger,2,0,2,101,103,1.94
December 31 2022,Snohomish,WA,Truck,91,0,91,122290,122381,0.07
October 31 2019,Placer,CA,Passenger,1,0,1,108,109,0.92
April 30 2021,New Haven,CT,Passenger,0,2,2,32,34,5.88
July 31 2024,Ferry,WA,Truck,0,0,0,3454,3454,0.00
March 31 2023,Alexandria,VA,Passenger,3,0,3,111,114,2.63
August 31 2023,Coryell,TX,Passenger,1,0,1,74,75,1.33
March 31 2022,Newport,RI,Passenger,0,1,1,75,76,1.32
July 31 2017,Los Angeles,CA,Passenger,2,1,3,1318,1321,0.23
July 31 2021,Allegheny,PA,Passenger,2,1,3,80,83,3.61
September 30 2024,Providence,RI,Passenger,1,0,1,20,21,4.76
August 31 2023,Muscogee,GA,Passenger,1,2,3,126,129,2.33
January 31 2024,Tom Green,TX,Passenger,0,1,1,17,18,5.56
February 28 2017,New Haven,CT,Passenger,0,1,1,61,62,1.61
February 28 2018,King,WA,Passenger,11751,5016,16767,1367256,1384023,1.21
April 30 2019,Dale,AL,Passenger,0,1,1,55,56,1.79
January 31 2020,Kitsap,WA,Truck,1,0,1,54442,54443,0.00
September 30 2022,Ferry,WA,Passenger,22,4,26,4383,4409,0.59
September 30 2018,Nassau,NY,Passenger,2,0,2,39,41,4.88
November 30 2019,Pinellas,FL,Passenger,1,1,2,124,126,1.59
April 30 2024,Currituck,NC,Passenger,1,0,1,22,23,4.35
June 30 2019,Prince William,VA,Passenger,1,4,5,245,250,2.00
December 31 2019,Grant,WA,Truck,0,0,0,26990,26990,0.00
August 31 2018,Snohomish,WA,Passenger,2469,1311,3780,523383,527163,0.72
December 31 2018,Washtenaw,MI,Passenger,1,0,1,39,40,2.50
May 31 2023,Whitman,WA,Passenger,143,75,218,21866,22084,0.99
May 31 2023,Travis,TX,Passenger,4,4,8,117,125,6.40
April 30 2017,Okanogan,WA,Passenger,3,16,19,25589,25608,0.07
December 31 2022,Wayne,MI,Passenger,0,1,1,36,37,2.70
June 30 2021,Calvert,MD,Passenger,0,3,3,97,100,3.00
December 31 2022,Lewis,WA,Passenger,266,185,451,59772,60223,0.75
January 31 2022,Richmond,NY,Passenger,1,0,1,3,4,25.00
October 31 2021,Rockdale,GA,Passenger,1,0,1,7,8,12.50
April 30 2019,Cowlitz,WA,Truck,0,0,0,28839,28839,0.00
September 30 2018,Garfield,WA,Truck,0,0,0,963,963,0.00
March 31 2022,Sarasota,FL,Passenger,2,0,2,42,44,4.55
March 31 2019,Essex,MA,Passenger,1,0,1,29,30,3.33
January 31 2022,Portsmouth,VA,Passenger,0,1,1,78,79,1.27
January 31 2018,Chelan,WA,Truck,0,0,0,21665,21665,0.00
September 30 2018,Mecklenburg,NC,Passenger,1,0,1,90,91,1.10
March 31 2025,Ferry,WA,Truck,0,0,0,3404,3404,0.00
July 31 2018,Lee,FL,Passenger,1,0,1,58,59,1.69
March 31 2024,Kootenai,ID,Truck,1,0,1,27,28,3.57
September 30 2024,Macomb,MI,Passenger,4,0,4,20,24,16.67
September 30 2018,Shelby,TN,Passenger,0,1,1,109,110,0.91
November 30 2021,Grant,WA,Passenger,131,97,228,66861,67089,0.34
December 31 2024,Fredericksburg,VA,Passenger,1,0,1,3,4,25.00
March 31 2025,Wake,NC,Passenger,3,1,4,75,79,5.06
October 31 2019,RÃ­o Grande,PR,Passenger,1,0,1,0,1,100.00
October 31 2019,Clark,WA,Truck,0,0,0,81102,81102,0.00
June 30 2022,Harrison,MS,Passenger,1,0,1,55,56,1.79
May 31 2023,Hennepin,MN,Passenger,1,0,1,61,62,1.61
November 30 2017,Douglas,WA,Passenger,37,33,70,27066,27136,0.26
April 30 2025,Garfield,OK,Passenger,1,0,1,15,16,6.25
November 30 2021,Middlesex,MA,Passenger,1,0,1,100,101,0.99
August 31 2023,Mason,WA,Passenger,480,210,690,46059,46749,1.48
January 31 2024,Benton,AR,Passenger,1,0,1,25,26,3.85
July 31 2021,Wahkiakum,WA,Truck,0,0,0,1789,1789,0.00
October 31 2022,Clallam,WA,Truck,7,0,7,21865,21872,0.03
August 31 2020,Whatcom,WA,Truck,3,0,3,43254,43257,0.01
November 30 2021,Pend Oreille,WA,Truck,0,0,0,5680,5680,0.00
July 31 2024,Tom Green,TX,Passenger,0,1,1,19,20,5.00
February 28 2022,Kittitas,WA,Truck,0,0,0,14751,14751,0.00
November 30 2023,Lake,IN,Passenger,0,1,1,9,10,10.00
November 30 2018,El Paso,CO,Passenger,3,2,5,792,797,0.63
December 31 2020,Palm Beach,FL,Passenger,1,2,3,83,86,3.49
February 29 2020,Grays Harbor,WA,Passenger,109,108,217,48354,48571,0.45
May 31 2024,Clark,NV,Passenger,9,4,13,497,510,2.55
March 31 2019,Pend Oreille,WA,Truck,0,0,0,5721,5721,0.00
July 31 2024,Shelby,AL,Passenger,1,0,1,2,3,33.33
September 30 2018,Sangamon,IL,Passenger,1,0,1,11,12,8.33
March 31 2018,Morris,NJ,Passenger,1,0,1,18,19,5.26
January 31 2018,St. Lucie,FL,Passenger,1,0,1,26,27,3.70
June 30 2019,Douglas,CO,Passenger,1,0,1,87,88,1.14
April 30 2024,Snohomish,WA,Truck,333,0,333,119990,120323,0.28
July 31 2021,Benton,WA,Truck,0,0,0,43619,43619,0.00
May 31 2024,Jefferson,WA,Truck,22,0,22,9157,9179,0.24
July 31 2022,Medina,TX,Passenger,1,0,1,9,10,10.00
December 31 2020,Boone,MO,Passenger,0,1,1,11,12,8.33
October 31 2023,Jefferson,IL,Passenger,1,0,1,1,2,50.00
November 30 2023,District of Columbia,DC,Truck,1,0,1,12,13,7.69
December 31 2024,Brevard,FL,Passenger,1,0,1,56,57,1.75
November 30 2022,Newport News,VA,Passenger,1,0,1,120,121,0.83
November 30 2021,Yakima,WA,Passenger,272,167,439,168463,168902,0.26
November 30 2022,Washington,MD,Passenger,2,0,2,15,17,11.76
June 30 2022,Geary,KS,Passenger,1,0,1,86,87,1.15
October 31 2022,Garfield,WA,Passenger,1,3,4,1300,1304,0.31
September 30 2024,Charlottesville,VA,Passenger,0,2,2,5,7,28.57
May 31 2020,Thurston,WA,Truck,0,0,0,55416,55416,0.00
September 30 2018,Travis,TX,Passenger,1,0,1,214,215,0.47
July 31 2017,Mason,WA,Truck,0,0,0,19255,19255,0.00
September 30 2024,Solano,CA,Passenger,4,0,4,141,145,2.76
July 31 2021,Los Angeles,CA,Passenger,11,11,22,988,1010,2.18
July 31 2022,Contra Costa,CA,Passenger,0,3,3,226,229,1.31
August 31 2023,Pima,AZ,Passenger,2,0,2,222,224,0.89
January 31 2017,Ventura,CA,Passenger,0,2,2,410,412,0.49
March 31 2019,Mecklenburg,NC,Passenger,1,0,1,90,91,1.10
March 31 2024,Suffolk,MA,Passenger,3,1,4,34,38,10.53
August 31 2023,Newport,RI,Truck,1,0,1,6,7,14.29
January 31 2020,San Juan,WA,Truck,0,0,0,5922,5922,0.00
March 31 2024,Klickitat,WA,Truck,16,0,16,8165,8181,0.20
August 31 2021,Missoula,MT,Passenger,1,0,1,62,63,1.59
January 31 2019,Pinal,AZ,Passenger,2,0,2,222,224,0.89
July 31 2020,Chatham,NC,Passenger,1,0,1,7,8,12.50
December 31 2022,Maricopa,AZ,Passenger,18,5,23,1112,1135,2.03
November 30 2024,Harris,TX,Passenger,1,2,3,128,131,2.29
June 30 2023,Rockingham,NH,Passenger,1,0,1,20,21,4.76
April 30 2025,Burlington,NJ,Passenger,0,1,1,61,62,1.61
April 30 2022,Spokane,WA,Passenger,1503,808,2311,324838,327149,0.71
January 31 2023,Clark,NV,Passenger,11,4,15,606,621,2.42
March 31 2018,Benton,WA,Truck,0,0,0,40782,40782,0.00
May 31 2023,Doña Ana,NM,Passenger,1,0,1,16,17,5.88
September 30 2021,Columbia,GA,Passenger,0,1,1,121,122,0.82
June 30 2018,Kootenai,ID,Passenger,0,1,1,225,226,0.44
May 31 2025,Monroe,WI,Passenger,2,0,2,7,9,22.22
December 31 2021,San Juan,WA,Passenger,477,151,628,14166,14794,4.24
October 31 2021,Thurston,WA,Passenger,1797,921,2718,196494,199212,1.36
December 31 2021,Lincoln,WA,Truck,0,0,0,4813,4813,0.00
January 31 2019,Bucks,PA,Passenger,1,0,1,21,22,4.55
April 30 2020,Fulton,GA,Passenger,1,3,4,109,113,3.54
February 28 2019,Cowlitz,WA,Passenger,82,100,182,72414,72596,0.25
March 31 2021,Yamhill,OR,Passenger,1,0,1,46,47,2.13
November 30 2019,Broward,FL,Passenger,2,1,3,127,130,2.31
January 31 2023,Gwinnett,GA,Passenger,1,0,1,63,64,1.56
February 28 2018,Okanogan,WA,Truck,0,0,0,16302,16302,0.00
June 30 2022,Spokane,WA,Passenger,1594,845,2439,324402,326841,0.75
September 30 2021,Clinton,PA,Passenger,1,0,1,0,1,100.00
March 31 2023,Walla Walla,WA,Passenger,209,111,320,35459,35779,0.89
May 31 2025,Hoke,NC,Passenger,1,0,1,58,59,1.69
May 31 2017,Cobb,GA,Passenger,0,1,1,82,83,1.20
January 31 2022,Randolph,NC,Passenger,1,0,1,5,6,16.67
January 31 2018,Cowlitz,WA,Truck,0,0,0,28200,28200,0.00
July 31 2021,District of Columbia,DC,Passenger,4,1,5,186,191,2.62
December 31 2022,Tooele,UT,Passenger,1,0,1,10,11,9.09
August 31 2019,Grays Harbor,WA,Passenger,88,85,173,48091,48264,0.36
December 31 2018,Snohomish,WA,Truck,1,0,1,121921,121922,0.00
December 31 2022,Kent,DE,Passenger,1,0,1,55,56,1.79
November 30 2024,Adams,WA,Truck,5,0,5,5354,5359,0.09
February 28 2022,Bexar,TX,Passenger,2,4,6,546,552,1.09
June 30 2018,Stevens,WA,Passenger,11,25,36,31619,31655,0.11
April 30 2022,Collier,FL,Passenger,1,0,1,22,23,4.35
October 31 2021,Chatham,NC,Passenger,1,0,1,7,8,12.50
November 30 2021,Onslow,NC,Passenger,0,1,1,160,161,0.62
March 31 2020,Washington,OR,Passenger,1,0,1,493,494,0.20
March 31 2025,Sedgwick,KS,Passenger,0,1,1,43,44,2.27
December 31 2024,Escambia,FL,Passenger,1,1,2,107,109,1.83
February 29 2020,Washoe,NV,Passenger,1,0,1,121,122,0.82
March 31 2022,District of Columbia,DC,Passenger,3,0,3,184,187,1.60
August 31 2021,Camden,NJ,Passenger,0,1,1,12,13,7.69
November 30 2022,Dallas,TX,Truck,1,0,1,13,14,7.14
July 31 2024,Pulaski,MO,Passenger,3,0,3,93,96,3.12
February 28 2019,Manatee,FL,Passenger,1,0,1,41,42,2.38
June 30 2021,Penobscot,ME,Passenger,0,2,2,10,12,16.67
December 31 2020,Missoula,MT,Passenger,1,0,1,74,75,1.33
January 31 2025,Hardin,KY,Truck,1,0,1,19,20,5.00
January 31 2017,Asotin,WA,Passenger,4,3,7,12315,12322,0.06
November 30 2019,Dakota,MN,Passenger,0,1,1,36,37,2.70
July 31 2021,Santa Cruz,CA,Passenger,1,0,1,27,28,3.57
October 31 2024,Harford,MD,Passenger,2,1,3,45,48,6.25
November 30 2017,Frederick,MD,Passenger,0,1,1,86,87,1.15
April 30 2023,Pacific,WA,Passenger,74,90,164,15562,15726,1.04
March 31 2018,Grays Harbor,WA,Truck,0,0,0,20070,20070,0.00
July 31 2017,Benton,WA,Truck,0,0,0,40120,40120,0.00
September 30 2020,Richland,SC,Passenger,0,1,1,145,146,0.68
April 30 2020,Snohomish,WA,Truck,0,0,0,123239,123239,0.00
September 30 2023,Kings,NY,Passenger,3,0,3,51,54,5.56
March 31 2024,Middlesex,CT,Passenger,1,0,1,9,10,10.00
July 31 2024,Chatham,NC,Passenger,1,0,1,4,5,20.00
January 31 2021,Anchorage,AK,Passenger,1,0,1,160,161,0.62
December 31 2021,Adams,WA,Truck,0,0,0,5416,5416,0.00
June 30 2019,Jefferson,WA,Passenger,197,119,316,24969,25285,1.25
October 31 2022,Snohomish,WA,Passenger,9415,2668,12083,529715,541798,2.23
May 31 2019,Travis,TX,Passenger,4,1,5,221,226,2.21
September 30 2023,Churchill,NV,Passenger,0,1,1,42,43,2.33
April 30 2020,Clark,WA,Passenger,1992,1058,3050,318497,321547,0.95
December 31 2020,Columbia,WA,Truck,0,0,0,1540,1540,0.00
July 31 2024,Albemarle,VA,Passenger,3,0,3,19,22,13.64
March 31 2019,Alexandria,VA,Passenger,1,0,1,151,152,0.66
March 31 2017,Salt Lake,UT,Passenger,1,1,2,316,318,0.63
November 30 2018,Virginia Beach,VA,Passenger,2,1,3,696,699,0.43
March 31 2025,Pulaski,MO,Passenger,2,0,2,80,82,2.44
March 31 2017,Charles,MD,Passenger,0,1,1,91,92,1.09
March 31 2023,Douglas,WA,Passenger,180,57,237,28627,28864,0.82
March 31 2020,,,Passenger,8,1,9,425,434,2.07
July 31 2024,Harnett,NC,Passenger,4,1,5,136,141,3.55
March 31 2017,Albemarle,VA,Passenger,0,1,1,29,30,3.33
January 31 2022,Lake,IN,Passenger,0,1,1,9,10,10.00
March 31 2019,Nassau,NY,Passenger,3,0,3,42,45,6.67
December 31 2019,Yakima,WA,Truck,0,0,0,59592,59592,0.00
June 30 2022,Whatcom,WA,Truck,7,0,7,43293,43300,0.02
May 31 2025,Beaufort,SC,Passenger,1,0,1,20,21,4.76
June 30 2021,Bartow,GA,Passenger,0,1,1,4,5,20.00
July 31 2024,Ogle,IL,Passenger,1,0,1,0,1,100.00
March 31 2019,Montgomery,MD,Passenger,1,0,1,289,290,0.34
March 31 2023,Contra Costa,CA,Passenger,1,2,3,199,202,1.49
April 30 2019,St. Lucie,FL,Passenger,1,0,1,28,29,3.45
September 30 2020,Wahkiakum,WA,Passenger,6,6,12,3015,3027,0.40
April 30 2021,Mohave,AZ,Passenger,1,0,1,77,78,1.28
October 31 2021,Boulder,CO,Passenger,2,1,3,47,50,6.00
February 29 2020,Charleston,SC,Passenger,1,0,1,110,111,0.90
December 31 2021,Marion,IN,Passenger,1,0,1,50,51,1.96
November 30 2019,Lake,CA,Passenger,0,1,1,13,14,7.14
May 31 2024,Yolo,CA,Passenger,3,0,3,26,29,10.34
September 30 2018,Multnomah,OR,Passenger,3,4,7,821,828,0.85
May 31 2025,Albemarle,VA,Passenger,2,0,2,17,19,10.53
February 28 2018,Kittitas,WA,Truck,0,0,0,13947,13947,0.00
September 30 2018,Wise,TX,Passenger,1,0,1,5,6,16.67
March 31 2019,Calvert,MD,Passenger,0,1,1,86,87,1.15
March 31 2022,Santa Cruz,CA,Passenger,1,0,1,30,31,3.23
February 28 2017,Maui,HI,Passenger,1,0,1,71,72,1.39
September 30 2019,Prince George's,MD,Passenger,1,1,2,183,185,1.08
October 31 2024,Stevens,WA,Truck,7,0,7,18620,18627,0.04
January 31 2018,Polk,FL,Passenger,1,0,1,67,68,1.47
May 31 2022,Fresno,CA,Passenger,2,0,2,169,171,1.17
August 31 2021,Palm Beach,FL,Passenger,1,1,2,73,75,2.67
January 31 2020,Mercer,NJ,Passenger,0,1,1,16,17,5.88
May 31 2018,Franklin,MA,Passenger,0,1,1,3,4,25.00
January 31 2022,Flathead,MT,Passenger,2,0,2,58,60,3.33
October 31 2020,San Joaquin,CA,Passenger,1,0,1,127,128,0.78
November 30 2019,Cowlitz,WA,Truck,0,0,0,29015,29015,0.00
June 30 2024,Jefferson,IL,Passenger,1,0,1,1,2,50.00
January 31 2024,Essex,NJ,Passenger,2,0,2,9,11,18.18
April 30 2024,Columbia,GA,Passenger,1,1,2,79,81,2.47
November 30 2024,Cobb,GA,Passenger,1,0,1,38,39,2.56
January 31 2024,Marin,CA,Passenger,3,2,5,38,43,11.63
February 28 2023,Chelan,WA,Truck,19,0,19,23113,23132,0.08
May 31 2021,Washtenaw,MI,Passenger,0,1,1,33,34,2.94
May 31 2024,Shelby,AL,Passenger,2,0,2,2,4,50.00
August 31 2024,Harford,MD,Passenger,2,1,3,46,49,6.12
April 30 2024,Mason,WA,Passenger,605,247,852,46001,46853,1.82
September 30 2023,El Paso,CO,Passenger,6,7,13,557,570,2.28
May 31 2018,San Diego,CA,Passenger,7,2,9,2583,2592,0.35
March 31 2024,El Dorado,CA,Passenger,2,0,2,22,24,8.33
March 31 2021,Asotin,WA,Truck,0,0,0,6715,6715,0.00
December 31 2018,Whatcom,WA,Passenger,758,369,1127,149363,150490,0.75
September 30 2024,Marin,CA,Passenger,3,2,5,35,40,12.50
February 29 2020,Snohomish,WA,Passenger,4296,1729,6025,537767,543792,1.11
March 31 2025,Orange,CA,Passenger,7,2,9,282,291,3.09
February 29 2020,Vigo,IN,Passenger,1,0,1,5,6,16.67
August 31 2021,Washington,MD,Passenger,2,0,2,11,13,15.38
November 30 2018,Maricopa,AZ,Passenger,2,3,5,1696,1701,0.29
November 30 2017,Gwinnett,GA,Passenger,0,1,1,88,89,1.12
February 28 2018,Mason,WA,Truck,0,0,0,19725,19725,0.00
February 28 2019,Nueces,TX,Passenger,1,1,2,93,95,2.11
March 31 2024,Charleston,SC,Passenger,0,2,2,60,62,3.23
February 28 2021,Pinellas,FL,Passenger,1,1,2,116,118,1.69
December 31 2023,Harnett,NC,Passenger,4,1,5,155,160,3.12
September 30 2023,Lincoln,WA,Truck,0,0,0,4820,4820,0.00
November 30 2024,Lee,AL,Passenger,1,0,1,16,17,5.88
February 29 2024,Ventura,CA,Passenger,4,2,6,240,246,2.44
May 31 2020,Ramsey,MN,Passenger,1,0,1,47,48,2.08
July 31 2017,Tarrant,TX,Passenger,1,0,1,248,249,0.40
September 30 2018,Lewis,WA,Passenger,84,68,152,57931,58083,0.26
May 31 2021,Miami-Dade,FL,Passenger,1,0,1,114,115,0.87
November 30 2024,Chelan,WA,Truck,74,0,74,22904,22978,0.32
November 30 2018,Thurston,WA,Passenger,705,566,1271,195252,196523,0.65
February 28 2022,Currituck,NC,Passenger,1,0,1,25,26,3.85
April 30 2020,Cowlitz,WA,Passenger,136,115,251,72692,72943,0.34
July 31 2024,Hunt,TX,Passenger,1,0,1,4,5,20.00
November 30 2021,Wilson,NC,Passenger,1,0,1,1,2,50.00
August 31 2023,Brown,WI,Passenger,1,0,1,5,6,16.67
October 31 2022,Whitman,WA,Passenger,103,65,168,21843,22011,0.76
April 30 2021,San Juan,WA,Truck,0,0,0,5903,5903,0.00
February 28 2017,Franklin,OH,Passenger,0,1,1,117,118,0.85
November 30 2017,Stevens,WA,Truck,0,0,0,18316,18316,0.00
August 31 2024,Albemarle,VA,Passenger,3,0,3,18,21,14.29
March 31 2024,Columbia,GA,Passenger,1,1,2,77,79,2.53
December 31 2020,Yakima,WA,Truck,0,0,0,60953,60953,0.00
December 31 2022,El Paso,TX,Passenger,2,0,2,370,372,0.54
November 30 2020,Virginia Beach,VA,Passenger,1,0,1,655,656,0.15
October 31 2024,Sussex,NJ,Passenger,1,0,1,0,1,100.00
February 28 2025,Lincoln,OR,Passenger,1,0,1,18,19,5.26
April 30 2025,El Paso,TX,Passenger,2,2,4,251,255,1.57
August 31 2022,Alexandria,VA,Passenger,4,0,4,119,123,3.25
January 31 2021,Bucks,PA,Passenger,1,0,1,25,26,3.85
September 30 2024,Yakima,WA,Truck,24,0,24,60865,60889,0.04
February 28 2018,Morris,NJ,Passenger,1,0,1,18,19,5.26
October 31 2019,Portsmouth,VA,Passenger,0,1,1,79,80,1.25
October 31 2023,Fredericksburg,VA,Passenger,1,0,1,5,6,16.67
December 31 2023,Williamson,TN,Passenger,0,1,1,17,18,5.56
February 28 2017,San Mateo,CA,Passenger,0,1,1,167,168,0.60
January 31 2023,Multnomah,OR,Passenger,4,2,6,579,585,1.03
April 30 2021,Benton,WA,Passenger,494,379,873,135940,136813,0.64
February 28 2023,Placer,CA,Passenger,1,0,1,81,82,1.22
August 31 2021,Carson City,NV,Passenger,1,0,1,13,14,7.14
January 31 2019,Wise,TX,Passenger,1,0,1,4,5,20.00
January 31 2024,Prince George's,MD,Passenger,3,2,5,123,128,3.91
July 31 2024,Skagit,WA,Passenger,1554,555,2109,88128,90237,2.34
March 31 2020,Penobscot,ME,Passenger,0,2,2,17,19,10.53
May 31 2022,Clallam,WA,Passenger,410,245,655,49702,50357,1.30
October 31 2020,Ramsey,MN,Passenger,1,0,1,42,43,2.33
January 31 2021,Howard,IN,Passenger,0,1,1,4,5,20.00
February 28 2025,Pierce,WA,Truck,590,0,590,132255,132845,0.44
August 31 2022,Fort Bend,TX,Passenger,1,0,1,31,32,3.12
March 31 2024,Will,IL,Passenger,0,1,1,15,16,6.25
October 31 2024,Walla Walla,WA,Passenger,355,174,529,35262,35791,1.48
February 28 2018,Kent,MI,Passenger,0,1,1,37,38,2.63
March 31 2020,Nassau,NY,Passenger,5,0,5,41,46,10.87
September 30 2022,Madison,IL,Passenger,1,0,1,16,17,5.88
January 31 2025,Collin,TX,Passenger,2,1,3,39,42,7.14
February 28 2017,Bergen,NJ,Passenger,0,2,2,32,34,5.88
September 30 2019,Clark,WA,Truck,0,0,0,80916,80916,0.00
June 30 2022,Salt Lake,UT,Passenger,2,1,3,171,174,1.72
June 30 2020,Bucks,PA,Passenger,1,0,1,25,26,3.85
July 31 2023,Pacific,WA,Truck,4,0,4,7817,7821,0.05
January 31 2018,San Juan,WA,Truck,0,0,0,5639,5639,0.00
January 31 2025,Monroe,WI,Passenger,2,0,2,8,10,20.00
December 31 2024,Wahkiakum,WA,Truck,7,0,7,1776,1783,0.39
January 31 2022,Greene,MO,Passenger,0,1,1,35,36,2.78
January 31 2021,Jefferson,WA,Passenger,291,167,458,24765,25223,1.82
July 31 2019,Norfolk,VA,Passenger,2,2,4,343,347,1.15
September 30 2021,Collin,TX,Passenger,3,0,3,127,130,2.31
December 31 2017,Pend Oreille,WA,Truck,0,0,0,5617,5617,0.00
September 30 2023,St. Louis,MN,Passenger,0,1,1,5,6,16.67
September 30 2018,Brevard,FL,Passenger,0,1,1,99,100,1.00
February 28 2018,District of Columbia,DC,Passenger,0,3,3,189,192,1.56
July 31 2023,Wayne,MI,Passenger,0,1,1,43,44,2.27
September 30 2019,Cumberland,NC,Passenger,1,2,3,496,499,0.60
January 31 2025,Bell,TX,Passenger,1,0,1,199,200,0.50
February 28 2022,Manassas,VA,Passenger,0,1,1,7,8,12.50
June 30 2024,Klickitat,WA,Passenger,212,86,298,15096,15394,1.94
August 31 2020,Jefferson,CO,Passenger,0,1,1,60,61,1.64
February 29 2024,Doña Ana,NM,Passenger,1,0,1,15,16,6.25
June 30 2023,Cumberland,NC,Passenger,2,4,6,352,358,1.68
January 31 2025,New London,CT,Passenger,3,5,8,162,170,4.71
March 31 2024,San Luis Obispo,CA,Passenger,0,1,1,45,46,2.17
April 30 2023,Columbia,OR,Passenger,1,0,1,19,20,5.00
April 30 2022,Santa Cruz,CA,Passenger,1,0,1,31,32,3.12
February 28 2025,Autauga,AL,Passenger,1,2,3,9,12,25.00
May 31 2017,Utah,UT,Passenger,0,1,1,173,174,0.57
May 31 2021,Richmond,NY,Passenger,1,0,1,7,8,12.50
May 31 2024,Cameron,TX,Passenger,1,0,1,19,20,5.00
January 31 2020,Wise,TX,Passenger,1,0,1,9,10,10.00
May 31 2017,Pacific,WA,Passenger,9,7,16,15130,15146,0.11
August 31 2020,Greene,MO,Passenger,0,1,1,41,42,2.38
March 31 2024,New Haven,CT,Passenger,2,2,4,24,28,14.29
May 31 2019,Manassas,VA,Passenger,0,1,1,8,9,11.11
April 30 2023,Whitman,WA,Passenger,137,72,209,21870,22079,0.95
September 30 2017,Polk,FL,Passenger,1,0,1,67,68,1.47
May 31 2022,Stevens,WA,Passenger,64,54,118,29986,30104,0.39
June 30 2023,Benton,WA,Truck,25,0,25,43132,43157,0.06
May 31 2017,Santa Clara,CA,Passenger,5,2,7,424,431,1.62
September 30 2024,Geary,KS,Passenger,1,0,1,66,67,1.49
October 31 2018,Garfield,WA,Truck,0,0,0,958,958,0.00
February 29 2024,Platte,MO,Passenger,2,1,3,16,19,15.79
October 31 2019,Klamath,OR,Passenger,1,0,1,45,46,2.17
December 31 2023,District of Columbia,DC,Truck,1,0,1,12,13,7.69
September 30 2022,Charlottesville,VA,Passenger,0,1,1,5,6,16.67
January 31 2017,Maricopa,AZ,Passenger,2,1,3,2079,2082,0.14
November 30 2022,Camden,NJ,Passenger,0,1,1,11,12,8.33
September 30 2021,Bexar,TX,Passenger,2,4,6,565,571,1.05
December 31 2020,Spartanburg,SC,Passenger,0,1,1,53,54,1.85
October 31 2020,Clallam,WA,Truck,1,0,1,21762,21763,0.00
July 31 2021,Prince William,VA,Passenger,1,3,4,205,209,1.91
July 31 2023,Pulaski,AR,Passenger,2,0,2,28,30,6.67
August 31 2018,Ferry,WA,Passenger,2,2,4,4416,4420,0.09
September 30 2020,Pierce,WA,Passenger,2571,1710,4281,553084,557365,0.77
March 31 2021,Hawaii,HI,Passenger,1,0,1,57,58,1.72
March 31 2023,Whatcom,WA,Truck,48,0,48,42839,42887,0.11
November 30 2022,Williams,ND,Passenger,0,1,1,7,8,12.50
October 31 2020,Multnomah,OR,Passenger,4,6,10,777,787,1.27
April 30 2023,Kitsap,WA,Truck,63,0,63,52285,52348,0.12
August 31 2023,Sarpy,NE,Passenger,1,1,2,61,63,3.17
November 30 2022,Charleston,SC,Passenger,1,2,3,67,70,4.29
December 31 2019,Columbia,WA,Truck,0,0,0,1537,1537,0.00
May 31 2019,St. Mary's,MD,Passenger,1,0,1,220,221,0.45
February 28 2025,Kootenai,ID,Passenger,2,2,4,77,81,4.94
December 31 2024,Maui,HI,Passenger,2,0,2,17,19,10.53
September 30 2017,Chelan,WA,Passenger,75,37,112,52493,52605,0.21
January 31 2024,Mohave,AZ,Passenger,1,0,1,50,51,1.96
July 31 2019,Nantucket,MA,Passenger,1,0,1,2,3,33.33
August 31 2017,Virginia Beach,VA,Passenger,2,1,3,642,645,0.47
May 31 2025,Cowlitz,WA,Passenger,885,337,1222,68358,69580,1.76
August 31 2018,Dakota,MN,Passenger,0,2,2,38,40,5.00
May 31 2017,Columbia,WA,Passenger,0,1,1,2360,2361,0.04
January 31 2017,San Juan,WA,Passenger,84,31,115,13344,13459,0.85
June 30 2023,Santa Cruz,AZ,Passenger,1,0,1,5,6,16.67
July 31 2021,St. Louis,MO,Passenger,1,0,1,90,91,1.10
September 30 2017,Fairfax,VA,Passenger,3,1,4,839,843,0.47
April 30 2020,St. Mary's,MD,Passenger,1,0,1,228,229,0.44
July 31 2020,Denton,TX,Passenger,1,0,1,107,108,0.93
May 31 2019,Deschutes,OR,Passenger,3,0,3,173,176,1.70
February 28 2022,Wake,NC,Passenger,1,1,2,136,138,1.45
October 31 2019,Skagit,WA,Passenger,338,210,548,92550,93098,0.59
February 28 2025,Skagit,WA,Truck,78,0,78,31402,31480,0.25
July 31 2018,Marion,IN,Passenger,1,0,1,120,121,0.83
October 31 2024,Alameda,CA,Passenger,8,1,9,171,180,5.00
January 31 2022,Kauai,HI,Passenger,1,0,1,25,26,3.85
June 30 2021,Clark,NV,Passenger,6,3,9,727,736,1.22
September 30 2017,Dakota,MN,Passenger,0,2,2,40,42,4.76
July 31 2020,RÃ­o Grande,PR,Passenger,1,0,1,0,1,100.00
March 31 2020,Whitman,WA,Truck,0,0,0,8547,8547,0.00
February 28 2019,Nantucket,MA,Passenger,1,0,1,4,5,20.00
January 31 2019,Grant,WA,Passenger,33,53,86,64345,64431,0.13
August 31 2023,Ventura,CA,Passenger,3,2,5,251,256,1.95
August 31 2024,Essex,NJ,Passenger,1,1,2,8,10,20.00
October 31 2019,Pierce,WA,Passenger,2056,1629,3685,546413,550098,0.67
September 30 2023,Leavenworth,KS,Passenger,1,2,3,82,85,3.53
October 31 2024,Johnson,MO,Passenger,1,0,1,27,28,3.57
February 28 2017,Mercer,NJ,Passenger,0,1,1,21,22,4.55
September 30 2020,Harrison,MS,Passenger,1,0,1,50,51,1.96
April 30 2019,Washtenaw,MI,Passenger,1,0,1,36,37,2.70
August 31 2021,Kittitas,WA,Passenger,172,73,245,29843,30088,0.81
January 31 2024,Skamania,WA,Truck,2,0,2,3840,3842,0.05
February 28 2017,Pierce,WA,Truck,0,0,0,138505,138505,0.00
September 30 2024,Volusia,FL,Truck,1,0,1,3,4,25.00
May 31 2023,Pettis,MO,Passenger,1,0,1,5,6,16.67
December 31 2017,Klickitat,WA,Passenger,24,26,50,14899,14949,0.33
August 31 2021,Santa Clara,CA,Passenger,12,2,14,301,315,4.44
November 30 2022,Lane,OR,Passenger,0,1,1,114,115,0.87
July 31 2023,Washoe,NV,Passenger,4,0,4,68,72,5.56
August 31 2024,Orange,CA,Passenger,6,2,8,337,345,2.32
November 30 2021,Clallam,WA,Passenger,372,239,611,50450,51061,1.20
October 31 2021,Onslow,NC,Passenger,0,1,1,161,162,0.62
January 31 2024,Hennepin,MN,Passenger,1,0,1,48,49,2.04
June 30 2021,Nueces,TX,Passenger,1,0,1,83,84,1.19
December 31 2021,Essex,MA,Passenger,1,0,1,22,23,4.35
December 31 2020,Monroe,IL,Passenger,1,0,1,2,3,33.33
January 31 2017,Grays Harbor,WA,Passenger,27,24,51,44306,44357,0.11
July 31 2021,Jefferson,WA,Passenger,338,184,522,24842,25364,2.06
February 28 2017,Island,WA,Truck,0,0,0,20484,20484,0.00
January 31 2017,Durham,NC,Passenger,0,1,1,39,40,2.50
July 31 2022,Cowlitz,WA,Passenger,347,171,518,70424,70942,0.73
June 30 2021,Lewis,WA,Passenger,163,141,304,59625,59929,0.51
February 28 2023,Franklin,WA,Truck,4,0,4,20940,20944,0.02
April 30 2018,Franklin,MA,Passenger,0,1,1,3,4,25.00
November 30 2024,Montgomery,PA,Passenger,1,0,1,16,17,5.88
June 30 2017,Wahkiakum,WA,Truck,0,0,0,1644,1644,0.00
April 30 2020,Harrison,MS,Passenger,1,0,1,57,58,1.72
December 31 2022,Kootenai,ID,Truck,1,0,1,38,39,2.56
April 30 2022,Jefferson,NY,Passenger,1,0,1,206,207,0.48
December 31 2020,Wise,TX,Passenger,1,0,1,9,10,10.00
December 31 2017,Montgomery,MD,Passenger,1,0,1,311,312,0.32
February 28 2023,Orange,FL,Passenger,3,0,3,94,97,3.09
November 30 2019,Saginaw,MI,Passenger,1,0,1,11,12,8.33
September 30 2023,Laramie,WY,Passenger,1,0,1,32,33,3.03
December 31 2020,Grant,WA,Truck,0,0,0,27491,27491,0.00
August 31 2024,Baltimore,MD,Passenger,1,0,1,67,68,1.47
January 31 2021,San Bernardino,CA,Passenger,1,0,1,414,415,0.24
February 28 2023,Onslow,NC,Passenger,0,1,1,155,156,0.64
July 31 2023,Orange,FL,Passenger,4,0,4,85,89,4.49
February 28 2025,Adams,WA,Passenger,52,21,73,13345,13418,0.54
September 30 2022,Stafford,VA,Passenger,3,1,4,93,97,4.12
August 31 2024,Bay,FL,Passenger,2,0,2,24,26,7.69
July 31 2022,El Paso,TX,Passenger,2,0,2,382,384,0.52
December 31 2018,Caddo,LA,Passenger,0,1,1,24,25,4.00
January 31 2024,Brown,WI,Passenger,1,0,1,4,5,20.00
May 31 2018,Chelan,WA,Truck,0,0,0,21814,21814,0.00
October 31 2017,New Haven,CT,Passenger,0,1,1,53,54,1.85
August 31 2022,Lake,IN,Passenger,0,1,1,11,12,8.33
August 31 2020,Pend Oreille,WA,Passenger,8,5,13,9218,9231,0.14
November 30 2021,Klickitat,WA,Truck,0,0,0,8317,8317,0.00
June 30 2023,Walla Walla,WA,Truck,5,0,5,13682,13687,0.04
April 30 2019,Kittitas,WA,Passenger,71,35,106,29475,29581,0.36
February 28 2025,Bergen,NJ,Passenger,1,0,1,7,8,12.50
June 30 2023,Hennepin,MN,Passenger,1,0,1,61,62,1.61
August 31 2017,Fresno,CA,Passenger,1,0,1,223,224,0.45
August 31 2024,Bergen,NJ,Passenger,1,0,1,9,10,10.00
November 30 2021,Fairfax,VA,Passenger,4,4,8,713,721,1.11
March 31 2018,Broward,FL,Passenger,0,1,1,136,137,0.73
February 28 2018,Lewis,WA,Passenger,52,47,99,56866,56965,0.17
November 30 2024,Multnomah,OR,Passenger,7,1,8,423,431,1.86
July 31 2021,Wichita,TX,Passenger,1,0,1,43,44,2.27
March 31 2025,Horry,SC,Passenger,1,0,1,9,10,10.00
September 30 2021,,,Passenger,4,3,7,365,372,1.88
January 31 2021,Williams,ND,Passenger,0,1,1,11,12,8.33
March 31 2019,Brevard,FL,Passenger,0,1,1,94,95,1.05
January 31 2021,Charleston,SC,Passenger,2,0,2,93,95,2.11
December 31 2023,Ferry,WA,Truck,0,0,0,3534,3534,0.00
July 31 2021,Owyhee,ID,Passenger,1,0,1,2,3,33.33
March 31 2023,Riverside,CA,Passenger,9,1,10,513,523,1.91
April 30 2023,Yakima,WA,Truck,11,0,11,61076,61087,0.02
March 31 2018,Jefferson,WA,Passenger,132,88,220,24271,24491,0.90
December 31 2022,Williamson,TX,Passenger,0,2,2,104,106,1.89
March 31 2021,Harrison,MS,Passenger,2,0,2,52,54,3.70
February 29 2024,Chesapeake,VA,Passenger,1,0,1,302,303,0.33
March 31 2021,Milwaukee,WI,Passenger,1,0,1,49,50,2.00
August 31 2019,Brevard,FL,Passenger,0,1,1,94,95,1.05
January 31 2025,Lake,IL,Passenger,7,0,7,105,112,6.25
March 31 2024,Otero,NM,Passenger,0,1,1,22,23,4.35
May 31 2020,Okanogan,WA,Truck,0,0,0,16378,16378,0.00
November 30 2021,Lincoln,WA,Truck,0,0,0,4803,4803,0.00
December 31 2020,Moore,NC,Passenger,0,1,1,161,162,0.62
September 30 2023,Douglas,CO,Passenger,1,2,3,66,69,4.35
August 31 2020,Douglas,NE,Passenger,0,1,1,57,58,1.72
August 31 2022,San Diego,CA,Passenger,22,8,30,2526,2556,1.17
January 31 2020,Cascade,MT,Passenger,0,1,1,66,67,1.49
November 30 2023,Polk,OR,Passenger,1,1,2,18,20,10.00
October 31 2021,Virginia Beach,VA,Passenger,1,0,1,618,619,0.16
December 31 2023,Clackamas,OR,Passenger,0,1,1,120,121,0.83
March 31 2020,Douglas,NE,Passenger,0,1,1,62,63,1.59
October 31 2024,Nueces,TX,Passenger,2,0,2,53,55,3.64
December 31 2023,Sedgwick,KS,Passenger,0,1,1,59,60,1.67
October 31 2018,Gwinnett,GA,Passenger,0,1,1,83,84,1.19
January 31 2021,Snohomish,WA,Passenger,5168,1875,7043,537859,544902,1.29
December 31 2020,Larimer,CO,Passenger,1,0,1,57,58,1.72
July 31 2021,Missoula,MT,Passenger,1,0,1,63,64,1.56
June 30 2019,Putnam,TN,Passenger,0,1,1,4,5,20.00
November 30 2019,Eagle,CO,Passenger,1,0,1,6,7,14.29
March 31 2020,Washoe,NV,Passenger,1,0,1,120,121,0.83
April 30 2022,Fresno,CA,Passenger,2,0,2,172,174,1.15
April 30 2023,Denton,TX,Passenger,2,0,2,72,74,2.70
July 31 2020,Oldham,KY,Passenger,0,1,1,5,6,16.67
February 29 2020,El Paso,CO,Passenger,3,1,4,761,765,0.52
October 31 2019,Spokane,WA,Truck,1,0,1,96028,96029,0.00
April 30 2025,Columbia,WA,Passenger,12,3,15,2361,2376,0.63
June 30 2022,Whatcom,WA,Passenger,1815,733,2548,148657,151205,1.69
December 31 2019,Island,WA,Truck,1,0,1,21327,21328,0.00
July 31 2021,Rockingham,NH,Passenger,1,0,1,27,28,3.57
August 31 2024,Newport,RI,Truck,1,0,1,9,10,10.00
August 31 2021,Clark,WA,Truck,0,0,0,84072,84072,0.00
August 31 2018,Broward,FL,Passenger,1,1,2,136,138,1.45
March 31 2020,Queens,NY,Passenger,1,0,1,56,57,1.75
October 31 2021,Yakima,WA,Passenger,270,165,435,168659,169094,0.26
June 30 2023,Hamilton,IN,Passenger,1,0,1,27,28,3.57
March 31 2020,Fort Bend,TX,Passenger,1,0,1,50,51,1.96
July 31 2022,Chelan,WA,Truck,4,0,4,23015,23019,0.02
October 31 2019,San Juan,WA,Passenger,236,76,312,14401,14713,2.12
January 31 2018,Garfield,WA,Passenger,1,0,1,1331,1332,0.08
September 30 2020,Kittitas,WA,Passenger,112,48,160,29686,29846,0.54
April 30 2017,Palm Beach,FL,Passenger,0,2,2,103,105,1.90
January 31 2018,Maui,HI,Passenger,1,0,1,66,67,1.49
October 31 2023,El Paso,CO,Passenger,6,7,13,548,561,2.32
June 30 2020,Kootenai,ID,Passenger,1,1,2,230,232,0.86
May 31 2018,Hamilton,TN,Passenger,1,0,1,24,25,4.00
May 31 2024,Clark,WA,Truck,187,0,187,80635,80822,0.23
August 31 2023,Shasta,CA,Passenger,1,0,1,32,33,3.03
March 31 2023,Lexington,SC,Passenger,1,0,1,21,22,4.55
May 31 2021,DeKalb,GA,Passenger,1,0,1,68,69,1.45
March 31 2021,Cowlitz,WA,Passenger,197,133,330,72119,72449,0.46
August 31 2022,Collier,FL,Passenger,1,0,1,19,20,5.00
September 30 2017,Clark,NV,Passenger,2,3,5,821,826,0.61
August 31 2024,Adams,WA,Passenger,39,20,59,13222,13281,0.44
January 31 2023,Lincoln,WA,Passenger,14,19,33,7741,7774,0.42
November 30 2018,Harnett,NC,Passenger,1,0,1,241,242,0.41
March 31 2022,Portsmouth,VA,Passenger,0,1,1,78,79,1.27
July 31 2022,Pacific,WA,Passenger,64,71,135,15786,15921,0.85
December 31 2023,Pueblo,CO,Passenger,1,0,1,19,20,5.00
July 31 2024,Sarpy,NE,Passenger,1,1,2,59,61,3.28
January 31 2023,Wilson,TX,Passenger,0,1,1,3,4,25.00
March 31 2019,Denver,CO,Passenger,1,0,1,145,146,0.68
March 31 2018,Lumpkin,GA,Passenger,1,0,1,7,8,12.50
September 30 2018,Clay,FL,Passenger,0,1,1,95,96,1.04
September 30 2022,Kern,CA,Passenger,2,1,3,221,224,1.34
December 31 2020,District of Columbia,DC,Passenger,2,1,3,189,192,1.56
November 30 2022,Fredericksburg,VA,Passenger,1,0,1,5,6,16.67
January 31 2025,Kern,CA,Passenger,2,0,2,157,159,1.26
October 31 2022,Geary,KS,Passenger,1,0,1,83,84,1.19
March 31 2023,Shasta,CA,Passenger,1,0,1,30,31,3.23
August 31 2020,Alameda,CA,Passenger,2,0,2,291,293,0.68
January 31 2023,Whatcom,WA,Passenger,2161,818,2979,148357,151336,1.97
August 31 2022,Medina,TX,Passenger,1,0,1,9,10,10.00
November 30 2023,Spotsylvania,VA,Passenger,1,0,1,27,28,3.57
January 31 2023,Orange,NC,Passenger,1,0,1,7,8,12.50
August 31 2018,Chelan,WA,Passenger,114,55,169,53711,53880,0.31
September 30 2022,Garfield,WA,Passenger,1,3,4,1309,1313,0.30
June 30 2023,Washington,MD,Passenger,1,0,1,15,16,6.25
March 31 2019,Honolulu,HI,Passenger,2,3,5,522,527,0.95
January 31 2019,Kittitas,WA,Truck,0,0,0,14237,14237,0.00
August 31 2021,Benton,WA,Truck,0,0,0,43582,43582,0.00
April 30 2024,Clark,NV,Passenger,10,4,14,500,514,2.72
November 30 2018,Mason,WA,Passenger,103,107,210,46395,46605,0.45
December 31 2022,Washington,MD,Passenger,2,0,2,15,17,11.76
April 30 2021,Albemarle,VA,Passenger,1,0,1,26,27,3.70
October 31 2023,Camden,NJ,Passenger,0,1,1,11,12,8.33
January 31 2023,Hennepin,MN,Passenger,1,0,1,66,67,1.49
March 31 2020,Skamania,WA,Truck,0,0,0,4082,4082,0.00
April 30 2024,El Paso,CO,Passenger,8,8,16,507,523,3.06
June 30 2022,Yellowstone,MT,Passenger,0,1,1,29,30,3.33
April 30 2021,Klickitat,WA,Truck,0,0,0,8233,8233,0.00
January 31 2021,Palm Beach,FL,Passenger,1,2,3,82,85,3.53
June 30 2019,Mason,WA,Truck,0,0,0,20342,20342,0.00
March 31 2022,Kittitas,WA,Truck,0,0,0,14719,14719,0.00
December 31 2023,Lake,IN,Passenger,0,1,1,9,10,10.00
February 28 2021,Sedgwick,KS,Passenger,1,1,2,98,100,2.00
October 31 2022,Klickitat,WA,Truck,3,0,3,8235,8238,0.04
May 31 2019,Orange,FL,Passenger,1,0,1,172,173,0.58
April 30 2017,Clark,NV,Passenger,1,3,4,897,901,0.44
September 30 2021,Pacific,WA,Truck,0,0,0,7990,7990,0.00
May 31 2022,Spokane,WA,Passenger,1535,829,2364,324390,326754,0.72
February 28 2019,Tulsa,OK,Passenger,1,0,1,58,59,1.69
December 31 2024,Milwaukee,WI,Passenger,1,0,1,36,37,2.70
June 30 2023,Lewis,WA,Truck,7,0,7,25974,25981,0.03
December 31 2017,Spokane,WA,Truck,1,0,1,91555,91556,0.00
February 28 2017,Santa Fe,NM,Passenger,0,1,1,46,47,2.13
June 30 2018,Santa Rosa,FL,Passenger,1,0,1,98,99,1.01
October 31 2024,San Bernardino,CA,Passenger,6,1,7,302,309,2.27
December 31 2024,Harris,TX,Passenger,1,2,3,125,128,2.34
April 30 2020,Skagit,WA,Passenger,399,215,614,91402,92016,0.67
August 31 2022,Portsmouth,VA,Passenger,0,1,1,79,80,1.25
April 30 2021,Pierce,WA,Truck,0,0,0,145712,145712,0.00
May 31 2017,Okanogan,WA,Passenger,3,16,19,25681,25700,0.07
September 30 2020,Skagit,WA,Passenger,449,228,677,91401,92078,0.74
June 30 2024,Williamson,TN,Passenger,0,1,1,10,11,9.09
August 31 2022,Contra Costa,CA,Passenger,0,3,3,226,229,1.31
October 31 2020,Placer,CA,Passenger,2,0,2,100,102,1.96
July 31 2019,Douglas,CO,Passenger,1,0,1,87,88,1.14
December 31 2024,Skamania,WA,Truck,8,0,8,3833,3841,0.21
March 31 2023,Suffolk,MA,Passenger,4,1,5,31,36,13.89
October 31 2020,Hillsborough,FL,Passenger,0,1,1,187,188,0.53
January 31 2025,Asotin,WA,Truck,4,0,4,6585,6589,0.06
October 31 2019,Columbia,WA,Passenger,3,2,5,2436,2441,0.20
June 30 2023,Newport,RI,Passenger,0,1,1,58,59,1.69
May 31 2018,Clackamas,OR,Passenger,0,1,1,239,240,0.42
January 31 2020,Grant,WA,Truck,0,0,0,27024,27024,0.00
July 31 2024,Chesapeake,VA,Passenger,1,0,1,276,277,0.36
May 31 2021,Whatcom,WA,Truck,4,0,4,43832,43836,0.01
March 31 2024,Kent,MI,Passenger,1,0,1,20,21,4.76
August 31 2023,Suffolk,MA,Passenger,4,1,5,34,39,12.82
May 31 2024,Weld,CO,Passenger,1,0,1,16,17,5.88
January 31 2025,Muscogee,GA,Passenger,1,2,3,93,96,3.12
June 30 2023,Kittitas,WA,Passenger,355,106,461,29295,29756,1.55
August 31 2020,Whatcom,WA,Passenger,1110,511,1621,149041,150662,1.08
May 31 2023,Prince William,VA,Passenger,0,4,4,174,178,2.25
August 31 2021,Allegheny,PA,Passenger,2,1,3,78,81,3.70
February 28 2017,Polk,FL,Passenger,1,0,1,68,69,1.45
June 30 2018,Pend Oreille,WA,Truck,0,0,0,5684,5684,0.00
May 31 2025,Santa Clara,CA,Passenger,12,4,16,146,162,9.88
January 31 2025,Mason,WA,Passenger,775,303,1078,45908,46986,2.29
February 28 2022,Plaquemines,LA,Passenger,0,1,1,19,20,5.00
May 31 2021,Kootenai,ID,Passenger,0,2,2,222,224,0.89
October 31 2022,Ferry,WA,Passenger,24,4,28,4365,4393,0.64
January 31 2025,Thurston,WA,Passenger,5376,1826,7202,189281,196483,3.67
November 30 2018,Grays Harbor,WA,Passenger,61,68,129,47358,47487,0.27
February 29 2020,Denver,CO,Passenger,1,0,1,138,139,0.72
October 31 2021,Clinton,PA,Passenger,1,0,1,0,1,100.00
December 31 2019,Asotin,WA,Truck,0,0,0,6707,6707,0.00
January 31 2021,Missoula,MT,Passenger,1,0,1,74,75,1.33
July 31 2022,Jefferson,WA,Truck,3,0,3,9443,9446,0.03
April 30 2023,Charles,MD,Passenger,1,1,2,60,62,3.23
December 31 2019,Benton,WA,Passenger,314,309,623,135155,135778,0.46
October 31 2022,Clallam,WA,Passenger,456,257,713,49350,50063,1.42
February 28 2023,Kern,CA,Passenger,2,1,3,224,227,1.32
March 31 2024,Ada,ID,Passenger,2,0,2,139,141,1.42
September 30 2021,Thurston,WA,Passenger,1745,908,2653,196824,199477,1.33
August 31 2021,Plaquemines,LA,Passenger,0,1,1,17,18,5.56
January 31 2017,Saratoga,NY,Passenger,1,1,2,79,81,2.47
June 30 2023,Los Angeles,CA,Passenger,9,4,13,790,803,1.62
April 30 2017,Cobb,GA,Passenger,0,1,1,82,83,1.20
September 30 2020,Montgomery,PA,Passenger,1,0,1,30,31,3.23
June 30 2018,Prince George,VA,Passenger,0,1,1,70,71,1.41
January 31 2018,Grays Harbor,WA,Truck,0,0,0,20082,20082,0.00
July 31 2018,Stevens,WA,Passenger,11,25,36,31634,31670,0.11
June 30 2024,Texas,MO,Passenger,1,0,1,2,3,33.33
January 31 2022,Adams,WA,Truck,0,0,0,5432,5432,0.00
March 31 2022,Tarrant,TX,Passenger,4,0,4,168,172,2.33
January 31 2020,San Mateo,CA,Passenger,1,1,2,135,137,1.46
January 31 2017,Wayne,MI,Passenger,0,2,2,80,82,2.44
February 28 2021,Columbia,WA,Passenger,5,4,9,2452,2461,0.37
April 30 2018,Richland,SC,Passenger,0,1,1,173,174,0.57
April 30 2025,Anne Arundel,MD,Passenger,5,3,8,246,254,3.15
August 31 2022,Multnomah,OR,Passenger,3,3,6,629,635,0.94
December 31 2019,Dakota,MN,Passenger,0,1,1,35,36,2.78
December 31 2017,Santa Rosa,FL,Passenger,1,0,1,105,106,0.94
June 30 2024,Clatsop,OR,Passenger,1,0,1,37,38,2.63
July 31 2023,Rockdale,GA,Passenger,1,0,1,8,9,11.11
April 30 2025,Solano,CA,Passenger,3,0,3,135,138,2.17
June 30 2018,Frederick,MD,Passenger,0,1,1,85,86,1.16
June 30 2020,Orange,CA,Passenger,8,2,10,542,552,1.81
September 30 2021,Flathead,MT,Passenger,2,0,2,61,63,3.17
April 30 2019,Wahkiakum,WA,Truck,0,0,0,1733,1733,0.00
February 28 2017,Tarrant,TX,Passenger,0,2,2,311,313,0.64
September 30 2018,Dale,AL,Passenger,0,1,1,56,57,1.75
December 31 2024,Hardin,KY,Truck,1,0,1,19,20,5.00
December 31 2022,King,WA,Truck,387,2,389,177976,178365,0.22
July 31 2021,El Paso,TX,Passenger,2,0,2,406,408,0.49
April 30 2021,Franklin,WA,Truck,0,0,0,20670,20670,0.00
February 28 2021,Harford,MD,Passenger,0,1,1,62,63,1.59
January 31 2023,Danville,VA,Passenger,1,0,1,0,1,100.00
July 31 2023,Plaquemines,LA,Passenger,1,1,2,16,18,11.11
December 31 2017,Cowlitz,WA,Passenger,54,67,121,70732,70853,0.17
March 31 2024,Norfolk,VA,Passenger,0,1,1,261,262,0.38
April 30 2019,Okanogan,WA,Passenger,20,22,42,26008,26050,0.16
November 30 2024,Kings,CA,Passenger,3,0,3,244,247,1.21
March 31 2017,Norfolk,MA,Passenger,1,0,1,40,41,2.44
July 31 2020,Juneau,AK,Passenger,0,1,1,34,35,2.86
January 31 2021,Boulder,CO,Passenger,1,1,2,49,51,3.92
February 28 2019,Kitsap,WA,Truck,1,0,1,53675,53676,0.00
March 31 2024,Leavenworth,KS,Passenger,2,2,4,75,79,5.06
November 30 2020,Kings,NY,Passenger,1,0,1,70,71,1.41
May 31 2025,Hardin,KY,Truck,1,0,1,17,18,5.56
May 31 2021,Larimer,CO,Passenger,1,0,1,55,56,1.79
January 31 2025,Manassas,VA,Passenger,1,0,1,6,7,14.29
January 31 2017,Honolulu,HI,Passenger,4,2,6,677,683,0.88
November 30 2024,Columbia,WA,Passenger,11,0,11,2394,2405,0.46
December 31 2019,New York,NY,Passenger,2,0,2,74,76,2.63
June 30 2021,DuPage,IL,Passenger,3,1,4,56,60,6.67
September 30 2022,Ulster,NY,Passenger,1,0,1,13,14,7.14
August 31 2024,Franklin,WA,Truck,17,0,17,20909,20926,0.08
October 31 2024,Kitsap,WA,Truck,202,0,202,51538,51740,0.39
March 31 2018,Gwinnett,GA,Passenger,0,1,1,83,84,1.19
September 30 2019,Greene,MO,Passenger,0,1,1,37,38,2.63
July 31 2019,Santa Cruz,CA,Passenger,1,0,1,41,42,2.38
January 31 2022,Danville,VA,Passenger,1,0,1,0,1,100.00
October 31 2020,Mason,WA,Passenger,165,131,296,47452,47748,0.62
April 30 2019,Cook,IL,Passenger,1,0,1,258,259,0.39
August 31 2021,Orange,NC,Passenger,1,0,1,13,14,7.14
March 31 2025,New Haven,CT,Passenger,0,2,2,18,20,10.00
February 29 2020,Garfield,WA,Truck,0,0,0,963,963,0.00
May 31 2022,Williams,ND,Passenger,0,1,1,8,9,11.11
May 31 2020,Grays Harbor,WA,Truck,0,0,0,20762,20762,0.00
September 30 2018,Kent,MI,Passenger,0,1,1,30,31,3.23
May 31 2023,Gwinnett,GA,Passenger,1,0,1,63,64,1.56
August 31 2018,Pierce,WA,Truck,0,0,0,138213,138213,0.00
June 30 2019,Spartanburg,SC,Passenger,0,1,1,41,42,2.38
December 31 2023,St. Mary's,MD,Passenger,3,0,3,207,210,1.43
May 31 2017,Lee,AL,Passenger,1,0,1,36,37,2.70
May 31 2020,Middlesex,MA,Passenger,1,0,1,99,100,1.00
January 31 2018,Mason,WA,Passenger,65,74,139,44954,45093,0.31
February 28 2021,Anne Arundel,MD,Passenger,2,1,3,396,399,0.75
December 31 2024,Grays Harbor,WA,Passenger,531,265,796,47606,48402,1.64
October 31 2018,Denver,CO,Passenger,1,0,1,137,138,0.72
December 31 2024,Chesterfield,VA,Passenger,1,0,1,38,39,2.56
November 30 2023,Alameda,CA,Passenger,9,2,11,204,215,5.12
March 31 2025,Spokane,WA,Passenger,4462,1953,6415,317252,323667,1.98
June 30 2019,Sarasota,FL,Passenger,1,0,1,38,39,2.56
January 31 2017,Los Angeles,CA,Passenger,2,1,3,1511,1514,0.20
February 28 2025,Chelan,WA,Passenger,1056,298,1354,53785,55139,2.46
April 30 2024,El Dorado,CA,Passenger,2,0,2,22,24,8.33
April 30 2025,Duval,FL,Truck,1,0,1,43,44,2.27
October 31 2018,Okanogan,WA,Passenger,15,21,36,26092,26128,0.14
May 31 2018,Columbia,WA,Passenger,2,1,3,2413,2416,0.12
January 31 2020,Travis,TX,Passenger,4,2,6,211,217,2.76
May 31 2021,Dallas,IA,Passenger,0,1,1,10,11,9.09
November 30 2017,Pacific,WA,Passenger,15,11,26,15324,15350,0.17
May 31 2022,Fredericksburg,VA,Passenger,1,0,1,7,8,12.50
April 30 2017,Charles,MD,Passenger,0,1,1,90,91,1.10
January 31 2020,New Haven,CT,Passenger,0,2,2,43,45,4.44
November 30 2021,Orange,CA,Passenger,7,2,9,469,478,1.88
April 30 2022,Essex,NJ,Passenger,2,0,2,15,17,11.76
October 31 2020,Montgomery,TX,Passenger,1,0,1,56,57,1.75
July 31 2021,El Dorado,CA,Passenger,1,0,1,38,39,2.56
November 30 2018,Los Angeles,CA,Passenger,6,6,12,1167,1179,1.02
January 31 2025,Washtenaw,MI,Passenger,0,1,1,18,19,5.26
December 31 2017,Flathead,MT,Passenger,1,0,1,64,65,1.54
May 31 2023,Wichita,TX,Passenger,1,0,1,33,34,2.94
January 31 2020,Walla Walla,WA,Passenger,65,61,126,36319,36445,0.35
February 28 2018,Northampton,PA,Passenger,0,1,1,58,59,1.69
September 30 2020,Santa Clara,CA,Passenger,10,2,12,318,330,3.64
March 31 2017,Cowlitz,WA,Truck,0,0,0,27901,27901,0.00
August 31 2021,Cameron,TX,Passenger,1,0,1,23,24,4.17
November 30 2024,Pacific,WA,Passenger,134,125,259,15517,15776,1.64
December 31 2019,Botetourt,VA,Passenger,1,0,1,0,1,100.00
March 31 2020,Kittitas,WA,Passenger,98,49,147,29981,30128,0.49
October 31 2021,Moore,NC,Passenger,0,1,1,138,139,0.72
June 30 2022,DuPage,IL,Passenger,5,1,6,57,63,9.52
December 31 2019,Polk,FL,Passenger,1,0,1,81,82,1.22
February 28 2023,Clallam,WA,Truck,11,0,11,21815,21826,0.05
December 31 2019,Howard,MD,Passenger,0,1,1,84,85,1.18
April 30 2024,York,VA,Passenger,1,0,1,69,70,1.43
May 31 2021,Fairfax,VA,Passenger,5,3,8,729,737,1.09
June 30 2018,Yakima,WA,Passenger,60,88,148,163735,163883,0.09
March 31 2022,Chesapeake,VA,Passenger,2,1,3,396,399,0.75
April 30 2017,Dale,AL,Passenger,0,1,1,63,64,1.56
July 31 2023,St. Mary's,MD,Passenger,2,0,2,210,212,0.94
October 31 2022,Skagit,WA,Truck,8,0,8,32166,32174,0.02
September 30 2021,St. Mary's,MD,Passenger,1,0,1,229,230,0.43
October 31 2020,Dallas,TX,Passenger,1,0,1,199,200,0.50
May 31 2025,Harford,MD,Passenger,2,0,2,40,42,4.76
May 31 2022,St. Louis,MO,Passenger,2,0,2,75,77,2.60
September 30 2018,DuPage,IL,Passenger,1,0,1,59,60,1.67
October 31 2020,Hamilton,IN,Passenger,2,0,2,42,44,4.55
December 31 2021,Skamania,WA,Passenger,60,42,102,8302,8404,1.21
April 30 2023,Marion,OR,Passenger,1,0,1,97,98,1.02
December 31 2024,Contra Costa,CA,Passenger,4,1,5,129,134,3.73
April 30 2020,Washington,OR,Passenger,1,0,1,486,487,0.21
October 31 2023,Jefferson,WA,Passenger,618,268,886,24122,25008,3.54
December 31 2024,Cumberland,PA,Passenger,1,0,1,41,42,2.38
November 30 2022,Norfolk,VA,Passenger,2,3,5,295,300,1.67
April 30 2021,Kitsap,WA,Passenger,1733,813,2546,180133,182679,1.39
December 31 2023,Island,WA,Passenger,1298,476,1774,60546,62320,2.85
April 30 2023,Charleston,SC,Passenger,1,2,3,67,70,4.29
June 30 2018,San Juan,WA,Truck,0,0,0,5707,5707,0.00
September 30 2023,Newport,RI,Truck,1,0,1,6,7,14.29
January 31 2019,Bexar,TX,Passenger,2,4,6,725,731,0.82
May 31 2023,Clark,NV,Passenger,12,4,16,577,593,2.70
May 31 2020,San Diego,CA,Passenger,15,4,19,2733,2752,0.69
January 31 2025,Clallam,WA,Truck,44,0,44,21294,21338,0.21
October 31 2019,Honolulu,HI,Passenger,4,2,6,523,529,1.13
May 31 2025,Skamania,WA,Truck,11,0,11,3714,3725,0.30
December 31 2020,Ferry,WA,Passenger,9,3,12,4359,4371,0.27
April 30 2023,Yavapai,AZ,Passenger,0,1,1,29,30,3.33
December 31 2024,Washoe,NV,Passenger,4,0,4,47,51,7.84
August 31 2019,Duval,FL,Passenger,1,2,3,385,388,0.77
November 30 2020,Whatcom,WA,Truck,3,0,3,43451,43454,0.01
January 31 2022,Douglas,NE,Passenger,1,2,3,53,56,5.36
April 30 2022,Fulton,GA,Passenger,1,1,2,88,90,2.22
March 31 2025,King,WA,Truck,2423,1,2424,167091,169515,1.43
March 31 2023,Howard,MD,Passenger,0,2,2,61,63,3.17
October 31 2022,Escambia,FL,Passenger,0,1,1,151,152,0.66
May 31 2022,Prince William,VA,Passenger,0,4,4,199,203,1.97
March 31 2023,Charlottesville,VA,Passenger,0,1,1,6,7,14.29
August 31 2021,Greene,MO,Passenger,0,1,1,39,40,2.50
December 31 2019,Tarrant,TX,Passenger,3,0,3,208,211,1.42
July 31 2024,Bristol,MA,Passenger,1,0,1,6,7,14.29
November 30 2020,Suffolk,VA,Passenger,1,0,1,126,127,0.79
October 31 2024,Salt Lake,UT,Passenger,1,0,1,107,108,0.93
March 31 2024,Whitman,WA,Passenger,212,122,334,21852,22186,1.51
December 31 2017,Kittitas,WA,Passenger,36,26,62,28435,28497,0.22
December 31 2017,Ramsey,MN,Passenger,1,0,1,40,41,2.44
February 28 2021,Jefferson,WA,Truck,0,0,0,9569,9569,0.00
July 31 2022,Wake,NC,Passenger,1,1,2,116,118,1.69
July 31 2019,Sumter,FL,Passenger,0,1,1,10,11,9.09
October 31 2021,Collier,FL,Passenger,1,0,1,22,23,4.35
November 30 2021,Riverside,CA,Passenger,8,0,8,590,598,1.34
March 31 2023,Klickitat,WA,Truck,6,0,6,8271,8277,0.07
September 30 2022,Orange,FL,Passenger,3,0,3,109,112,2.68
January 31 2025,Montgomery,TX,Passenger,1,0,1,18,19,5.26
May 31 2025,San Francisco,CA,Passenger,3,1,4,50,54,7.41
July 31 2018,Whatcom,WA,Truck,2,0,2,42298,42300,0.00
January 31 2022,Salt Lake,UT,Passenger,2,1,3,196,199,1.51
November 30 2022,DuPage,IL,Passenger,5,1,6,51,57,10.53
May 31 2025,Maui,HI,Passenger,2,0,2,12,14,14.29
May 31 2021,Island,WA,Truck,0,0,0,21517,21517,0.00
August 31 2024,Lincoln,WA,Truck,1,0,1,4760,4761,0.02
April 30 2020,Hawaii,HI,Passenger,1,0,1,65,66,1.52
June 30 2020,Whatcom,WA,Truck,3,0,3,42979,42982,0.01
August 31 2018,Spokane,WA,Passenger,360,335,695,304578,305273,0.23
December 31 2021,RÃ­o Grande,PR,Passenger,1,0,1,0,1,100.00
March 31 2018,Asotin,WA,Passenger,8,5,13,12614,12627,0.10
May 31 2021,Wise,TX,Passenger,1,0,1,9,10,10.00
July 31 2023,Mason,WA,Passenger,465,209,674,46150,46824,1.44
December 31 2019,Sumter,FL,Passenger,0,1,1,9,10,10.00
January 31 2021,Charles,MD,Passenger,1,1,2,74,76,2.63
August 31 2017,Travis,TX,Passenger,1,0,1,203,204,0.49
May 31 2021,Calvert,MD,Passenger,0,2,2,95,97,2.06
March 31 2017,Shelby,TN,Passenger,0,1,1,115,116,0.86
July 31 2022,Honolulu,HI,Passenger,5,4,9,427,436,2.06
September 30 2017,Howard,MD,Passenger,0,2,2,89,91,2.20
August 31 2021,Douglas,NE,Passenger,1,1,2,58,60,3.33
May 31 2023,Charles,MD,Passenger,1,1,2,58,60,3.33
June 30 2018,Douglas,WA,Passenger,43,31,74,27644,27718,0.27
December 31 2017,Island,WA,Passenger,155,166,321,61503,61824,0.52
August 31 2018,Ada,ID,Passenger,0,2,2,337,339,0.59
August 31 2022,Hudson,NJ,Passenger,3,0,3,41,44,6.82
June 30 2021,Wahkiakum,WA,Passenger,15,8,23,3103,3126,0.74
May 31 2020,Virginia Beach,VA,Passenger,1,0,1,674,675,0.15
April 30 2020,Collin,TX,Passenger,2,1,3,145,148,2.03
August 31 2020,Charles,MD,Passenger,1,1,2,78,80,2.50
May 31 2017,Dane,WI,Passenger,1,0,1,128,129,0.78
April 30 2022,Albemarle,VA,Passenger,3,0,3,25,28,10.71
November 30 2024,Hardin,KY,Truck,1,0,1,19,20,5.00
February 28 2023,Botetourt,VA,Passenger,1,0,1,0,1,100.00
July 31 2019,Thurston,WA,Truck,0,0,0,55209,55209,0.00
July 31 2023,Hamilton,OH,Passenger,1,0,1,44,45,2.22
January 31 2020,Calvert,MD,Passenger,0,2,2,92,94,2.13
January 31 2020,Larimer,CO,Passenger,1,0,1,62,63,1.59
June 30 2017,Cumberland,NC,Passenger,2,0,2,590,592,0.34
February 29 2020,Pinal,AZ,Passenger,1,0,1,221,222,0.45
February 28 2025,Duval,FL,Passenger,3,1,4,201,205,1.95
August 31 2023,Deschutes,OR,Passenger,1,0,1,94,95,1.05
October 31 2017,El Paso,CO,Passenger,2,1,3,785,788,0.38
April 30 2020,Island,WA,Passenger,405,271,676,62676,63352,1.07
November 30 2022,Clark,NV,Passenger,11,4,15,619,634,2.37
September 30 2024,Christian,MO,Passenger,0,1,1,8,9,11.11
August 31 2019,Broward,FL,Passenger,2,1,3,130,133,2.26
October 31 2023,Autauga,AL,Passenger,2,1,3,12,15,20.00
September 30 2022,Montgomery,AL,Passenger,1,1,2,35,37,5.41
March 31 2018,Clark,NV,Passenger,2,3,5,806,811,0.62
January 31 2020,Broward,FL,Passenger,2,1,3,125,128,2.34
March 31 2019,Lumpkin,GA,Passenger,1,0,1,6,7,14.29
July 31 2022,Harnett,NC,Passenger,3,0,3,182,185,1.62
January 31 2020,Shelby,OH,Passenger,0,1,1,2,3,33.33
February 29 2024,Okaloosa,FL,Passenger,0,2,2,89,91,2.20
December 31 2020,Bartow,GA,Passenger,0,1,1,5,6,16.67
August 31 2022,Island,WA,Passenger,853,376,1229,61282,62511,1.97
January 31 2022,Richland,SC,Passenger,0,1,1,141,142,0.70
December 31 2019,Lincoln,WA,Truck,0,0,0,4679,4679,0.00
November 30 2021,Baltimore,MD,Passenger,2,0,2,101,103,1.94
February 28 2023,Montgomery,TX,Passenger,1,0,1,38,39,2.56
June 30 2023,Wilson,TX,Passenger,0,1,1,3,4,25.00
August 31 2022,Cook,IL,Passenger,2,0,2,240,242,0.83
August 31 2022,Fairbanks North Star,AK,Passenger,0,1,1,79,80,1.25
March 31 2025,St. Louis,MO,Passenger,1,1,2,32,34,5.88
October 31 2018,Pacific,WA,Passenger,19,23,42,15753,15795,0.27
October 31 2022,Pierce,WA,Truck,62,0,62,139770,139832,0.04
April 30 2017,Jefferson,WA,Passenger,98,56,154,23736,23890,0.64
June 30 2018,Grant,WA,Passenger,31,45,76,63127,63203,0.12
February 28 2021,Fairbanks North Star,AK,Passenger,0,1,1,95,96,1.04
November 30 2024,Williamson,TX,Passenger,2,0,2,63,65,3.08
June 30 2019,Clark,WA,Passenger,1537,927,2464,313659,316123,0.78
June 30 2019,Cochise,AZ,Passenger,0,1,1,119,120,0.83
November 30 2018,Washoe,NV,Passenger,1,0,1,116,117,0.85
February 28 2023,Marin,CA,Passenger,3,2,5,41,46,10.87
December 31 2021,Walla Walla,WA,Passenger,143,85,228,36320,36548,0.62
July 31 2024,Forsyth,GA,Passenger,1,0,1,10,11,9.09
August 31 2021,Danville,VA,Passenger,1,0,1,0,1,100.00
April 30 2023,Wahkiakum,WA,Passenger,26,16,42,3042,3084,1.36
June 30 2017,Lewis,WA,Truck,0,0,0,24849,24849,0.00
January 31 2024,Collier,FL,Passenger,1,0,1,15,16,6.25
January 31 2020,Essex,MA,Passenger,1,0,1,30,31,3.23
December 31 2019,Powhatan,VA,Passenger,1,0,1,1,2,50.00
February 29 2024,Suffolk,VA,Passenger,1,1,2,104,106,1.89
January 31 2020,Yakima,WA,Truck,0,0,0,59612,59612,0.00
August 31 2021,Davidson,TN,Passenger,1,0,1,75,76,1.32
July 31 2021,Gwinnett,GA,Passenger,1,0,1,70,71,1.41
July 31 2020,Walla Walla,WA,Passenger,77,65,142,35866,36008,0.39
June 30 2023,Whatcom,WA,Passenger,2488,880,3368,147609,150977,2.23
September 30 2023,Pulaski,MO,Passenger,3,0,3,107,110,2.73
December 31 2024,Santa Cruz,AZ,Passenger,1,0,1,4,5,20.00
March 31 2023,Madison,IL,Passenger,2,0,2,17,19,10.53
April 30 2023,Alameda,CA,Passenger,9,1,10,228,238,4.20
November 30 2022,Lake,FL,Passenger,1,0,1,25,26,3.85
July 31 2023,Washtenaw,MI,Passenger,0,2,2,30,32,6.25
April 30 2019,San Diego,CA,Passenger,11,3,14,2649,2663,0.53
February 28 2022,Ferry,WA,Truck,0,0,0,3560,3560,0.00
December 31 2019,Stafford,VA,Passenger,1,1,2,104,106,1.89
January 31 2025,Tooele,UT,Passenger,1,0,1,8,9,11.11
December 31 2019,San Mateo,CA,Passenger,1,1,2,137,139,1.44
September 30 2019,Osceola,FL,Passenger,1,0,1,47,48,2.08
October 31 2019,Thurston,WA,Passenger,1003,685,1688,198832,200520,0.84
June 30 2024,Harford,MD,Passenger,2,1,3,49,52,5.77
August 31 2024,Middlesex,MA,Passenger,5,0,5,74,79,6.33
March 31 2017,Ferry,WA,Passenger,2,1,3,4389,4392,0.07
September 30 2018,Prince William,VA,Passenger,0,5,5,252,257,1.95
June 30 2024,Rockdale,GA,Passenger,1,0,1,7,8,12.50
May 31 2017,Walla Walla,WA,Truck,0,0,0,13181,13181,0.00
July 31 2021,Stevens,WA,Truck,0,0,0,18901,18901,0.00
October 31 2019,Hawaii,HI,Passenger,1,0,1,66,67,1.49
December 31 2023,Pinellas,FL,Passenger,1,0,1,62,63,1.59
November 30 2017,Madison,ID,Passenger,1,0,1,37,38,2.63
April 30 2021,Mercer,NJ,Passenger,0,1,1,10,11,9.09
September 30 2022,Cowlitz,WA,Truck,3,0,3,28416,28419,0.01
May 31 2019,San Juan,WA,Truck,0,0,0,5844,5844,0.00
July 31 2021,Pacific,WA,Passenger,46,53,99,15995,16094,0.62
July 31 2023,Pueblo,CO,Passenger,1,0,1,21,22,4.55
November 30 2020,Wise,TX,Passenger,1,0,1,10,11,9.09
November 30 2021,Meade,KY,Passenger,1,0,1,23,24,4.17
December 31 2017,Nassau,NY,Passenger,1,1,2,40,42,4.76
July 31 2023,Jefferson,WA,Truck,11,0,11,9306,9317,0.12
March 31 2017,Whatcom,WA,Truck,2,0,2,41382,41384,0.00
April 30 2019,Grays Harbor,WA,Passenger,70,84,154,47652,47806,0.32
September 30 2023,Orange,CA,Passenger,9,4,13,406,419,3.10
May 31 2024,Montgomery,PA,Passenger,1,0,1,18,19,5.26
March 31 2020,Vigo,IN,Passenger,1,0,1,5,6,16.67
April 30 2021,Eagle,CO,Passenger,1,0,1,8,9,11.11
April 30 2023,Lewis,WA,Passenger,300,198,498,58792,59290,0.84
April 30 2017,Nueces,TX,Passenger,0,1,1,101,102,0.98
October 31 2019,Cowlitz,WA,Passenger,112,106,218,73539,73757,0.30
November 30 2023,Anne Arundel,MD,Passenger,4,3,7,314,321,2.18
April 30 2023,Norfolk,MA,Passenger,1,0,1,27,28,3.57
November 30 2023,Weld,CO,Passenger,1,0,1,20,21,4.76
January 31 2025,,,Passenger,2,2,4,243,247,1.62
January 31 2021,Boone,MO,Passenger,0,1,1,11,12,8.33
December 31 2017,Pierce,WA,Passenger,1071,964,2035,526210,528245,0.39
November 30 2023,Cache,UT,Passenger,1,0,1,13,14,7.14
July 31 2021,Douglas,WA,Truck,0,0,0,12688,12688,0.00
October 31 2022,Island,WA,Truck,13,0,13,21116,21129,0.06
September 30 2023,San Luis Obispo,CA,Passenger,1,1,2,55,57,3.51
June 30 2017,Hamilton,IN,Passenger,1,0,1,58,59,1.69
September 30 2020,Fort Bend,TX,Passenger,1,0,1,46,47,2.13
January 31 2020,Shelby,TN,Passenger,0,1,1,103,104,0.96
August 31 2017,Jackson,MO,Passenger,1,0,1,63,64,1.56
December 31 2023,Hawaii,HI,Passenger,1,0,1,36,37,2.70
September 30 2023,Coryell,TX,Passenger,1,0,1,72,73,1.37
August 31 2023,Hunt,TX,Passenger,1,0,1,4,5,20.00
July 31 2018,DeKalb,IN,Passenger,1,0,1,1,2,50.00
November 30 2020,New York,NY,Passenger,4,0,4,64,68,5.88
September 30 2017,Spokane,WA,Passenger,276,229,505,298022,298527,0.17
November 30 2020,Kittitas,WA,Truck,0,0,0,14646,14646,0.00
June 30 2020,Thurston,WA,Truck,0,0,0,55661,55661,0.00
August 31 2018,Marion,OR,Passenger,1,0,1,132,133,0.75
April 30 2018,Benton,WA,Truck,0,0,0,40838,40838,0.00
October 31 2020,Orange,FL,Passenger,1,0,1,135,136,0.74
November 30 2021,Adams,WA,Passenger,16,14,30,13020,13050,0.23
December 31 2021,Spokane,WA,Passenger,1306,756,2062,326654,328716,0.63
August 31 2020,Clay,FL,Passenger,0,1,1,95,96,1.04
February 29 2024,Tarrant,TX,Passenger,2,0,2,116,118,1.69
December 31 2022,Pinal,AZ,Passenger,0,1,1,136,137,0.73
July 31 2020,Shelby,OH,Passenger,0,1,1,2,3,33.33
February 28 2017,Thurston,WA,Truck,0,0,0,53308,53308,0.00
December 31 2024,Medina,TX,Passenger,1,0,1,5,6,16.67
July 31 2018,Franklin,WA,Truck,0,0,0,18731,18731,0.00
July 31 2018,Kootenai,ID,Passenger,0,1,1,226,227,0.44
November 30 2020,Bexar,TX,Passenger,3,5,8,618,626,1.28
March 31 2020,Carson City,NV,Passenger,1,0,1,13,14,7.14
April 30 2024,Sonoma,CA,Passenger,2,1,3,70,73,4.11
January 31 2020,Kootenai,ID,Passenger,1,2,3,243,246,1.22
July 31 2024,Yakima,WA,Passenger,835,351,1186,167006,168192,0.71
June 30 2020,Island,WA,Truck,1,0,1,21159,21160,0.00
November 30 2022,Boulder,CO,Passenger,2,0,2,46,48,4.17
April 30 2024,Palm Beach,FL,Passenger,2,0,2,44,46,4.35
May 31 2021,Bartow,GA,Passenger,0,1,1,5,6,16.67
February 28 2025,Escambia,FL,Passenger,1,1,2,105,107,1.87
July 31 2024,Prince George's,MD,Passenger,4,2,6,113,119,5.04
September 30 2023,Riverside,CA,Passenger,10,2,12,461,473,2.54
April 30 2022,District of Columbia,DC,Passenger,3,0,3,181,184,1.63
October 31 2019,Fairbanks North Star,AK,Passenger,0,1,1,100,101,0.99
January 31 2022,Clark,WA,Truck,2,0,2,83773,83775,0.00
October 31 2018,Spokane,WA,Truck,1,0,1,93396,93397,0.00
April 30 2018,Franklin,WA,Passenger,37,59,96,57371,57467,0.17
October 31 2021,Bexar,TX,Passenger,2,5,7,556,563,1.24
April 30 2022,Howard,MD,Passenger,0,2,2,71,73,2.74
January 31 2019,DeKalb,GA,Passenger,1,0,1,81,82,1.22
February 28 2022,Sedgwick,KS,Passenger,0,1,1,90,91,1.10
November 30 2022,Snohomish,WA,Passenger,9862,2716,12578,529441,542019,2.32
April 30 2023,Clay,FL,Passenger,1,0,1,82,83,1.20
July 31 2023,Bell,TX,Passenger,2,0,2,297,299,0.67
July 31 2022,Washington,WI,Passenger,1,0,1,1,2,50.00
December 31 2023,Flathead,MT,Passenger,1,0,1,32,33,3.03
April 30 2024,King,WA,Truck,1261,2,1263,171030,172293,0.73
July 31 2021,Penobscot,ME,Passenger,0,2,2,10,12,16.67
January 31 2021,Columbia,OR,Passenger,1,0,1,23,24,4.17
December 31 2024,Alexandria,VA,Passenger,3,0,3,85,88,3.41
June 30 2019,Monroe,IL,Passenger,1,0,1,4,5,20.00
January 31 2021,Clark,NV,Passenger,5,3,8,741,749,1.07
January 31 2025,Rockdale,GA,Passenger,1,0,1,7,8,12.50
December 31 2023,Fairfax,VA,Truck,1,0,1,90,91,1.10
January 31 2018,Eagle,CO,Passenger,1,0,1,7,8,12.50
February 28 2018,Wahkiakum,WA,Passenger,0,2,2,2863,2865,0.07
October 31 2020,Hudson,NJ,Passenger,1,0,1,45,46,2.17
May 31 2023,Fairfax,VA,Truck,1,0,1,90,91,1.10
September 30 2018,Lumpkin,GA,Passenger,1,0,1,7,8,12.50
September 30 2019,Lewis,WA,Truck,0,0,0,25964,25964,0.00
January 31 2025,Hoke,NC,Passenger,1,0,1,65,66,1.52
March 31 2018,Palm Beach,FL,Passenger,0,2,2,89,91,2.20
July 31 2023,Maricopa,AZ,Passenger,17,6,23,993,1016,2.26
March 31 2023,Kootenai,ID,Passenger,1,3,4,165,169,2.37
May 31 2020,Hudson,NJ,Passenger,1,0,1,43,44,2.27
January 31 2025,Pacific,WA,Truck,15,0,15,7736,7751,0.19
October 31 2024,Grant,WA,Truck,42,0,42,28136,28178,0.15
September 30 2019,Richland,SC,Passenger,0,1,1,151,152,0.66
June 30 2020,San Mateo,CA,Passenger,1,1,2,135,137,1.46
October 31 2021,Platte,MO,Passenger,1,1,2,20,22,9.09
December 31 2022,Jefferson,WA,Passenger,481,232,713,24248,24961,2.86
September 30 2019,Allegheny,PA,Passenger,2,0,2,88,90,2.22
July 31 2021,Lincoln,WA,Passenger,6,15,21,7704,7725,0.27
September 30 2022,Deschutes,OR,Passenger,2,0,2,115,117,1.71
June 30 2024,Columbia,WA,Passenger,9,0,9,2399,2408,0.37
February 28 2017,New London,CT,Passenger,2,0,2,261,263,0.76
October 31 2020,Plaquemines,LA,Passenger,0,1,1,14,15,6.67
April 30 2025,Pacific,WA,Passenger,156,124,280,15379,15659,1.79
November 30 2018,Honolulu,HI,Passenger,1,3,4,535,539,0.74
September 30 2022,Pacific,WA,Truck,0,0,0,7851,7851,0.00
November 30 2020,Tarrant,TX,Passenger,1,0,1,188,189,0.53
October 31 2021,Kittitas,WA,Truck,0,0,0,14772,14772,0.00
July 31 2021,Williamson,TX,Passenger,0,2,2,142,144,1.39
February 28 2022,,,Passenger,5,3,8,357,365,2.19
April 30 2022,Howard,IN,Passenger,0,1,1,5,6,16.67
November 30 2024,Orange,NY,Passenger,0,1,1,34,35,2.86
February 28 2017,Howard,MD,Passenger,0,2,2,89,91,2.20
August 31 2024,Pulaski,MO,Passenger,3,0,3,93,96,3.12
July 31 2024,Medina,TX,Passenger,1,0,1,6,7,14.29
March 31 2023,Geary,KS,Passenger,1,0,1,82,83,1.20
December 31 2022,Palm Beach,FL,Passenger,3,1,4,59,63,6.35
April 30 2017,Pinal,AZ,Passenger,2,0,2,264,266,0.75
July 31 2020,Chelan,WA,Passenger,240,83,323,54210,54533,0.59
December 31 2017,Contra Costa,CA,Passenger,0,1,1,459,460,0.22
April 30 2021,Orange,FL,Passenger,2,0,2,135,137,1.46
May 31 2022,Richmond,NY,Passenger,1,0,1,3,4,25.00
April 30 2022,Franklin,OH,Passenger,1,0,1,73,74,1.35
August 31 2022,Pend Oreille,WA,Truck,0,0,0,5617,5617,0.00
June 30 2022,Charles,MD,Passenger,1,1,2,62,64,3.12
January 31 2017,Cumberland,NC,Passenger,2,0,2,638,640,0.31
May 31 2022,Boone,MO,Passenger,0,1,1,10,11,9.09
June 30 2017,Franklin,WA,Passenger,26,45,71,55595,55666,0.13
October 31 2022,Meade,KY,Passenger,1,0,1,20,21,4.76
January 31 2023,Sonoma,CA,Passenger,2,1,3,84,87,3.45
September 30 2021,Jefferson,WA,Truck,0,0,0,9612,9612,0.00
February 28 2025,Geary,KS,Passenger,1,0,1,64,65,1.54
February 28 2017,Essex,NJ,Passenger,1,0,1,19,20,5.00
April 30 2025,Adams,WA,Truck,6,0,6,5286,5292,0.11
May 31 2024,Richmond,VA,Passenger,1,0,1,11,12,8.33
September 30 2019,Pend Oreille,WA,Passenger,6,6,12,9461,9473,0.13
February 28 2023,Dallas,TX,Passenger,1,0,1,112,113,0.88
March 31 2024,Sussex,NJ,Passenger,1,0,1,2,3,33.33
May 31 2018,Spokane,WA,Truck,1,0,1,92337,92338,0.00
January 31 2020,Montgomery,OH,Passenger,0,1,1,51,52,1.92
August 31 2023,Kings,NY,Passenger,3,0,3,55,58,5.17
August 31 2024,Lexington,SC,Passenger,1,0,1,15,16,6.25
September 30 2019,Adams,WA,Truck,0,0,0,5131,5131,0.00
March 31 2023,Ulster,NY,Passenger,1,0,1,10,11,9.09
April 30 2017,Alameda,CA,Passenger,2,1,3,382,385,0.78
April 30 2020,Prince George's,MD,Passenger,1,1,2,174,176,1.14
October 31 2024,Arlington,VA,Passenger,5,0,5,113,118,4.24
October 31 2023,Stevens,WA,Passenger,130,72,202,29476,29678,0.68
May 31 2017,Montgomery,PA,Passenger,1,0,1,40,41,2.44
July 31 2024,Milwaukee,WI,Passenger,1,0,1,41,42,2.38
March 31 2022,Virginia Beach,VA,Passenger,1,0,1,589,590,0.17
October 31 2024,Essex,MA,Passenger,1,0,1,8,9,11.11
November 30 2024,Pinellas,FL,Passenger,1,0,1,48,49,2.04
October 31 2018,Whitman,WA,Truck,0,0,0,8535,8535,0.00
October 31 2021,Dallas,IA,Passenger,0,1,1,10,11,9.09
December 31 2017,Sangamon,IL,Passenger,1,0,1,10,11,9.09
August 31 2021,Cumberland,NC,Passenger,1,4,5,436,441,1.13
January 31 2019,Grays Harbor,WA,Truck,0,0,0,20308,20308,0.00
November 30 2023,Douglas,NE,Passenger,2,1,3,29,32,9.38
April 30 2021,Riverside,CA,Passenger,7,0,7,633,640,1.09
April 30 2018,Lewis,WA,Truck,0,0,0,25308,25308,0.00
August 31 2020,Kauai,HI,Passenger,1,0,1,21,22,4.55
March 31 2022,Sarpy,NE,Passenger,1,0,1,67,68,1.47
July 31 2021,Washington,MD,Passenger,2,0,2,11,13,15.38
October 31 2018,Lake,CA,Passenger,0,1,1,12,13,7.69
August 31 2023,,,Passenger,6,2,8,318,326,2.45
January 31 2023,Walla Walla,WA,Truck,3,0,3,13855,13858,0.02
October 31 2017,St. Clair,IL,Passenger,0,1,1,169,170,0.59
November 30 2024,Kittitas,WA,Passenger,618,152,770,29394,30164,2.55
July 31 2022,Wood,OH,Passenger,0,1,1,6,7,14.29
August 31 2022,San Joaquin,CA,Passenger,1,1,2,107,109,1.83
January 31 2023,Santa Cruz,AZ,Passenger,1,0,1,6,7,14.29
September 30 2020,Hawaii,HI,Passenger,1,0,1,60,61,1.64
December 31 2019,Kitsap,WA,Passenger,1199,654,1853,182142,183995,1.01
June 30 2023,Atlantic,NJ,Passenger,1,0,1,8,9,11.11
July 31 2022,Chatham,NC,Passenger,1,0,1,7,8,12.50
February 28 2019,New Haven,CT,Passenger,0,1,1,48,49,2.04
February 28 2017,Okaloosa,FL,Passenger,1,0,1,189,190,0.53
June 30 2017,Snohomish,WA,Truck,1,0,1,121860,121861,0.00
June 30 2019,Pima,AZ,Passenger,0,1,1,434,435,0.23
August 31 2018,New Haven,CT,Passenger,0,1,1,48,49,2.04
June 30 2023,Washoe,NV,Passenger,3,0,3,68,71,4.23
September 30 2022,Collin,TX,Passenger,5,0,5,99,104,4.81
April 30 2018,Jefferson,CO,Passenger,0,1,1,70,71,1.41
October 31 2022,Bartow,GA,Passenger,0,1,1,4,5,20.00
June 30 2019,Ferry,WA,Passenger,5,2,7,4390,4397,0.16
November 30 2019,Franklin,WA,Truck,0,0,0,19719,19719,0.00
December 31 2023,Orange,NY,Passenger,0,1,1,42,43,2.33
August 31 2024,Grays Harbor,WA,Truck,26,0,26,20725,20751,0.13
August 31 2017,Sacramento,CA,Passenger,1,1,2,356,358,0.56
June 30 2022,Loudoun,VA,Passenger,2,1,3,73,76,3.95
September 30 2024,Dakota,MN,Passenger,0,1,1,10,11,9.09
December 31 2024,San Diego,CA,Passenger,28,8,36,1884,1920,1.88
May 31 2017,Chelan,WA,Truck,0,0,0,21239,21239,0.00
November 30 2017,Franklin,WA,Passenger,31,48,79,56660,56739,0.14
April 30 2019,Multnomah,OR,Passenger,4,5,9,809,818,1.10
July 31 2023,Newport,RI,Passenger,0,1,1,58,59,1.69
April 30 2024,Sacramento,CA,Truck,1,0,1,30,31,3.23
April 30 2022,Pima,AZ,Passenger,1,1,2,296,298,0.67
September 30 2018,Richland,SC,Passenger,0,1,1,166,167,0.60
November 30 2024,Hennepin,MN,Passenger,1,0,1,40,41,2.44
October 31 2019,Island,WA,Passenger,361,251,612,63497,64109,0.95
December 31 2021,Yakima,WA,Truck,0,0,0,61743,61743,0.00
March 31 2017,San Mateo,CA,Passenger,0,1,1,159,160,0.62
December 31 2023,Solano,CA,Passenger,4,0,4,154,158,2.53
March 31 2023,Providence,RI,Passenger,1,0,1,19,20,5.00
July 31 2018,San Mateo,CA,Passenger,1,1,2,137,139,1.44
August 31 2022,Brown,WI,Passenger,1,0,1,8,9,11.11
May 31 2018,Skagit,WA,Passenger,199,163,362,90214,90576,0.40
December 31 2021,New Haven,CT,Passenger,0,2,2,31,33,6.06
May 31 2021,Philadelphia,PA,Passenger,1,0,1,62,63,1.59
November 30 2023,Kitsap,WA,Truck,98,0,98,51766,51864,0.19
May 31 2017,Lincoln,WA,Passenger,2,5,7,7503,7510,0.09
February 28 2025,Douglas,CO,Passenger,0,1,1,40,41,2.44
July 31 2018,Asotin,WA,Truck,0,0,0,6625,6625,0.00
July 31 2017,Okaloosa,FL,Passenger,1,0,1,182,183,0.55
December 31 2017,Volusia,FL,Passenger,0,1,1,38,39,2.56
June 30 2023,Snohomish,WA,Truck,173,0,173,121311,121484,0.14
September 30 2019,Klamath,OR,Passenger,1,0,1,45,46,2.17
February 28 2021,Solano,CA,Passenger,1,0,1,209,210,0.48
December 31 2021,El Paso,CO,Passenger,2,3,5,707,712,0.70
January 31 2025,Columbia,WA,Truck,2,0,2,1579,1581,0.13
January 31 2023,San Francisco,CA,Passenger,3,0,3,87,90,3.33
February 29 2020,Penobscot,ME,Passenger,0,2,2,17,19,10.53
July 31 2018,Benton,WA,Passenger,193,197,390,131683,132073,0.30
November 30 2018,Clallam,WA,Truck,0,0,0,21615,21615,0.00
February 28 2019,Kent,MI,Passenger,0,1,1,26,27,3.70
May 31 2021,Montgomery,OH,Passenger,0,1,1,59,60,1.67
November 30 2017,Spokane,WA,Truck,1,0,1,91396,91397,0.00
November 30 2018,Pueblo,CO,Passenger,1,0,1,35,36,2.78
December 31 2023,Honolulu,HI,Passenger,6,2,8,327,335,2.39
February 28 2022,Sumter,SC,Passenger,0,1,1,29,30,3.33
May 31 2021,Oldham,KY,Passenger,0,1,1,5,6,16.67
December 31 2020,Essex,MA,Passenger,1,0,1,22,23,4.35
November 30 2019,Frederick,MD,Passenger,1,1,2,76,78,2.56
September 30 2022,Essex,NJ,Passenger,2,0,2,13,15,13.33
December 31 2024,Goochland,VA,Passenger,1,0,1,35,36,2.78
June 30 2020,Montgomery,AL,Passenger,1,1,2,36,38,5.26
February 28 2019,Juneau,AK,Passenger,0,1,1,44,45,2.22
March 31 2024,Yakima,WA,Truck,18,0,18,60866,60884,0.03
December 31 2018,Kittitas,WA,Truck,0,0,0,14193,14193,0.00
December 31 2020,Virginia Beach,VA,Passenger,2,0,2,651,653,0.31
December 31 2023,Duval,FL,Truck,1,0,1,55,56,1.79
June 30 2024,Chelan,WA,Truck,57,0,57,22982,23039,0.25
July 31 2021,Pennington,SD,Passenger,1,0,1,35,36,2.78
September 30 2023,Charlottesville,VA,Passenger,0,2,2,5,7,28.57
March 31 2022,Suffolk,VA,Passenger,1,0,1,127,128,0.78
March 31 2021,Flathead,MT,Passenger,2,0,2,61,63,3.17
April 30 2020,Portsmouth,VA,Passenger,0,1,1,75,76,1.32
September 30 2024,Walla Walla,WA,Passenger,344,172,516,35233,35749,1.44
January 31 2019,Sacramento,CA,Passenger,0,1,1,312,313,0.32
March 31 2022,Deschutes,OR,Passenger,2,0,2,130,132,1.52
August 31 2018,Larimer,CO,Passenger,1,0,1,70,71,1.41
July 31 2019,Lincoln,WA,Truck,0,0,0,4681,4681,0.00
June 30 2022,Kauai,HI,Passenger,1,0,1,22,23,4.35
September 30 2022,Asotin,WA,Truck,0,0,0,6680,6680,0.00
May 31 2025,Montgomery,MD,Passenger,5,1,6,159,165,3.64
November 30 2023,Loudoun,VA,Passenger,2,1,3,64,67,4.48
July 31 2018,St. Lucie,FL,Passenger,1,0,1,27,28,3.57
November 30 2018,,,Passenger,3,2,5,431,436,1.15
January 31 2023,Benton,WA,Truck,13,0,13,43258,43271,0.03
October 31 2023,Franklin,OH,Passenger,1,0,1,59,60,1.67
May 31 2021,Stevens,WA,Passenger,42,45,87,30509,30596,0.28
April 30 2021,Kern,CA,Passenger,0,1,1,216,217,0.46
November 30 2024,Sonoma,CA,Passenger,1,1,2,63,65,3.08
December 31 2024,Hudson,NJ,Passenger,1,0,1,21,22,4.55
September 30 2024,Fairfax,VA,Passenger,16,10,26,558,584,4.45
April 30 2023,Johnson,MO,Passenger,1,0,1,23,24,4.17
July 31 2020,Essex,MA,Passenger,1,0,1,25,26,3.85
February 28 2023,Yuba,CA,Passenger,1,0,1,59,60,1.67
January 31 2018,San Diego,CA,Passenger,5,2,7,2578,2585,0.27
April 30 2019,Hennepin,MN,Passenger,2,0,2,118,120,1.67
June 30 2020,Skagit,WA,Truck,1,0,1,32448,32449,0.00
February 28 2023,Chesterfield,VA,Passenger,1,0,1,45,46,2.17
July 31 2023,Anne Arundel,MD,Truck,1,0,1,46,47,2.13
May 31 2021,Sacramento,CA,Passenger,2,1,3,264,267,1.12
October 31 2019,Pueblo,CO,Passenger,1,0,1,31,32,3.12
October 31 2017,Whitman,WA,Truck,0,0,0,8439,8439,0.00
November 30 2022,Jefferson,WA,Passenger,475,231,706,24329,25035,2.82
July 31 2023,Chesterfield,VA,Passenger,1,0,1,44,45,2.22
February 28 2019,St. Clair,IL,Passenger,0,1,1,175,176,0.57
August 31 2024,Madison,IL,Passenger,1,0,1,10,11,9.09
January 31 2019,Spartanburg,SC,Passenger,0,1,1,38,39,2.56
August 31 2018,Whitman,WA,Passenger,20,30,50,22666,22716,0.22
December 31 2022,Wilson,TX,Passenger,0,1,1,3,4,25.00
August 31 2018,St. Clair,IL,Passenger,0,1,1,166,167,0.60
April 30 2018,Clackamas,OR,Passenger,0,1,1,237,238,0.42
September 30 2020,Hillsborough,FL,Passenger,0,1,1,186,187,0.53
December 31 2019,Suffolk,MA,Passenger,0,1,1,36,37,2.70
June 30 2021,Rockingham,NH,Passenger,1,0,1,27,28,3.57
August 31 2019,King,WA,Truck,6,1,7,182143,182150,0.00
November 30 2019,Grant,WA,Passenger,53,65,118,65470,65588,0.18
March 31 2020,Allegheny,PA,Passenger,2,0,2,84,86,2.33
January 31 2019,Monroe,IL,Passenger,1,0,1,3,4,25.00
May 31 2021,Ferry,WA,Passenger,9,3,12,4370,4382,0.27
December 31 2024,Cook,IL,Passenger,1,2,3,170,173,1.73
February 28 2017,Kitsap,WA,Passenger,560,280,840,172055,172895,0.49
May 31 2021,Shelby,OH,Passenger,0,1,1,3,4,25.00
December 31 2021,Juneau,AK,Passenger,0,1,1,34,35,2.86
May 31 2023,Douglas,WA,Truck,7,0,7,12958,12965,0.05
January 31 2020,Chelan,WA,Passenger,213,78,291,54594,54885,0.53
December 31 2022,Virginia Beach,VA,Truck,1,0,1,129,130,0.77
November 30 2021,Howard,IN,Passenger,0,1,1,6,7,14.29
September 30 2020,Queens,NY,Passenger,1,0,1,58,59,1.69
November 30 2021,New York,NY,Passenger,4,0,4,52,56,7.14
February 29 2024,DeKalb,GA,Passenger,1,0,1,39,40,2.50
September 30 2022,Klickitat,WA,Truck,2,0,2,8250,8252,0.02
March 31 2018,Brevard,FL,Passenger,0,1,1,107,108,0.93
May 31 2018,San Juan,WA,Passenger,141,56,197,14037,14234,1.38
October 31 2022,Cascade,MT,Passenger,0,1,1,43,44,2.27
January 31 2022,Lee,FL,Passenger,1,0,1,45,46,2.17
September 30 2020,Cameron,TX,Passenger,1,0,1,26,27,3.70
January 31 2025,Beaufort,SC,Passenger,1,0,1,21,22,4.55
February 28 2023,Anne Arundel,MD,Truck,1,0,1,49,50,2.00
February 29 2024,Escambia,FL,Passenger,1,1,2,129,131,1.53
May 31 2020,Chesapeake,VA,Passenger,0,1,1,436,437,0.23
January 31 2024,Frederick,MD,Passenger,3,1,4,52,56,7.14
September 30 2020,Alexandria,VA,Passenger,3,0,3,136,139,2.16
September 30 2022,Suffolk,MA,Passenger,2,1,3,33,36,8.33
July 31 2018,Cowlitz,WA,Truck,0,0,0,28555,28555,0.00
October 31 2023,Lincoln,OR,Passenger,1,1,2,24,26,7.69
August 31 2021,Penobscot,ME,Passenger,0,2,2,10,12,16.67
June 30 2024,Hunt,TX,Passenger,1,0,1,4,5,20.00
November 30 2022,Kauai,HI,Passenger,1,1,2,21,23,8.70
February 28 2022,Bell,TX,Passenger,1,0,1,350,351,0.28
March 31 2019,Richland,SC,Passenger,0,1,1,161,162,0.62
April 30 2021,San Mateo,CA,Passenger,2,1,3,127,130,2.31
December 31 2023,Wake,NC,Passenger,6,1,7,104,111,6.31
October 31 2019,Clackamas,OR,Passenger,2,1,3,233,236,1.27
November 30 2018,Ferry,WA,Truck,0,0,0,3580,3580,0.00
February 28 2021,San Juan,WA,Passenger,383,119,502,14042,14544,3.45
January 31 2019,Mason,WA,Truck,0,0,0,20211,20211,0.00
August 31 2017,Kittitas,WA,Truck,0,0,0,13615,13615,0.00
September 30 2020,Flathead,MT,Passenger,2,0,2,70,72,2.78
January 31 2022,Whatcom,WA,Passenger,1665,670,2335,149246,151581,1.54
March 31 2020,Wahkiakum,WA,Truck,0,0,0,1757,1757,0.00
September 30 2023,Charleston,SC,Passenger,0,2,2,66,68,2.94
January 31 2020,Sussex,NJ,Passenger,1,0,1,3,4,25.00
December 31 2019,Thurston,WA,Truck,0,0,0,55654,55654,0.00
October 31 2019,Randolph,NC,Passenger,1,0,1,5,6,16.67
May 31 2025,Alexandria,VA,Passenger,3,0,3,75,78,3.85
December 31 2024,Muscogee,GA,Passenger,2,2,4,96,100,4.00
December 31 2024,Hamilton,OH,Passenger,2,0,2,35,37,5.41
July 31 2023,Jackson,OK,Passenger,0,1,1,43,44,2.27
May 31 2022,Jefferson,WA,Passenger,425,217,642,24557,25199,2.55
May 31 2018,Klamath,OR,Passenger,1,0,1,38,39,2.56
April 30 2022,Providence,RI,Passenger,1,0,1,24,25,4.00
June 30 2020,Sumter,FL,Passenger,0,1,1,9,10,10.00
March 31 2021,Douglas,WA,Passenger,86,47,133,28368,28501,0.47
January 31 2023,Douglas,NE,Passenger,3,2,5,38,43,11.63
April 30 2021,Cowlitz,WA,Truck,0,0,0,29150,29150,0.00
March 31 2018,Spokane,WA,Passenger,304,272,576,301144,301720,0.19
November 30 2017,Lake,CA,Passenger,0,1,1,10,11,9.09
April 30 2022,Coryell,TX,Passenger,1,0,1,107,108,0.93
October 31 2024,Pettis,MO,Passenger,1,0,1,3,4,25.00
May 31 2024,Churchill,NV,Passenger,0,1,1,38,39,2.56
September 30 2018,Gwinnett,GA,Passenger,0,1,1,88,89,1.12
May 31 2024,Penobscot,ME,Passenger,0,1,1,5,6,16.67
October 31 2022,Virginia Beach,VA,Passenger,1,1,2,549,551,0.36
December 31 2024,Cuyahoga,OH,Passenger,1,0,1,36,37,2.70
August 31 2022,Pierce,WA,Passenger,5415,2389,7804,540751,548555,1.42
June 30 2019,Mecklenburg,NC,Passenger,1,0,1,97,98,1.02
January 31 2023,Davidson,TN,Passenger,1,0,1,58,59,1.69
February 28 2021,Cowlitz,WA,Passenger,194,130,324,71899,72223,0.45
June 30 2024,Duval,FL,Truck,1,0,1,55,56,1.79
January 31 2025,Saginaw,MI,Passenger,0,1,1,2,3,33.33
November 30 2019,Hudson,NJ,Passenger,1,0,1,42,43,2.33
September 30 2018,Alameda,CA,Passenger,0,2,2,347,349,0.57
July 31 2022,Lake,IN,Passenger,0,1,1,11,12,8.33
September 30 2019,Goochland,VA,Passenger,2,1,3,279,282,1.06
November 30 2019,Yakima,WA,Passenger,118,116,234,165925,166159,0.14
May 31 2020,Moore,NC,Passenger,0,1,1,169,170,0.59
September 30 2023,Kane,IL,Passenger,1,0,1,9,10,10.00
April 30 2025,Stevens,WA,Truck,9,0,9,18261,18270,0.05
April 30 2020,Randolph,NC,Passenger,1,0,1,7,8,12.50
December 31 2024,Mason,WA,Passenger,740,303,1043,45901,46944,2.22
June 30 2021,Snohomish,WA,Passenger,5874,2047,7921,539661,547582,1.45
November 30 2024,El Paso,TX,Passenger,2,2,4,276,280,1.43
June 30 2021,Missoula,MT,Passenger,1,0,1,70,71,1.41
August 31 2022,Skagit,WA,Passenger,853,346,1199,89555,90754,1.32
October 31 2020,Newport,RI,Passenger,0,1,1,78,79,1.27
August 31 2017,Grant,WA,Passenger,19,32,51,61182,61233,0.08
September 30 2020,Hennepin,MN,Passenger,2,0,2,102,104,1.92
December 31 2019,Cascade,MT,Passenger,0,1,1,65,66,1.52
January 31 2017,Clackamas,OR,Passenger,1,2,3,432,435,0.69
March 31 2022,Ventura,CA,Passenger,2,2,4,284,288,1.39
June 30 2020,Clallam,WA,Passenger,228,168,396,50049,50445,0.79
March 31 2023,Benton,WA,Passenger,1037,536,1573,135351,136924,1.15
April 30 2021,Garfield,WA,Passenger,0,2,2,1372,1374,0.15
February 28 2022,St. Mary's,MD,Passenger,1,0,1,229,230,0.43
May 31 2019,Wayne,MI,Passenger,0,1,1,69,70,1.43
October 31 2018,Stevens,WA,Truck,0,0,0,18700,18700,0.00
March 31 2024,Ferry,WA,Passenger,27,4,31,4279,4310,0.72
January 31 2021,Rogers,OK,Passenger,1,0,1,10,11,9.09
September 30 2018,Adams,WA,Truck,0,0,0,5153,5153,0.00
August 31 2023,Benton,WA,Passenger,1208,598,1806,134973,136779,1.32
May 31 2024,Saratoga,NY,Passenger,1,1,2,41,43,4.65
December 31 2023,Hays,TX,Passenger,1,0,1,8,9,11.11
June 30 2017,Tulare,CA,Passenger,1,0,1,199,200,0.50
July 31 2024,Caddo,LA,Passenger,3,0,3,14,17,17.65
September 30 2023,Clark,WA,Passenger,6535,2490,9025,312936,321961,2.80
December 31 2017,Maui,HI,Passenger,1,0,1,67,68,1.47
April 30 2017,Prince William,VA,Passenger,0,4,4,272,276,1.45
August 31 2021,Queens,NY,Passenger,2,0,2,57,59,3.39
August 31 2021,Garfield,WA,Truck,0,0,0,1000,1000,0.00
November 30 2021,Boone,MO,Passenger,0,1,1,10,11,9.09
December 31 2024,Snohomish,WA,Truck,600,0,600,119044,119644,0.50
April 30 2022,Montgomery,AL,Passenger,1,1,2,35,37,5.41
April 30 2020,Thurston,WA,Passenger,1139,729,1868,197186,199054,0.94
April 30 2022,Pulaski,MO,Passenger,2,0,2,119,121,1.65
June 30 2022,Adams,WA,Truck,1,0,1,5464,5465,0.02
October 31 2017,Essex,MA,Passenger,1,0,1,26,27,3.70
July 31 2018,Polk,FL,Passenger,1,0,1,71,72,1.39
February 28 2019,Arlington,VA,Passenger,1,2,3,168,171,1.75
February 29 2020,Queens,NY,Passenger,1,0,1,56,57,1.75
July 31 2021,Rogers,OK,Passenger,1,0,1,9,10,10.00
July 31 2024,Middlesex,MA,Passenger,5,0,5,74,79,6.33
March 31 2022,Platte,MO,Passenger,1,1,2,20,22,9.09
April 30 2017,Kent,MI,Passenger,0,1,1,39,40,2.50
March 31 2020,Grays Harbor,WA,Passenger,107,109,216,48303,48519,0.45
June 30 2022,San Juan,WA,Passenger,512,159,671,14041,14712,4.56
July 31 2020,Owyhee,ID,Passenger,1,0,1,3,4,25.00
June 30 2020,Shelby,OH,Passenger,0,1,1,2,3,33.33
August 31 2022,Spokane,WA,Truck,10,0,10,101750,101760,0.01
May 31 2022,Williamsburg,VA,Passenger,0,1,1,7,8,12.50
December 31 2023,Spotsylvania,VA,Passenger,1,1,2,27,29,6.90
January 31 2017,Jefferson,WA,Truck,0,0,0,9465,9465,0.00
October 31 2023,Boulder,CO,Passenger,2,0,2,32,34,5.88
November 30 2020,Collin,TX,Passenger,2,1,3,138,141,2.13
September 30 2024,Ada,ID,Passenger,2,0,2,121,123,1.63
May 31 2018,Honolulu,HI,Passenger,2,2,4,549,553,0.72
April 30 2019,Saratoga,NY,Passenger,1,0,1,59,60,1.67
March 31 2020,San Francisco,CA,Passenger,2,2,4,108,112,3.57
March 31 2018,Dale,AL,Passenger,0,1,1,62,63,1.59
March 31 2020,Orange,NC,Passenger,1,0,1,15,16,6.25
September 30 2024,Calvert,MD,Passenger,1,2,3,69,72,4.17
March 31 2024,Fulton,GA,Passenger,0,1,1,68,69,1.45
April 30 2019,Douglas,WA,Passenger,55,34,89,27958,28047,0.32
April 30 2021,Ulster,NY,Passenger,1,0,1,14,15,6.67
October 31 2019,Chelan,WA,Truck,0,0,0,22486,22486,0.00
March 31 2021,Island,WA,Passenger,556,298,854,62721,63575,1.34
April 30 2017,Kitsap,WA,Truck,1,0,1,52308,52309,0.00
July 31 2018,Dakota,MN,Passenger,0,2,2,39,41,4.88
April 30 2021,Stafford,VA,Passenger,2,1,3,106,109,2.75
March 31 2023,Tom Green,TX,Passenger,0,1,1,19,20,5.00
September 30 2024,Autauga,AL,Passenger,2,2,4,10,14,28.57
April 30 2023,Clark,WA,Passenger,5451,2210,7661,312842,320503,2.39
March 31 2025,Monterey,CA,Truck,1,0,1,25,26,3.85
September 30 2022,,,Passenger,4,2,6,351,357,1.68
August 31 2024,Grant,WA,Passenger,475,211,686,67902,68588,1.00
April 30 2025,Spokane,WA,Truck,232,0,232,99676,99908,0.23
February 28 2022,Maricopa,AZ,Passenger,14,4,18,1354,1372,1.31
November 30 2022,Adams,WA,Truck,1,0,1,5393,5394,0.02
December 31 2023,Jefferson,WA,Truck,17,0,17,9238,9255,0.18
December 31 2024,Currituck,NC,Passenger,1,0,1,19,20,5.00
September 30 2022,Eagle,CO,Passenger,1,0,1,7,8,12.50
December 31 2017,Prince George's,MD,Passenger,0,1,1,181,182,0.55
February 29 2024,Richmond,GA,Passenger,0,1,1,59,60,1.67
January 31 2017,Hidalgo,TX,Passenger,0,1,1,103,104,0.96
December 31 2021,Grant,WA,Truck,0,0,0,27967,27967,0.00
December 31 2021,Meade,KY,Passenger,1,0,1,24,25,4.00
May 31 2024,Williamson,TX,Passenger,2,1,3,74,77,3.90
September 30 2019,Franklin,MA,Passenger,0,1,1,2,3,33.33
May 31 2019,Pacific,WA,Truck,0,0,0,7653,7653,0.00
March 31 2023,Richmond,GA,Passenger,0,1,1,63,64,1.56
October 31 2018,Columbia,WA,Passenger,2,2,4,2434,2438,0.16
March 31 2025,Autauga,AL,Passenger,1,2,3,9,12,25.00
November 30 2020,Klickitat,WA,Truck,0,0,0,8073,8073,0.00
August 31 2018,Juneau,AK,Passenger,0,1,1,49,50,2.00
December 31 2018,Collier,FL,Passenger,1,0,1,25,26,3.85
March 31 2017,Walla Walla,WA,Passenger,20,22,42,34808,34850,0.12
August 31 2023,Collier,FL,Passenger,1,0,1,17,18,5.56
January 31 2024,Douglas,WA,Passenger,259,86,345,28860,29205,1.18
January 31 2024,Cook,IL,Passenger,3,3,6,200,206,2.91
February 28 2019,Salt Lake,UT,Passenger,1,0,1,232,233,0.43
January 31 2020,Whatcom,WA,Truck,3,0,3,43205,43208,0.01
April 30 2017,Lewis,WA,Passenger,46,35,81,55193,55274,0.15
June 30 2018,Garfield,WA,Passenger,1,1,2,1317,1319,0.15
June 30 2020,Montgomery,OH,Passenger,0,1,1,49,50,2.00
October 31 2017,King,WA,Truck,7,1,8,185753,185761,0.00
October 31 2017,Skamania,WA,Passenger,10,7,17,8569,8586,0.20
January 31 2018,New London,CT,Passenger,1,0,1,243,244,0.41
November 30 2018,Clackamas,OR,Passenger,1,1,2,233,235,0.85
April 30 2023,Pettis,MO,Passenger,1,0,1,5,6,16.67
December 31 2024,Douglas,WA,Passenger,364,109,473,29189,29662,1.59
March 31 2024,District of Columbia,DC,Passenger,3,1,4,153,157,2.55
November 30 2023,Skamania,WA,Passenger,138,53,191,8028,8219,2.32
September 30 2019,Franklin,WA,Passenger,50,72,122,60322,60444,0.20
October 31 2017,Clark,WA,Truck,0,0,0,78072,78072,0.00
January 31 2025,Hamilton,IN,Passenger,1,0,1,18,19,5.26
May 31 2025,Medina,TX,Passenger,1,0,1,5,6,16.67
September 30 2024,Stevens,WA,Passenger,161,84,245,29372,29617,0.83
August 31 2022,Prince George's,MD,Passenger,3,1,4,144,148,2.70
February 28 2023,Garfield,WA,Passenger,1,3,4,1302,1306,0.31
September 30 2023,Norfolk,VA,Passenger,1,2,3,284,287,1.05
May 31 2024,Santa Cruz,AZ,Passenger,1,0,1,4,5,20.00
May 31 2018,Lake,CA,Passenger,0,1,1,8,9,11.11
July 31 2019,District of Columbia,DC,Passenger,1,1,2,197,199,1.01
December 31 2021,Oldham,KY,Passenger,0,1,1,5,6,16.67
March 31 2023,Stevens,WA,Passenger,101,59,160,29697,29857,0.54
February 28 2022,Hamilton,IN,Passenger,3,0,3,29,32,9.38
December 31 2024,Benton,WA,Truck,75,0,75,43014,43089,0.17
December 31 2019,Arapahoe,CO,Passenger,1,0,1,150,151,0.66
January 31 2023,Skamania,WA,Truck,1,0,1,3879,3880,0.03
May 31 2019,Valencia,NM,Passenger,1,0,1,9,10,10.00
February 29 2024,Kootenai,ID,Passenger,2,3,5,120,125,4.00
April 30 2017,Wahkiakum,WA,Passenger,0,2,2,2848,2850,0.07
August 31 2024,Cochise,AZ,Passenger,1,0,1,62,63,1.59
November 30 2022,Douglas,WA,Truck,2,0,2,12790,12792,0.02
February 28 2025,Thurston,WA,Truck,237,0,237,52974,53211,0.45
February 28 2019,Clallam,WA,Passenger,153,127,280,50330,50610,0.55
November 30 2020,Stafford,VA,Passenger,1,1,2,102,104,1.92
October 31 2018,Cumberland,NC,Passenger,1,1,2,529,531,0.38
August 31 2024,Collin,TX,Passenger,3,1,4,51,55,7.27
March 31 2021,Lake,IL,Passenger,2,0,2,163,165,1.21
October 31 2017,Dale,AL,Passenger,0,1,1,60,61,1.64
December 31 2023,Multnomah,OR,Passenger,6,1,7,510,517,1.35
February 28 2023,Kings,NY,Passenger,1,0,1,56,57,1.75
April 30 2022,Meade,KY,Passenger,1,0,1,23,24,4.17
September 30 2019,El Paso,TX,Passenger,2,0,2,472,474,0.42
March 31 2017,Orleans,LA,Passenger,0,1,1,49,50,2.00
May 31 2018,Nassau,NY,Passenger,1,0,1,39,40,2.50
December 31 2017,Grays Harbor,WA,Passenger,42,41,83,45811,45894,0.18
May 31 2018,Washtenaw,MI,Passenger,1,0,1,37,38,2.63
July 31 2022,Allegheny,PA,Passenger,2,1,3,73,76,3.95
June 30 2020,Fresno,CA,Passenger,2,0,2,204,206,0.97
May 31 2025,Newport,RI,Passenger,0,2,2,35,37,5.41
April 30 2017,Lincoln,WA,Passenger,2,4,6,7476,7482,0.08
November 30 2022,Lee,FL,Passenger,1,0,1,44,45,2.22
November 30 2024,Goochland,VA,Passenger,1,0,1,37,38,2.63
October 31 2019,Multnomah,OR,Passenger,4,6,10,793,803,1.25
November 30 2023,Kootenai,ID,Truck,1,0,1,31,32,3.12
October 31 2018,Lewis,WA,Truck,0,0,0,25609,25609,0.00
September 30 2022,Bryan,GA,Passenger,0,1,1,36,37,2.70
October 31 2024,Douglas,WA,Truck,20,0,20,13018,13038,0.15
July 31 2020,Lewis,WA,Passenger,107,117,224,58106,58330,0.38
April 30 2020,Valencia,NM,Passenger,1,0,1,8,9,11.11
February 28 2019,Gwinnett,GA,Passenger,0,1,1,80,81,1.23
May 31 2018,Lewis,WA,Truck,0,0,0,25404,25404,0.00
July 31 2017,Wayne,MI,Passenger,0,1,1,71,72,1.39
November 30 2022,St. Louis,MO,Passenger,2,0,2,71,73,2.74
August 31 2017,Skagit,WA,Truck,1,0,1,31500,31501,0.00
March 31 2025,Pinal,AZ,Passenger,1,1,2,67,69,2.90
April 30 2023,Clallam,WA,Passenger,519,280,799,49006,49805,1.60
December 31 2018,Valencia,NM,Passenger,1,0,1,12,13,7.69
January 31 2025,Contra Costa,CA,Passenger,4,1,5,125,130,3.85
July 31 2019,Ferry,WA,Passenger,5,2,7,4401,4408,0.16
December 31 2017,Maricopa,AZ,Passenger,1,1,2,1758,1760,0.11
November 30 2020,Fresno,CA,Passenger,2,0,2,197,199,1.01
April 30 2023,Jefferson,WA,Passenger,532,254,786,24204,24990,3.15
June 30 2018,Tarrant,TX,Passenger,1,0,1,232,233,0.43
January 31 2024,St. Mary's,MD,Passenger,4,0,4,201,205,1.95
December 31 2023,Atlantic,NJ,Passenger,1,0,1,7,8,12.50
May 31 2018,Wahkiakum,WA,Truck,0,0,0,1673,1673,0.00
March 31 2020,Pinellas,FL,Passenger,1,1,2,123,125,1.60
December 31 2021,Howard,IN,Passenger,0,1,1,6,7,14.29
September 30 2022,Grant,WA,Passenger,201,107,308,66602,66910,0.46
August 31 2021,Washington,WI,Passenger,1,0,1,3,4,25.00
May 31 2019,Pierce,WA,Passenger,1751,1519,3270,541578,544848,0.60
August 31 2019,Franklin,MA,Passenger,0,1,1,2,3,33.33
August 31 2024,Pierce,WA,Truck,407,0,407,132814,133221,0.31
February 29 2024,Yuba,CA,Passenger,1,0,1,51,52,1.92
February 28 2021,Pend Oreille,WA,Passenger,12,4,16,9184,9200,0.17
May 31 2018,Montgomery,MD,Passenger,1,0,1,299,300,0.33
August 31 2020,Penobscot,ME,Passenger,0,2,2,16,18,11.11
January 31 2022,Washington,MD,Passenger,2,0,2,12,14,14.29
July 31 2019,Clallam,WA,Passenger,177,144,321,50617,50938,0.63
October 31 2023,Sarasota,FL,Passenger,1,0,1,34,35,2.86
June 30 2017,Hawaii,HI,Passenger,1,0,1,87,88,1.14
February 28 2025,Columbia,GA,Passenger,1,1,2,76,78,2.56
October 31 2022,Lincoln,WA,Truck,0,0,0,4843,4843,0.00
June 30 2022,Prince William,VA,Passenger,0,4,4,197,201,1.99
August 31 2024,Richmond,GA,Passenger,0,1,1,50,51,1.96
August 31 2022,Orange,FL,Passenger,4,0,4,108,112,3.57
June 30 2017,Walla Walla,WA,Truck,0,0,0,13197,13197,0.00
January 31 2020,Kent,MI,Passenger,0,1,1,31,32,3.12
March 31 2025,Norfolk,VA,Passenger,0,1,1,205,206,0.49
July 31 2022,Wahkiakum,WA,Truck,0,0,0,1798,1798,0.00
March 31 2020,Jefferson,CO,Passenger,0,1,1,61,62,1.61
March 31 2023,Chesapeake,VA,Passenger,2,1,3,344,347,0.86
March 31 2023,Fresno,CA,Passenger,1,0,1,159,160,0.62
July 31 2023,Alexandria,VA,Passenger,3,0,3,109,112,2.68
May 31 2022,Nueces,TX,Passenger,1,0,1,70,71,1.41
May 31 2025,Tooele,UT,Passenger,1,0,1,7,8,12.50
September 30 2023,Whitman,WA,Passenger,176,86,262,21884,22146,1.18
January 31 2021,Essex,MA,Passenger,1,0,1,22,23,4.35
August 31 2022,Rockdale,GA,Passenger,1,0,1,9,10,10.00
May 31 2022,Sarasota,FL,Passenger,2,0,2,44,46,4.35
November 30 2018,Santa Rosa,FL,Passenger,1,0,1,90,91,1.10
November 30 2024,Whatcom,WA,Passenger,3859,1348,5207,147968,153175,3.40
November 30 2018,Douglas,WA,Passenger,49,33,82,27954,28036,0.29
March 31 2025,Adams,WA,Truck,6,0,6,5297,5303,0.11
August 31 2020,Jefferson,WA,Passenger,250,145,395,24623,25018,1.58
September 30 2022,Grays Harbor,WA,Truck,2,0,2,21145,21147,0.01
September 30 2018,Carroll,NH,Passenger,0,1,1,1,2,50.00
April 30 2017,Skamania,WA,Passenger,9,8,17,8517,8534,0.20
March 31 2018,Northampton,PA,Passenger,0,1,1,59,60,1.67
July 31 2024,Suffolk,MA,Passenger,3,1,4,29,33,12.12
May 31 2021,Sumter,FL,Passenger,0,1,1,10,11,9.09
February 28 2019,Prince William,VA,Passenger,0,5,5,250,255,1.96
May 31 2021,Mason,WA,Truck,0,0,0,21316,21316,0.00
July 31 2017,Frederick,MD,Passenger,0,1,1,83,84,1.19
June 30 2023,Duval,FL,Truck,1,0,1,61,62,1.61
August 31 2018,Nueces,TX,Passenger,1,1,2,90,92,2.17
March 31 2022,Orange,FL,Passenger,4,0,4,117,121,3.31
December 31 2024,Olmsted,MN,Passenger,1,0,1,3,4,25.00
May 31 2023,El Paso,CO,Passenger,4,7,11,588,599,1.84
March 31 2025,Clark,NV,Passenger,7,2,9,398,407,2.21
June 30 2021,El Paso,CO,Passenger,3,2,5,718,723,0.69
October 31 2024,Guam,GU,Passenger,0,1,1,30,31,3.23
December 31 2021,Jefferson,WA,Passenger,381,196,577,24708,25285,2.28
July 31 2021,Pend Oreille,WA,Passenger,15,7,22,9252,9274,0.24
April 30 2022,Kootenai,ID,Passenger,1,2,3,191,194,1.55
June 30 2018,Collin,TX,Passenger,1,0,1,174,175,0.57
May 31 2025,Davidson,TN,Passenger,1,0,1,18,19,5.26
June 30 2017,Pierce,WA,Passenger,956,843,1799,524734,526533,0.34
September 30 2021,Hillsborough,FL,Passenger,0,2,2,166,168,1.19
March 31 2022,Franklin,WA,Truck,0,0,0,20907,20907,0.00
March 31 2022,New London,CT,Passenger,2,5,7,215,222,3.15
July 31 2019,Island,WA,Truck,0,0,0,21282,21282,0.00
September 30 2019,Walla Walla,WA,Truck,0,0,0,13677,13677,0.00
January 31 2019,Island,WA,Truck,0,0,0,21185,21185,0.00
December 31 2018,Maui,HI,Passenger,2,0,2,53,55,3.64
August 31 2022,Pacific,WA,Truck,0,0,0,7843,7843,0.00
August 31 2021,Jefferson,WA,Truck,0,0,0,9605,9605,0.00
February 28 2017,Monterey,CA,Passenger,0,1,1,232,233,0.43
January 31 2018,Prince George's,MD,Passenger,0,1,1,183,184,0.54
July 31 2023,Klickitat,WA,Passenger,154,65,219,15091,15310,1.43
November 30 2024,Currituck,NC,Passenger,1,0,1,19,20,5.00
November 30 2021,Oldham,KY,Passenger,0,1,1,5,6,16.67
January 31 2020,Spartanburg,SC,Passenger,0,1,1,48,49,2.04
September 30 2020,Grays Harbor,WA,Passenger,115,116,231,48451,48682,0.47
May 31 2022,Charles,MD,Passenger,1,1,2,62,64,3.12
February 28 2022,Skagit,WA,Passenger,715,316,1031,90472,91503,1.13
September 30 2022,Fresno,CA,Passenger,1,0,1,163,164,0.61
November 30 2023,Gwinnett,GA,Passenger,1,0,1,56,57,1.75
January 31 2023,Williamson,TN,Passenger,0,1,1,18,19,5.26
February 29 2020,DuPage,IL,Passenger,4,0,4,66,70,5.71
August 31 2023,Milwaukee,WI,Passenger,1,0,1,39,40,2.50
January 31 2021,Chelan,WA,Passenger,294,88,382,54455,54837,0.70
November 30 2017,Franklin,MA,Passenger,0,1,1,5,6,16.67
October 31 2021,Orange,FL,Passenger,3,0,3,130,133,2.26
July 31 2017,Montgomery,MD,Passenger,1,0,1,315,316,0.32
August 31 2023,Kitsap,WA,Passenger,3455,1359,4814,174670,179484,2.68
January 31 2022,Montgomery,PA,Passenger,2,0,2,26,28,7.14
September 30 2020,Muskogee,OK,Passenger,0,1,1,2,3,33.33
January 31 2024,Newport,RI,Passenger,0,2,2,51,53,3.77
June 30 2022,Garfield,WA,Truck,0,0,0,978,978,0.00
August 31 2024,Skagit,WA,Truck,58,0,58,31495,31553,0.18
February 28 2025,Christian,MO,Passenger,0,1,1,7,8,12.50
June 30 2019,Kalamazoo,MI,Passenger,1,0,1,17,18,5.56
June 30 2021,Grant,WA,Truck,0,0,0,27883,27883,0.00
November 30 2020,Kern,CA,Passenger,0,1,1,216,217,0.46
January 31 2025,Douglas,WA,Passenger,371,112,483,29206,29689,1.63
June 30 2019,Garfield,WA,Passenger,1,1,2,1298,1300,0.15
December 31 2020,Montgomery,OH,Passenger,0,1,1,54,55,1.82
June 30 2021,Oldham,KY,Passenger,0,1,1,5,6,16.67
December 31 2021,Lane,OR,Passenger,0,1,1,136,137,0.73
February 28 2021,Queens,NY,Passenger,2,0,2,57,59,3.39
September 30 2023,Dallas,TX,Truck,1,0,1,13,14,7.14
July 31 2022,Newport,RI,Passenger,0,1,1,68,69,1.45
May 31 2025,Jefferson,WA,Truck,39,0,39,8816,8855,0.44
January 31 2020,District of Columbia,DC,Passenger,1,1,2,197,199,1.01
July 31 2019,New York,NY,Passenger,2,0,2,78,80,2.50
June 30 2023,Washington,OR,Passenger,3,0,3,297,300,1.00
November 30 2018,Hennepin,MN,Passenger,2,0,2,121,123,1.63
August 31 2023,Mohave,AZ,Passenger,1,0,1,55,56,1.79
December 31 2023,Whatcom,WA,Passenger,2961,1055,4016,147669,151685,2.65
November 30 2023,Orange,NY,Passenger,0,1,1,43,44,2.27
November 30 2024,Atlantic,NJ,Passenger,1,0,1,4,5,20.00
September 30 2020,San Juan,WA,Passenger,331,101,432,13891,14323,3.02
April 30 2024,Snohomish,WA,Passenger,18015,3906,21921,525202,547123,4.01
November 30 2018,Spokane,WA,Truck,1,0,1,93625,93626,0.00
November 30 2019,Collin,TX,Passenger,2,1,3,154,157,1.91
December 31 2021,Snohomish,WA,Passenger,7009,2236,9245,536681,545926,1.69
September 30 2023,Sacramento,CA,Passenger,3,1,4,187,191,2.09
April 30 2023,Allen,IN,Passenger,1,0,1,15,16,6.25
May 31 2020,Klickitat,WA,Truck,0,0,0,8113,8113,0.00
December 31 2019,Pima,AZ,Passenger,3,1,4,417,421,0.95
February 28 2021,Skamania,WA,Truck,0,0,0,4030,4030,0.00
September 30 2023,Calvert,MD,Passenger,1,2,3,82,85,3.53
March 31 2024,Cowlitz,WA,Truck,15,0,15,27827,27842,0.05
July 31 2020,DuPage,IL,Passenger,4,0,4,63,67,5.97
February 28 2022,Cowlitz,WA,Passenger,280,168,448,71171,71619,0.63
July 31 2023,Collier,FL,Passenger,1,0,1,18,19,5.26
May 31 2017,Salt Lake,UT,Passenger,1,1,2,283,285,0.70
October 31 2017,Clay,FL,Passenger,0,1,1,116,117,0.85
May 31 2025,Santa Cruz,AZ,Passenger,1,0,1,5,6,16.67
October 31 2017,Salt Lake,UT,Passenger,1,0,1,255,256,0.39
September 30 2022,Mason,WA,Truck,4,0,4,20940,20944,0.02
January 31 2019,Orange,CA,Passenger,6,2,8,577,585,1.37
December 31 2018,Middlesex,MA,Passenger,1,0,1,126,127,0.79
January 31 2019,Columbia,WA,Truck,0,0,0,1529,1529,0.00
March 31 2024,Kootenai,ID,Passenger,3,3,6,121,127,4.72
September 30 2024,Snohomish,WA,Passenger,20895,4302,25197,523858,549055,4.59
May 31 2019,Skagit,WA,Passenger,293,200,493,91657,92150,0.53
March 31 2025,Camden,GA,Passenger,1,0,1,86,87,1.15
March 31 2024,San Mateo,CA,Passenger,4,1,5,84,89,5.62
August 31 2017,Lincoln,WA,Truck,0,0,0,4456,4456,0.00
June 30 2024,Newport,RI,Passenger,0,2,2,50,52,3.85
December 31 2023,Goochland,VA,Passenger,3,1,4,84,88,4.55
May 31 2019,Contra Costa,CA,Passenger,2,2,4,373,377,1.06
May 31 2025,Hamilton,OH,Passenger,2,0,2,36,38,5.26
May 31 2021,Santa Cruz,CA,Passenger,1,0,1,28,29,3.45
November 30 2017,Wahkiakum,WA,Truck,0,0,0,1661,1661,0.00
June 30 2021,Clallam,WA,Passenger,329,218,547,50436,50983,1.07
April 30 2020,Lake,IL,Passenger,1,0,1,173,174,0.57
October 31 2021,Manassas,VA,Passenger,0,1,1,7,8,12.50
June 30 2024,Hudson,NJ,Passenger,2,0,2,28,30,6.67
September 30 2022,Brown,WI,Passenger,1,0,1,7,8,12.50
July 31 2020,Bradley,TN,Passenger,1,0,1,3,4,25.00
May 31 2022,Sussex,NJ,Passenger,1,0,1,2,3,33.33
May 31 2021,Fresno,CA,Passenger,2,0,2,199,201,1.00
June 30 2022,Fredericksburg,VA,Passenger,1,0,1,7,8,12.50
November 30 2021,Whitman,WA,Passenger,66,58,124,21887,22011,0.56
August 31 2017,Sumter,FL,Passenger,0,1,1,10,11,9.09
November 30 2024,Duval,FL,Truck,1,0,1,48,49,2.04
September 30 2021,Alexandria,VA,Passenger,3,0,3,131,134,2.24
June 30 2020,Nassau,FL,Passenger,1,0,1,40,41,2.44
October 31 2021,Cowlitz,WA,Truck,0,1,1,29043,29044,0.00
July 31 2020,Nueces,TX,Passenger,1,0,1,91,92,1.09
November 30 2024,Ogle,IL,Passenger,1,0,1,0,1,100.00
May 31 2024,New Castle,DE,Passenger,1,0,1,20,21,4.76
January 31 2019,Mercer,NJ,Passenger,0,1,1,17,18,5.56
February 28 2018,Stevens,WA,Passenger,10,21,31,31499,31530,0.10
September 30 2019,Fairbanks North Star,AK,Passenger,0,1,1,98,99,1.01
March 31 2023,Ventura,CA,Passenger,3,2,5,262,267,1.87
June 30 2023,Chelan,WA,Truck,31,0,31,23132,23163,0.13
October 31 2024,Pinal,AZ,Passenger,2,1,3,76,79,3.80
November 30 2021,Arlington,VA,Passenger,2,1,3,150,153,1.96
June 30 2019,Eagle,CO,Passenger,1,0,1,6,7,14.29
February 28 2023,Benton,WA,Passenger,985,521,1506,135418,136924,1.10
June 30 2021,King,WA,Truck,6,1,7,184450,184457,0.00
July 31 2017,New London,CT,Passenger,1,0,1,245,246,0.41
January 31 2017,Canyon,ID,Passenger,0,1,1,128,129,0.78
February 29 2020,RÃ­o Grande,PR,Passenger,1,0,1,0,1,100.00
April 30 2021,Okanogan,WA,Truck,0,0,0,16739,16739,0.00
January 31 2023,San Juan,WA,Passenger,570,174,744,13851,14595,5.10
December 31 2018,Eagle,CO,Passenger,1,0,1,5,6,16.67
April 30 2025,Whitman,WA,Truck,22,0,22,8503,8525,0.26
July 31 2024,Saginaw,MI,Passenger,0,1,1,2,3,33.33
October 31 2019,Maricopa,AZ,Passenger,8,7,15,1716,1731,0.87
May 31 2018,Walla Walla,WA,Truck,0,0,0,13386,13386,0.00
September 30 2021,Placer,CA,Passenger,2,0,2,85,87,2.30
November 30 2018,Cook,IL,Passenger,1,0,1,264,265,0.38
September 30 2022,Virginia Beach,VA,Passenger,1,1,2,551,553,0.36
November 30 2020,DeKalb,IN,Passenger,1,0,1,0,1,100.00
April 30 2023,Virginia Beach,VA,Truck,1,0,1,126,127,0.79
July 31 2023,Medina,TX,Passenger,1,0,1,7,8,12.50
September 30 2024,Clark,NV,Passenger,8,2,10,466,476,2.10
December 31 2022,Spotsylvania,VA,Passenger,1,0,1,29,30,3.33
June 30 2022,Penobscot,ME,Passenger,0,2,2,9,11,18.18
November 30 2024,Snohomish,WA,Truck,560,0,560,119145,119705,0.47
April 30 2019,Pueblo,CO,Passenger,1,0,1,34,35,2.86
December 31 2023,Orange,NC,Passenger,1,0,1,7,8,12.50
June 30 2022,Owyhee,ID,Passenger,1,0,1,2,3,33.33
December 31 2024,Rockdale,GA,Passenger,1,0,1,7,8,12.50
October 31 2020,,,Passenger,5,1,6,398,404,1.49
March 31 2025,Wahkiakum,WA,Passenger,48,29,77,2979,3056,2.52
December 31 2021,Charleston,SC,Passenger,1,1,2,88,90,2.22
December 31 2022,Polk,OR,Passenger,1,1,2,25,27,7.41
March 31 2019,Okanogan,WA,Passenger,20,21,41,25895,25936,0.16
May 31 2021,Orange,CA,Passenger,6,3,9,485,494,1.82
August 31 2020,Whitman,WA,Truck,0,0,0,8478,8478,0.00
May 31 2021,Stafford,VA,Passenger,2,1,3,105,108,2.78
August 31 2020,Owyhee,ID,Passenger,1,0,1,3,4,25.00
March 31 2022,Hanover,VA,Passenger,1,0,1,3,4,25.00
March 31 2022,Douglas,WA,Passenger,124,56,180,28513,28693,0.63
February 28 2023,Kittitas,WA,Truck,6,0,6,14555,14561,0.04
February 28 2025,Fresno,CA,Passenger,1,1,2,112,114,1.75
September 30 2021,Multnomah,OR,Passenger,3,6,9,721,730,1.23
January 31 2024,Hays,TX,Passenger,1,0,1,8,9,11.11
May 31 2022,Yakima,WA,Truck,0,0,0,61366,61366,0.00
June 30 2020,Kent,MI,Passenger,0,1,1,31,32,3.12
April 30 2024,Arlington,VA,Passenger,5,0,5,120,125,4.00
November 30 2021,Wise,TX,Passenger,1,0,1,9,10,10.00
January 31 2017,Montgomery,MD,Passenger,1,0,1,320,321,0.31
February 28 2025,Sussex,NJ,Passenger,1,0,1,0,1,100.00
November 30 2024,Santa Cruz,AZ,Passenger,1,0,1,4,5,20.00
January 31 2024,Jefferson,WA,Truck,18,0,18,9237,9255,0.19
March 31 2022,Dallas,TX,Passenger,1,0,1,152,153,0.65
June 30 2019,Stevens,WA,Passenger,19,31,50,31658,31708,0.16
March 31 2019,Guadalupe,TX,Passenger,1,0,1,78,79,1.27
February 28 2023,King,WA,Passenger,50903,12789,63692,1326111,1389803,4.58
October 31 2018,Adams,WA,Truck,0,0,0,5146,5146,0.00
December 31 2019,Middlesex,MA,Passenger,1,0,1,108,109,0.92
March 31 2020,Harford,MD,Passenger,0,1,1,64,65,1.54
December 31 2022,Adams,WA,Truck,1,0,1,5387,5388,0.02
February 29 2024,Jefferson,IL,Passenger,1,0,1,1,2,50.00
February 28 2023,Tarrant,TX,Passenger,2,0,2,126,128,1.56
October 31 2023,Lewis,WA,Passenger,372,285,657,59384,60041,1.09
August 31 2023,Madison,IL,Passenger,2,0,2,16,18,11.11
February 28 2025,Ada,ID,Passenger,2,0,2,105,107,1.87
October 31 2021,Stafford,VA,Passenger,2,1,3,109,112,2.68
November 30 2018,Portsmouth,VA,Passenger,0,1,1,79,80,1.25
February 28 2022,Louisa,VA,Passenger,0,1,1,2,3,33.33
June 30 2021,Spokane,WA,Passenger,1069,646,1715,325925,327640,0.52
October 31 2023,Clark,WA,Passenger,6767,2524,9291,312893,322184,2.88
November 30 2023,Washington,MD,Passenger,1,0,1,15,16,6.25
May 31 2019,Kittitas,WA,Truck,0,0,0,14377,14377,0.00
June 30 2024,Plaquemines,LA,Passenger,1,1,2,17,19,10.53
March 31 2024,Adams,WA,Passenger,33,15,48,13072,13120,0.37
February 29 2024,Fulton,GA,Passenger,1,1,2,70,72,2.78
July 31 2020,Rockingham,NH,Passenger,1,0,1,26,27,3.70
September 30 2020,Allegheny,PA,Passenger,2,0,2,82,84,2.38
August 31 2017,Albemarle,VA,Passenger,0,1,1,31,32,3.12
December 31 2020,Klickitat,WA,Truck,0,0,0,8074,8074,0.00
January 31 2018,Pierce,WA,Passenger,1095,997,2092,527173,529265,0.40
July 31 2023,Lake,IN,Passenger,0,1,1,10,11,9.09
May 31 2024,Escambia,FL,Truck,1,0,1,24,25,4.00
January 31 2021,Owyhee,ID,Passenger,1,0,1,3,4,25.00
May 31 2019,Ventura,CA,Passenger,0,2,2,333,335,0.60
July 31 2022,Kittitas,WA,Passenger,277,87,364,29634,29998,1.21
March 31 2019,Vigo,IN,Passenger,1,0,1,5,6,16.67
May 31 2023,Johnson,MO,Passenger,1,0,1,24,25,4.00
December 31 2023,Greene,OH,Passenger,2,0,2,23,25,8.00
March 31 2023,Fulton,GA,Passenger,1,1,2,81,83,2.41
February 28 2021,Fort Bend,TX,Passenger,1,0,1,43,44,2.27
August 31 2023,Garfield,WA,Passenger,0,3,3,1292,1295,0.23
April 30 2019,Clackamas,OR,Passenger,1,1,2,225,227,0.88
December 31 2021,Rockingham,NH,Passenger,1,0,1,24,25,4.00
May 31 2020,Suffolk,MA,Passenger,0,2,2,41,43,4.65
May 31 2025,Maricopa,AZ,Passenger,6,1,7,543,550,1.27
May 31 2023,St. Louis,MO,Passenger,1,0,1,66,67,1.49
June 30 2024,Douglas,WA,Passenger,291,99,390,28944,29334,1.33
March 31 2025,Kootenai,ID,Truck,1,0,1,18,19,5.26
September 30 2020,Honolulu,HI,Passenger,5,2,7,487,494,1.42
January 31 2022,Asotin,WA,Passenger,23,17,40,12636,12676,0.32
October 31 2023,New Haven,CT,Passenger,1,2,3,28,31,9.68
March 31 2018,Essex,MA,Passenger,1,0,1,27,28,3.57
September 30 2020,Harnett,NC,Passenger,1,0,1,208,209,0.48
September 30 2023,Clallam,WA,Passenger,613,302,915,48884,49799,1.84
July 31 2021,Salt Lake,UT,Passenger,1,1,2,201,203,0.99
August 31 2023,Grays Harbor,WA,Truck,9,0,9,20863,20872,0.04
April 30 2018,Columbia,WA,Passenger,2,1,3,2415,2418,0.12
August 31 2023,Anne Arundel,MD,Truck,1,0,1,44,45,2.22
December 31 2020,Lincoln,WA,Truck,0,0,0,4670,4670,0.00
June 30 2024,Hamilton,OH,Passenger,2,0,2,35,37,5.41
February 28 2021,Hennepin,MN,Passenger,2,0,2,98,100,2.00
January 31 2024,Hamilton,OH,Passenger,1,0,1,38,39,2.56
May 31 2017,San Juan,WA,Passenger,104,38,142,13494,13636,1.04
May 31 2022,Denton,TX,Passenger,2,0,2,85,87,2.30
April 30 2022,Calvert,MD,Passenger,0,3,3,88,91,3.30
April 30 2025,Grays Harbor,WA,Passenger,587,285,872,47067,47939,1.82
April 30 2025,Clark,WA,Truck,361,0,361,79695,80056,0.45
February 29 2020,Adams,WA,Truck,0,0,0,5215,5215,0.00
January 31 2021,St. Louis,MO,Passenger,1,0,1,104,105,0.95
September 30 2017,Cobb,GA,Passenger,0,1,1,73,74,1.35
May 31 2020,Benton,WA,Passenger,353,324,677,134070,134747,0.50
December 31 2019,Grant,WA,Passenger,55,69,124,65594,65718,0.19
June 30 2021,RÃ­o Grande,PR,Passenger,1,0,1,0,1,100.00
October 31 2017,Arlington,VA,Passenger,1,2,3,181,184,1.63
February 28 2018,St. Clair,IL,Passenger,0,1,1,167,168,0.60
February 28 2021,Whitman,WA,Truck,0,0,0,8511,8511,0.00
March 31 2022,San Diego,CA,Passenger,16,7,23,2601,2624,0.88
August 31 2024,DeKalb,GA,Passenger,1,0,1,37,38,2.63
November 30 2023,Stevens,WA,Truck,2,0,2,18631,18633,0.01
June 30 2024,Montgomery,TX,Passenger,1,0,1,23,24,4.17
July 31 2021,Douglas,NE,Passenger,1,1,2,59,61,3.28
December 31 2022,Kauai,HI,Passenger,1,1,2,21,23,8.70
February 28 2021,Penobscot,ME,Passenger,0,2,2,12,14,14.29
July 31 2021,Whatcom,WA,Passenger,1475,616,2091,150444,152535,1.37
April 30 2022,Miami-Dade,FL,Passenger,1,0,1,104,105,0.95
February 28 2025,Charleston,SC,Passenger,0,2,2,46,48,4.17
February 28 2019,Broward,FL,Passenger,2,1,3,129,132,2.27
January 31 2024,Wake,NC,Passenger,6,1,7,101,108,6.48
March 31 2024,Escambia,FL,Passenger,1,1,2,129,131,1.53
February 28 2025,St. Clair,IL,Passenger,0,1,1,103,104,0.96
July 31 2022,Washington,MD,Passenger,2,0,2,14,16,12.50
May 31 2024,Wichita,TX,Passenger,1,0,1,30,31,3.23
May 31 2018,Cumberland,NC,Passenger,1,0,1,542,543,0.18
November 30 2018,Dallas,TX,Passenger,0,1,1,214,215,0.47
June 30 2020,Mason,WA,Truck,0,0,0,20589,20589,0.00
January 31 2020,Lewis,WA,Passenger,109,106,215,59570,59785,0.36
February 29 2020,Skamania,WA,Passenger,28,18,46,8767,8813,0.52
December 31 2021,Williams,ND,Passenger,0,1,1,9,10,10.00
February 28 2025,Johnson,MO,Passenger,1,0,1,27,28,3.57
August 31 2022,Harris,TX,Passenger,1,1,2,198,200,1.00
June 30 2024,Washoe,NV,Passenger,5,0,5,57,62,8.06
January 31 2017,Spokane,WA,Truck,1,0,1,90403,90404,0.00
October 31 2023,Johnson,MO,Passenger,1,0,1,26,27,3.70
September 30 2021,Mason,WA,Passenger,238,148,386,47927,48313,0.80
February 28 2021,Greene,MO,Passenger,0,1,1,41,42,2.38
April 30 2023,Boulder,CO,Passenger,2,0,2,41,43,4.65
January 31 2020,Monroe,IL,Passenger,1,0,1,3,4,25.00
November 30 2022,Broward,FL,Passenger,1,0,1,78,79,1.27
January 31 2017,Columbia,WA,Passenger,0,1,1,2332,2333,0.04
June 30 2022,Wichita,TX,Passenger,1,0,1,42,43,2.33
May 31 2022,Grant,WA,Truck,0,0,0,27962,27962,0.00
October 31 2021,Kern,CA,Passenger,1,1,2,204,206,0.97
August 31 2018,Essex,NJ,Passenger,1,0,1,14,15,6.67
June 30 2024,Cuyahoga,OH,Passenger,1,0,1,46,47,2.13
January 31 2020,Thurston,WA,Truck,0,0,0,55685,55685,0.00
January 31 2018,Island,WA,Passenger,159,168,327,61762,62089,0.53
August 31 2021,Pacific,WA,Passenger,48,54,102,16037,16139,0.63
November 30 2020,Mason,WA,Truck,0,0,0,20835,20835,0.00
March 31 2023,Grays Harbor,WA,Truck,2,0,2,20986,20988,0.01
December 31 2023,Grays Harbor,WA,Passenger,374,222,596,47943,48539,1.23
January 31 2019,St. Lucie,FL,Passenger,1,0,1,28,29,3.45
March 31 2019,El Paso,CO,Passenger,3,3,6,772,778,0.77
September 30 2018,Asotin,WA,Passenger,11,8,19,12670,12689,0.15
November 30 2021,Monterey,CA,Passenger,1,2,3,166,169,1.78
January 31 2023,Spokane,WA,Truck,21,0,21,101575,101596,0.02
March 31 2018,Charles,MD,Passenger,0,1,1,83,84,1.19
August 31 2024,Escambia,FL,Passenger,1,1,2,116,118,1.69
March 31 2021,Allegheny,PA,Passenger,2,1,3,79,82,3.66
July 31 2020,Douglas,CO,Passenger,1,0,1,89,90,1.11
February 28 2025,Falls Church,VA,Passenger,1,0,1,6,7,14.29
November 30 2017,Kittitas,WA,Passenger,35,24,59,28256,28315,0.21
February 28 2023,DeKalb,GA,Passenger,2,0,2,56,58,3.45
July 31 2022,Benton,WA,Truck,3,0,3,43416,43419,0.01
August 31 2019,Lewis,WA,Passenger,105,98,203,59345,59548,0.34
May 31 2021,Riverside,CA,Passenger,7,0,7,622,629,1.11
February 28 2019,Lumpkin,GA,Passenger,1,0,1,6,7,14.29
July 31 2019,Broward,FL,Passenger,2,1,3,128,131,2.29
October 31 2022,Botetourt,VA,Passenger,1,0,1,0,1,100.00
September 30 2021,San Juan,WA,Truck,0,0,0,5976,5976,0.00
April 30 2018,Pacific,WA,Passenger,14,19,33,15477,15510,0.21
January 31 2017,Douglas,WA,Passenger,29,19,48,26571,26619,0.18
August 31 2019,Nueces,TX,Passenger,1,1,2,94,96,2.08
January 31 2018,Okaloosa,FL,Passenger,1,0,1,178,179,0.56
June 30 2024,Washtenaw,MI,Passenger,0,2,2,24,26,7.69
July 31 2019,Ada,ID,Passenger,0,2,2,331,333,0.60
July 31 2022,Danville,VA,Passenger,1,0,1,0,1,100.00
March 31 2025,Charles,MD,Passenger,1,1,2,43,45,4.44
June 30 2019,Benton,WA,Passenger,259,280,539,133722,134261,0.40
March 31 2021,Manassas,VA,Passenger,0,1,1,7,8,12.50
December 31 2024,Hartford,CT,Passenger,1,0,1,17,18,5.56
September 30 2023,Shasta,CA,Passenger,1,0,1,31,32,3.12
August 31 2024,Miami-Dade,FL,Passenger,2,0,2,69,71,2.82
July 31 2023,Hudson,NJ,Passenger,2,0,2,29,31,6.45
October 31 2023,Adams,CO,Passenger,1,0,1,32,33,3.03
December 31 2017,Montgomery,TX,Passenger,1,0,1,65,66,1.52
March 31 2020,Columbia,WA,Passenger,3,3,6,2417,2423,0.25
March 31 2017,Northampton,PA,Passenger,2,0,2,207,209,0.96
July 31 2017,Douglas,WA,Passenger,35,26,61,26749,26810,0.23
March 31 2021,Wahkiakum,WA,Truck,0,0,0,1784,1784,0.00
September 30 2023,DeKalb,GA,Passenger,2,0,2,45,47,4.26
August 31 2017,Benton,WA,Passenger,161,147,308,128999,129307,0.24
June 30 2023,Wake,NC,Passenger,5,1,6,110,116,5.17
September 30 2022,Kittitas,WA,Truck,4,0,4,14589,14593,0.03
February 28 2017,Bexar,TX,Passenger,1,2,3,1172,1175,0.26
August 31 2018,District of Columbia,DC,Passenger,0,3,3,185,188,1.60
May 31 2021,Leavenworth,KS,Passenger,0,1,1,107,108,0.93
June 30 2023,Honolulu,HI,Passenger,4,3,7,363,370,1.89
September 30 2022,Collier,FL,Passenger,1,0,1,19,20,5.00
September 30 2020,Thurston,WA,Passenger,1211,752,1963,196845,198808,0.99
May 31 2019,Grant,WA,Passenger,39,59,98,64542,64640,0.15
April 30 2020,Hillsborough,FL,Passenger,0,1,1,198,199,0.50
August 31 2023,Forsyth,GA,Passenger,1,0,1,13,14,7.14
February 28 2019,Palm Beach,FL,Passenger,0,2,2,95,97,2.06
March 31 2023,Yakima,WA,Truck,9,0,9,61101,61110,0.01
March 31 2020,Washington,WI,Passenger,1,0,1,3,4,25.00
May 31 2020,Columbia,WA,Truck,0,0,0,1521,1521,0.00
September 30 2017,Lewis,WA,Passenger,53,40,93,56027,56120,0.17
December 31 2019,Whitman,WA,Passenger,42,46,88,22650,22738,0.39
November 30 2021,Coryell,TX,Passenger,1,0,1,109,110,0.91
April 30 2018,Lee,AL,Passenger,1,0,1,32,33,3.03
February 29 2024,Kitsap,WA,Passenger,4141,1563,5704,174355,180059,3.17
October 31 2019,Alexandria,VA,Passenger,1,0,1,144,145,0.69
January 31 2017,Island,WA,Passenger,103,119,222,59371,59593,0.37
February 28 2025,Grant,WA,Truck,51,0,51,28067,28118,0.18
December 31 2021,DuPage,IL,Passenger,5,1,6,58,64,9.38
January 31 2025,Kittitas,WA,Truck,50,0,50,14625,14675,0.34
March 31 2018,Clay,FL,Passenger,0,1,1,105,106,0.94
December 31 2021,Boulder,CO,Passenger,2,1,3,47,50,6.00
December 31 2019,Ada,ID,Passenger,0,1,1,320,321,0.31
April 30 2022,Wise,TX,Passenger,2,0,2,9,11,18.18
August 31 2023,Mercer,NJ,Passenger,0,1,1,14,15,6.67
April 30 2018,Lumpkin,GA,Passenger,1,0,1,7,8,12.50
August 31 2022,Plaquemines,LA,Passenger,1,1,2,19,21,9.52
November 30 2018,Cowlitz,WA,Passenger,69,91,160,72356,72516,0.22
November 30 2018,Kittitas,WA,Passenger,62,34,96,29271,29367,0.33
August 31 2020,El Paso,TX,Passenger,2,0,2,418,420,0.48
February 28 2021,Carson City,NV,Passenger,1,0,1,14,15,6.67
January 31 2017,Cowlitz,WA,Passenger,51,44,95,69103,69198,0.14
August 31 2023,Asotin,WA,Truck,0,0,0,6619,6619,0.00
June 30 2020,Monterey,CA,Passenger,1,2,3,174,177,1.69
March 31 2025,Guam,GU,Passenger,0,1,1,27,28,3.57
May 31 2018,Cook,IL,Passenger,1,0,1,281,282,0.35
April 30 2025,Washoe,NV,Passenger,3,0,3,40,43,6.98
July 31 2018,Clark,WA,Passenger,1042,744,1786,308521,310307,0.58
October 31 2020,Platte,MO,Passenger,1,0,1,19,20,5.00
December 31 2022,Danville,VA,Passenger,1,0,1,0,1,100.00
November 30 2022,El Paso,CO,Passenger,4,7,11,629,640,1.72
October 31 2022,Marion,IN,Passenger,1,0,1,46,47,2.13
December 31 2022,Alameda,CA,Passenger,8,2,10,231,241,4.15
November 30 2024,Franklin,WA,Passenger,575,210,785,62851,63636,1.23
October 31 2022,Leavenworth,KS,Passenger,1,2,3,90,93,3.23
October 31 2021,Columbia,WA,Truck,0,0,0,1534,1534,0.00
May 31 2025,Lake,IL,Passenger,8,0,8,99,107,7.48
June 30 2023,Harnett,NC,Passenger,4,1,5,162,167,2.99
April 30 2020,Maricopa,AZ,Passenger,9,9,18,1679,1697,1.06
May 31 2018,Okanogan,WA,Passenger,8,19,27,25863,25890,0.10
June 30 2022,Orange,NY,Passenger,0,1,1,55,56,1.79
November 30 2023,El Paso,TX,Passenger,3,2,5,322,327,1.53
May 31 2021,Tom Green,TX,Passenger,0,1,1,23,24,4.17
April 30 2020,Jones,GA,Passenger,1,0,1,0,1,100.00
June 30 2024,Benton,WA,Truck,44,0,44,42853,42897,0.10
March 31 2017,Cobb,GA,Passenger,0,1,1,84,85,1.18
February 28 2019,King,WA,Truck,6,1,7,181913,181920,0.00
January 31 2023,Randolph,NC,Passenger,1,0,1,3,4,25.00
April 30 2020,Ramsey,MN,Passenger,1,0,1,47,48,2.08
January 31 2020,Boone,MO,Passenger,0,1,1,11,12,8.33
April 30 2017,Pend Oreille,WA,Passenger,1,4,5,9319,9324,0.05
April 30 2025,Allegheny,PA,Passenger,2,0,2,42,44,4.55
February 28 2018,Walla Walla,WA,Passenger,31,35,66,35371,35437,0.19
November 30 2018,Yakima,WA,Passenger,78,98,176,164627,164803,0.11
February 28 2023,Virginia Beach,VA,Passenger,3,1,4,533,537,0.74
August 31 2019,Charleston,SC,Passenger,1,0,1,120,121,0.83
September 30 2020,Douglas,NE,Passenger,0,1,1,56,57,1.75
March 31 2022,Marin,CA,Passenger,1,1,2,44,46,4.35
February 28 2022,Pierce,WA,Passenger,4474,2170,6644,550978,557622,1.19
January 31 2017,Contra Costa,CA,Passenger,1,0,1,675,676,0.15
October 31 2022,Riverside,CA,Passenger,10,1,11,539,550,2.00
November 30 2024,Sarpy,NE,Truck,1,0,1,17,18,5.56
December 31 2024,Williamson,TN,Passenger,0,1,1,5,6,16.67
January 31 2019,Lincoln,WA,Truck,0,0,0,4661,4661,0.00
August 31 2019,Walla Walla,WA,Passenger,56,63,119,36199,36318,0.33
August 31 2020,Williamson,TX,Passenger,0,2,2,162,164,1.22
October 31 2022,Adams,WA,Passenger,22,12,34,12991,13025,0.26
November 30 2020,District of Columbia,DC,Passenger,2,1,3,187,190,1.58
November 30 2021,San Luis Obispo,CA,Passenger,1,0,1,73,74,1.35
September 30 2024,Kent,RI,Truck,1,0,1,3,4,25.00
October 31 2024,Prince William,VA,Passenger,1,4,5,127,132,3.79
June 30 2022,El Paso,CO,Passenger,4,7,11,678,689,1.60
October 31 2023,Norfolk,VA,Passenger,1,1,2,277,279,0.72
January 31 2019,Asotin,WA,Truck,0,0,0,6639,6639,0.00
September 30 2019,Lake,CA,Passenger,0,1,1,12,13,7.69
February 28 2021,Plaquemines,LA,Passenger,0,1,1,16,17,5.88
July 31 2023,Island,WA,Passenger,1110,440,1550,60444,61994,2.50
March 31 2020,Pueblo,CO,Passenger,1,0,1,32,33,3.03
December 31 2024,St. Mary's,MD,Passenger,4,0,4,176,180,2.22
March 31 2024,Lincoln,WA,Truck,0,0,0,4819,4819,0.00
January 31 2024,Saginaw,MI,Passenger,0,1,1,5,6,16.67
February 28 2023,Chesapeake,VA,Passenger,2,1,3,343,346,0.87
May 31 2025,Franklin,WA,Passenger,726,219,945,61273,62218,1.52
June 30 2020,DeKalb,GA,Passenger,1,0,1,89,90,1.11
April 30 2023,Lane,OR,Passenger,0,1,1,105,106,0.94
August 31 2024,Kittitas,WA,Truck,37,0,37,14662,14699,0.25
August 31 2024,Travis,TX,Passenger,4,2,6,68,74,8.11
February 28 2021,Twin Falls,ID,Passenger,0,1,1,25,26,3.85
December 31 2023,Mason,WA,Passenger,550,223,773,46095,46868,1.65
October 31 2019,Nassau,NY,Passenger,4,0,4,43,47,8.51
November 30 2024,Mesa,CO,Passenger,0,1,1,8,9,11.11
August 31 2019,Lee,FL,Passenger,1,0,1,56,57,1.75
February 28 2022,Medina,TX,Passenger,1,0,1,6,7,14.29
November 30 2023,Escambia,FL,Truck,1,0,1,28,29,3.45
January 31 2017,Chelan,WA,Truck,0,0,0,21253,21253,0.00
November 30 2024,Pend Oreille,WA,Passenger,52,23,75,8585,8660,0.87
September 30 2024,San Bernardino,CA,Passenger,6,1,7,306,313,2.24
September 30 2024,St. Lawrence,NY,Passenger,1,0,1,4,5,20.00
May 31 2022,San Bernardino,CA,Passenger,2,1,3,402,405,0.74
January 31 2023,San Joaquin,CA,Passenger,1,1,2,103,105,1.90
January 31 2024,Wahkiakum,WA,Truck,4,0,4,1737,1741,0.23
February 28 2018,Shelby,TN,Passenger,0,1,1,110,111,0.90
September 30 2019,Pinellas,FL,Passenger,1,1,2,125,127,1.57
December 31 2022,Salt Lake,UT,Passenger,2,1,3,160,163,1.84
January 31 2023,St. Mary's,MD,Passenger,2,0,2,212,214,0.93
August 31 2019,Adams,WA,Truck,0,0,0,5128,5128,0.00
March 31 2018,Alameda,CA,Passenger,0,1,1,366,367,0.27
April 30 2021,Middlesex,MA,Passenger,1,0,1,102,103,0.97
February 28 2025,Newport,RI,Truck,1,0,1,9,10,10.00
May 31 2019,Prince George's,MD,Passenger,1,1,2,190,192,1.04
January 31 2023,Fairfax,VA,Truck,1,0,1,97,98,1.02
March 31 2025,Benton,AR,Passenger,1,0,1,12,13,7.69
April 30 2022,Island,WA,Truck,1,0,1,21333,21334,0.00
December 31 2023,Hamilton,OH,Passenger,1,0,1,38,39,2.56
February 29 2020,Osceola,FL,Passenger,1,0,1,47,48,2.08
October 31 2019,Santa Rosa,FL,Passenger,1,0,1,92,93,1.08
March 31 2025,Brevard,FL,Passenger,1,0,1,53,54,1.85
September 30 2023,Escambia,FL,Passenger,0,1,1,140,141,0.71
December 31 2019,Fresno,CA,Passenger,2,0,2,209,211,0.95
April 30 2021,Anchorage,AK,Passenger,1,0,1,159,160,0.62
January 31 2025,Grant,WA,Passenger,558,248,806,68334,69140,1.17
January 31 2019,Suffolk,MA,Passenger,0,1,1,41,42,2.38
February 29 2020,Kitsap,WA,Truck,1,0,1,54347,54348,0.00
August 31 2022,Washtenaw,MI,Passenger,0,1,1,34,35,2.86
March 31 2020,Clackamas,OR,Passenger,2,1,3,232,235,1.28
June 30 2022,Gwinnett,GA,Passenger,1,0,1,63,64,1.56
October 31 2024,St. Louis,MO,Passenger,1,0,1,42,43,2.33
August 31 2019,Essex,MA,Passenger,1,0,1,32,33,3.03
May 31 2021,Morris,NJ,Passenger,1,0,1,15,16,6.25
October 31 2019,Volusia,FL,Passenger,0,1,1,43,44,2.27
February 28 2018,Travis,TX,Passenger,1,0,1,201,202,0.50
February 28 2025,Shelby,TN,Passenger,1,1,2,52,54,3.70
August 31 2024,Okanogan,WA,Truck,20,0,20,16416,16436,0.12
January 31 2023,Jefferson,WA,Truck,5,0,5,9354,9359,0.05
July 31 2022,Lewis,WA,Truck,0,0,0,26314,26314,0.00
January 31 2023,Fairbanks North Star,AK,Passenger,0,1,1,72,73,1.37
April 30 2021,Platte,MO,Passenger,1,0,1,18,19,5.26
January 31 2023,Solano,CA,Passenger,4,1,5,171,176,2.84
November 30 2022,Will,IL,Passenger,0,1,1,18,19,5.26
December 31 2019,Kittitas,WA,Truck,0,0,0,14623,14623,0.00
March 31 2018,Kitsap,WA,Truck,1,0,1,52960,52961,0.00
March 31 2022,Placer,CA,Passenger,2,0,2,89,91,2.20
April 30 2023,Prince William,VA,Passenger,0,4,4,175,179,2.23
February 28 2018,Norfolk,MA,Passenger,1,0,1,43,44,2.27
March 31 2022,Mercer,NJ,Passenger,0,1,1,12,13,7.69
November 30 2017,Lewis,WA,Truck,0,0,0,25240,25240,0.00
September 30 2021,Dallas,TX,Passenger,1,0,1,179,180,0.56
May 31 2021,Monterey,CA,Passenger,1,2,3,166,169,1.78
November 30 2022,Sevier,AR,Passenger,0,1,1,1,2,50.00
October 31 2021,Ulster,NY,Passenger,1,0,1,16,17,5.88
August 31 2022,St. Mary's,MD,Passenger,2,0,2,220,222,0.90
October 31 2023,Otero,NM,Passenger,0,1,1,21,22,4.55
April 30 2021,Pend Oreille,WA,Truck,0,0,0,5734,5734,0.00
September 30 2024,Marion,IN,Passenger,3,0,3,23,26,11.54
March 31 2022,Garfield,WA,Passenger,0,3,3,1326,1329,0.23
July 31 2023,Douglas,WA,Passenger,211,64,275,28739,29014,0.95
July 31 2019,Marion,OR,Passenger,1,0,1,131,132,0.76
September 30 2021,Hamilton,IN,Passenger,3,0,3,36,39,7.69
March 31 2025,Cobb,GA,Passenger,1,0,1,38,39,2.56
May 31 2017,Benton,WA,Truck,0,0,0,39963,39963,0.00
May 31 2022,Clark,WA,Passenger,3934,1734,5668,316093,321761,1.76
August 31 2019,Kent,MI,Passenger,0,1,1,28,29,3.45
December 31 2022,Weld,CO,Passenger,1,0,1,27,28,3.57
May 31 2024,Kauai,HI,Passenger,0,1,1,19,20,5.00
July 31 2017,San Juan,WA,Truck,0,0,0,5543,5543,0.00
July 31 2024,Okaloosa,FL,Passenger,0,2,2,81,83,2.41
December 31 2019,Bexar,TX,Passenger,0,5,5,686,691,0.72
May 31 2018,Canyon,ID,Passenger,0,1,1,99,100,1.00
August 31 2023,Jefferson,IL,Passenger,1,0,1,1,2,50.00
June 30 2024,Maricopa,AZ,Passenger,15,3,18,794,812,2.22
October 31 2019,Los Angeles,CA,Passenger,8,10,18,1135,1153,1.56
March 31 2022,Grays Harbor,WA,Truck,0,0,0,21344,21344,0.00
May 31 2020,Stafford,VA,Passenger,1,1,2,100,102,1.96
September 30 2019,Whitman,WA,Truck,0,0,0,8600,8600,0.00
December 31 2020,Kitsap,WA,Passenger,1556,756,2312,179525,181837,1.27
July 31 2020,Kitsap,WA,Truck,0,0,0,54082,54082,0.00
December 31 2023,Lee,AL,Passenger,1,0,1,18,19,5.26
August 31 2022,Hamilton,OH,Passenger,1,0,1,46,47,2.13
November 30 2022,Burlington,NJ,Passenger,0,2,2,101,103,1.94
August 31 2024,Jefferson,KY,Passenger,1,0,1,34,35,2.86
March 31 2024,Geary,KS,Passenger,1,0,1,72,73,1.37
August 31 2017,Marin,CA,Passenger,1,0,1,60,61,1.64
November 30 2017,Okanogan,WA,Passenger,5,17,22,25713,25735,0.09
September 30 2017,Nueces,TX,Passenger,0,1,1,94,95,1.05
December 31 2020,Philadelphia,PA,Passenger,1,0,1,69,70,1.43
December 31 2020,Albemarle,VA,Passenger,1,0,1,27,28,3.57
July 31 2024,Mercer,NJ,Passenger,0,1,1,6,7,14.29
October 31 2018,Grays Harbor,WA,Passenger,60,66,126,47259,47385,0.27
September 30 2024,Adams,CO,Passenger,1,0,1,33,34,2.94
November 30 2023,Wilson,TX,Passenger,0,1,1,3,4,25.00
January 31 2017,Pierce,WA,Passenger,822,752,1574,528063,529637,0.30
March 31 2020,Harnett,NC,Passenger,1,1,2,221,223,0.90
August 31 2020,Douglas,WA,Truck,0,0,0,12329,12329,0.00
July 31 2023,Hennepin,MN,Passenger,1,0,1,58,59,1.69
January 31 2024,Chesterfield,VA,Passenger,1,0,1,41,42,2.38
May 31 2019,Yakima,WA,Passenger,94,104,198,164946,165144,0.12
December 31 2021,Santa Cruz,CA,Passenger,1,0,1,30,31,3.23
March 31 2022,Botetourt,VA,Passenger,1,0,1,0,1,100.00
September 30 2022,Forsyth,GA,Passenger,1,0,1,14,15,6.67
August 31 2022,Sumter,SC,Passenger,0,1,1,31,32,3.12
September 30 2024,Laramie,WY,Passenger,1,1,2,27,29,6.90
November 30 2020,Thurston,WA,Truck,0,0,0,56191,56191,0.00
November 30 2020,San Juan,WA,Truck,0,0,0,5860,5860,0.00
August 31 2018,Sumter,FL,Passenger,0,1,1,10,11,9.09
January 31 2023,Stevens,WA,Truck,2,0,2,18692,18694,0.01
April 30 2024,New Haven,CT,Passenger,2,2,4,24,28,14.29
July 31 2023,San Diego,CA,Passenger,22,7,29,2349,2378,1.22
January 31 2020,Wahkiakum,WA,Passenger,4,5,9,3035,3044,0.30
June 30 2022,Lincoln,WA,Passenger,8,18,26,7686,7712,0.34
December 31 2020,Riverside,CA,Passenger,6,0,6,644,650,0.92
April 30 2017,King,WA,Truck,8,1,9,188859,188868,0.00
November 30 2020,Moore,NC,Passenger,0,1,1,166,167,0.60
August 31 2019,DuPage,IL,Passenger,3,0,3,63,66,4.55
January 31 2024,Cumberland,PA,Passenger,1,0,1,47,48,2.08
April 30 2018,Walla Walla,WA,Truck,0,0,0,13328,13328,0.00
February 28 2019,Dale,AL,Passenger,0,1,1,57,58,1.72
March 31 2019,Garfield,WA,Truck,0,0,0,952,952,0.00
August 31 2020,Pacific,WA,Passenger,32,33,65,15687,15752,0.41
August 31 2019,Arlington,VA,Passenger,0,2,2,163,165,1.21
February 28 2018,Juneau,AK,Passenger,0,1,1,45,46,2.17
November 30 2022,Autauga,AL,Passenger,2,0,2,15,17,11.76
September 30 2022,Henrico,VA,Passenger,0,1,1,20,21,4.76
August 31 2022,Mason,WA,Passenger,327,172,499,46896,47395,1.05
May 31 2024,Spotsylvania,VA,Passenger,1,1,2,25,27,7.41
January 31 2023,Pacific,WA,Passenger,72,81,153,15659,15812,0.97
December 31 2021,Charles,MD,Passenger,1,1,2,74,76,2.63
November 30 2019,,,Passenger,7,2,9,434,443,2.03
November 30 2023,Washington,WI,Passenger,1,0,1,0,1,100.00
July 31 2023,Hawaii,HI,Passenger,1,0,1,37,38,2.63
November 30 2017,Cumberland,NC,Passenger,1,0,1,564,565,0.18
December 31 2023,Newport,RI,Passenger,0,2,2,53,55,3.64
September 30 2021,Hudson,NJ,Passenger,1,0,1,47,48,2.08
November 30 2021,Ferry,WA,Passenger,13,3,16,4452,4468,0.36
February 28 2017,DeKalb,GA,Passenger,1,0,1,86,87,1.15
August 31 2017,Franklin,WA,Truck,0,0,0,18225,18225,0.00
January 31 2017,Kittitas,WA,Passenger,15,16,31,27150,27181,0.11
May 31 2024,Salt Lake,UT,Passenger,5,1,6,119,125,4.80
May 31 2023,Washington,MD,Passenger,2,0,2,15,17,11.76
April 30 2022,Norfolk,MA,Passenger,1,0,1,30,31,3.23
February 28 2023,Miami-Dade,FL,Passenger,1,0,1,91,92,1.09
June 30 2021,New Haven,CT,Passenger,0,2,2,31,33,6.06
February 28 2023,Columbia,WA,Truck,0,0,0,1566,1566,0.00
August 31 2024,Shelby,TN,Passenger,1,0,1,56,57,1.75
September 30 2019,Spokane,WA,Truck,1,0,1,95703,95704,0.00
November 30 2018,Ramsey,MN,Passenger,1,0,1,45,46,2.17
June 30 2023,Washington,WI,Passenger,1,0,1,1,2,50.00
May 31 2025,Mason,WA,Passenger,833,321,1154,45050,46204,2.50
May 31 2019,Pend Oreille,WA,Truck,0,0,0,5741,5741,0.00
October 31 2022,Pulaski,MO,Passenger,2,0,2,115,117,1.71
July 31 2018,Monroe,IL,Passenger,1,0,1,4,5,20.00
February 29 2024,Arapahoe,CO,Passenger,2,1,3,69,72,4.17
January 31 2019,San Mateo,CA,Passenger,2,1,3,137,140,2.14
March 31 2020,Pacific,WA,Passenger,29,34,63,16009,16072,0.39
December 31 2021,Columbia,OR,Passenger,1,0,1,27,28,3.57
March 31 2022,San Juan,WA,Truck,1,0,1,5990,5991,0.02
July 31 2019,Norfolk,MA,Passenger,1,0,1,43,44,2.27
February 29 2024,Newport,RI,Truck,1,0,1,8,9,11.11
September 30 2023,King,WA,Passenger,64171,15778,79949,1318045,1397994,5.72
October 31 2018,Saratoga,NY,Passenger,1,0,1,61,62,1.61
November 30 2020,Fulton,GA,Passenger,1,3,4,99,103,3.88
November 30 2022,Clallam,WA,Passenger,470,262,732,49320,50052,1.46
August 31 2021,Harnett,NC,Passenger,1,1,2,194,196,1.02
September 30 2024,Nueces,TX,Passenger,2,0,2,55,57,3.51
January 31 2017,Hawaii,HI,Passenger,1,0,1,96,97,1.03
October 31 2019,Cameron,TX,Passenger,1,0,1,33,34,2.94
September 30 2024,Otero,NM,Passenger,0,1,1,18,19,5.26
August 31 2021,Klickitat,WA,Passenger,82,52,134,15337,15471,0.87
October 31 2024,Autauga,AL,Passenger,1,2,3,10,13,23.08
June 30 2024,Cook,IL,Passenger,3,2,5,192,197,2.54
December 31 2020,Baltimore,MD,Passenger,1,0,1,115,116,0.86
January 31 2020,Arapahoe,CO,Passenger,1,0,1,151,152,0.66
September 30 2023,Middlesex,CT,Passenger,1,0,1,10,11,9.09
September 30 2024,Yolo,CA,Passenger,3,0,3,25,28,10.71
April 30 2019,Spokane,WA,Truck,1,0,1,94338,94339,0.00
April 30 2023,Duval,FL,Passenger,2,1,3,291,294,1.02
March 31 2023,Moore,NC,Passenger,0,1,1,129,130,0.77
April 30 2022,Geary,KS,Passenger,1,0,1,90,91,1.10
September 30 2023,Pierce,WA,Truck,193,0,193,135547,135740,0.14
March 31 2019,Goochland,VA,Passenger,1,1,2,257,259,0.77
September 30 2018,New Haven,CT,Passenger,0,1,1,47,48,2.08
August 31 2020,Rogers,OK,Passenger,1,0,1,10,11,9.09
September 30 2018,El Paso,CO,Passenger,3,2,5,787,792,0.63
April 30 2022,Whatcom,WA,Truck,4,0,4,43393,43397,0.01
December 31 2022,Anne Arundel,MD,Passenger,2,3,5,332,337,1.48
October 31 2023,St. Clair,IL,Passenger,0,1,1,119,120,0.83
September 30 2020,Whatcom,WA,Passenger,1139,524,1663,149243,150906,1.10
July 31 2022,Douglas,NE,Passenger,1,2,3,47,50,6.00
October 31 2017,Adams,WA,Truck,0,0,0,5132,5132,0.00
June 30 2021,Chelan,WA,Passenger,336,100,436,54707,55143,0.79
June 30 2017,Dallas,TX,Passenger,0,1,1,191,192,0.52
February 28 2021,Vigo,IN,Passenger,1,0,1,5,6,16.67
January 31 2019,Kern,CA,Passenger,0,1,1,231,232,0.43
August 31 2017,Mercer,NJ,Passenger,0,1,1,16,17,5.88
August 31 2020,King,WA,Truck,5,1,6,183183,183189,0.00
May 31 2024,Adams,WA,Truck,4,0,4,5428,5432,0.07
May 31 2020,Eagle,CO,Passenger,1,0,1,8,9,11.11
August 31 2018,Thurston,WA,Truck,0,0,0,54514,54514,0.00
January 31 2021,RÃ­o Grande,PR,Passenger,1,0,1,0,1,100.00
September 30 2021,Montgomery,MD,Passenger,2,2,4,229,233,1.72
July 31 2022,Santa Clara,CA,Passenger,19,4,23,302,325,7.08
May 31 2018,Multnomah,OR,Passenger,3,4,7,845,852,0.82
May 31 2021,Sarasota,FL,Passenger,2,0,2,42,44,4.55
February 28 2018,Wise,TX,Passenger,1,0,1,4,5,20.00
July 31 2020,Wahkiakum,WA,Passenger,6,6,12,3001,3013,0.40
July 31 2021,Charles,MD,Passenger,1,1,2,74,76,2.63
March 31 2024,Duval,FL,Passenger,2,1,3,240,243,1.23
February 28 2017,Grant,WA,Passenger,16,21,37,60179,60216,0.06
February 28 2018,Dakota,MN,Passenger,0,2,2,41,43,4.65
October 31 2022,San Luis Obispo,CA,Passenger,1,1,2,70,72,2.78
March 31 2020,Anne Arundel,MD,Passenger,1,1,2,422,424,0.47
March 31 2024,Cascade,MT,Passenger,0,1,1,38,39,2.56
September 30 2021,Montgomery,TX,Passenger,2,1,3,49,52,5.77
August 31 2023,Yuba,CA,Passenger,1,0,1,55,56,1.79
August 31 2022,Clackamas,OR,Passenger,2,0,2,174,176,1.14
September 30 2023,Meade,KY,Passenger,1,0,1,18,19,5.26
June 30 2023,Cowlitz,WA,Passenger,477,217,694,69751,70445,0.99
December 31 2023,Allegheny,PA,Passenger,3,0,3,62,65,4.62
May 31 2019,Dallas,TX,Passenger,1,0,1,216,217,0.46
February 28 2019,Spokane,WA,Passenger,480,385,865,307041,307906,0.28
April 30 2021,Grays Harbor,WA,Truck,0,0,0,21392,21392,0.00
January 31 2023,Clackamas,OR,Passenger,0,1,1,158,159,0.63
October 31 2021,Klickitat,WA,Truck,0,0,0,8297,8297,0.00
October 31 2018,Pend Oreille,WA,Passenger,6,5,11,9582,9593,0.11
March 31 2023,Forsyth,GA,Passenger,1,0,1,14,15,6.67
March 31 2017,Arlington,VA,Passenger,1,1,2,178,180,1.11
March 31 2025,San Bernardino,CA,Passenger,5,0,5,285,290,1.72
March 31 2025,Alameda,CA,Passenger,7,1,8,150,158,5.06
March 31 2024,Lexington,SC,Passenger,1,0,1,15,16,6.25
August 31 2021,Honolulu,HI,Passenger,5,4,9,453,462,1.95
November 30 2018,Nassau,NY,Passenger,3,0,3,38,41,7.32
July 31 2024,San Juan,WA,Truck,33,0,33,5889,5922,0.56
June 30 2019,Whatcom,WA,Truck,2,0,2,42886,42888,0.00
February 29 2024,Charlottesville,VA,Passenger,0,3,3,5,8,37.50
April 30 2023,Richmond,NY,Passenger,1,0,1,3,4,25.00
December 31 2017,Los Angeles,CA,Passenger,4,3,7,1255,1262,0.55
March 31 2020,San Juan,WA,Passenger,291,87,378,14267,14645,2.58
January 31 2024,Davidson,TN,Passenger,1,0,1,46,47,2.13
December 31 2019,DeKalb,GA,Passenger,1,0,1,89,90,1.11
July 31 2023,Pend Oreille,WA,Truck,0,0,0,5596,5596,0.00
October 31 2024,Duval,FL,Passenger,2,1,3,213,216,1.39
November 30 2024,Saratoga,NY,Passenger,1,1,2,38,40,5.00
February 29 2024,St. Louis,MN,Passenger,0,1,1,4,5,20.00
December 31 2022,Douglas,NE,Passenger,3,2,5,40,45,11.11
May 31 2020,Mercer,NJ,Passenger,0,1,1,14,15,6.67
February 29 2024,Lincoln,OR,Passenger,1,0,1,24,25,4.00
February 28 2019,Asotin,WA,Passenger,12,9,21,12677,12698,0.17
September 30 2022,Platte,MO,Passenger,1,1,2,24,26,7.69
August 31 2017,Eagle,CO,Passenger,1,0,1,7,8,12.50
August 31 2022,Clallam,WA,Truck,4,0,4,21855,21859,0.02
April 30 2020,Fort Bend,TX,Passenger,1,0,1,49,50,2.00
March 31 2023,District of Columbia,DC,Passenger,2,0,2,164,166,1.20
January 31 2020,Sarasota,FL,Passenger,2,0,2,42,44,4.55
February 28 2022,Hawaii,HI,Passenger,1,0,1,50,51,1.96
December 31 2018,Franklin,WA,Truck,0,0,0,19047,19047,0.00
June 30 2020,Wise,TX,Passenger,1,0,1,9,10,10.00
December 31 2020,Adams,WA,Passenger,10,7,17,12945,12962,0.13
December 31 2024,Prince George's,MD,Passenger,4,2,6,104,110,5.45
March 31 2023,Jefferson,NY,Passenger,2,0,2,202,204,0.98
November 30 2020,Ulster,NY,Passenger,1,0,1,15,16,6.25
March 31 2021,Grays Harbor,WA,Passenger,150,131,281,48981,49262,0.57
December 31 2022,Clark,WA,Truck,51,0,51,81720,81771,0.06
August 31 2018,Howard,MD,Passenger,0,1,1,92,93,1.08
October 31 2021,Deschutes,OR,Passenger,1,0,1,135,136,0.74
June 30 2017,Maui,HI,Passenger,1,0,1,69,70,1.43
September 30 2023,Skagit,WA,Truck,27,0,27,31725,31752,0.09
February 28 2018,Clallam,WA,Passenger,109,101,210,49340,49550,0.42
November 30 2017,Garfield,WA,Truck,0,0,0,935,935,0.00
September 30 2023,Klickitat,WA,Truck,12,0,12,8198,8210,0.15
January 31 2020,Nueces,TX,Passenger,1,0,1,90,91,1.10
September 30 2017,St. Clair,IL,Passenger,0,1,1,174,175,0.57
October 31 2022,Charleston,SC,Passenger,1,2,3,68,71,4.23
August 31 2022,Bell,TX,Passenger,1,0,1,339,340,0.29
August 31 2023,Henrico,VA,Passenger,1,2,3,18,21,14.29
March 31 2023,Wise,TX,Passenger,2,0,2,10,12,16.67
November 30 2023,Pinal,AZ,Passenger,2,1,3,104,107,2.80
May 31 2022,Charleston,SC,Passenger,1,1,2,73,75,2.67
September 30 2020,Wahkiakum,WA,Truck,0,0,0,1756,1756,0.00
June 30 2024,Mason,WA,Passenger,631,261,892,45963,46855,1.90
October 31 2018,San Juan,PR,Passenger,0,1,1,4,5,20.00
January 31 2024,,,Passenger,6,2,8,292,300,2.67
July 31 2021,Alameda,CA,Passenger,6,0,6,262,268,2.24
August 31 2024,Ferry,WA,Passenger,32,4,36,4249,4285,0.84
March 31 2024,Shelby,AL,Passenger,1,0,1,3,4,25.00
June 30 2021,Shelby,OH,Passenger,0,1,1,3,4,25.00
January 31 2019,Howard,MD,Passenger,0,1,1,89,90,1.11
February 28 2025,Leavenworth,KS,Passenger,4,2,6,72,78,7.69
June 30 2017,Santa Rosa,FL,Passenger,1,0,1,114,115,0.87
May 31 2022,Marion,OR,Passenger,1,0,1,126,127,0.79
October 31 2023,Chesterfield,VA,Passenger,1,0,1,43,44,2.27
June 30 2024,Geary,KS,Passenger,1,0,1,69,70,1.43
May 31 2020,Solano,CA,Passenger,1,0,1,215,216,0.46
August 31 2018,Flathead,MT,Passenger,1,0,1,63,64,1.56
February 28 2025,Lewis,WA,Truck,26,0,26,25746,25772,0.10
September 30 2024,Los Angeles,CA,Passenger,14,3,17,587,604,2.81
May 31 2017,Riverside,CA,Passenger,1,1,2,851,853,0.23
May 31 2019,Essex,MA,Passenger,1,0,1,31,32,3.12
December 31 2024,Nueces,TX,Passenger,2,0,2,50,52,3.85
November 30 2024,Kittitas,WA,Truck,43,0,43,14657,14700,0.29
February 28 2022,Duval,FL,Passenger,0,2,2,332,334,0.60
June 30 2021,Dallas,TX,Passenger,1,0,1,188,189,0.53
September 30 2024,Geary,KS,Truck,1,0,1,23,24,4.17
January 31 2024,Oldham,KY,Passenger,0,1,1,4,5,20.00
June 30 2022,Cowlitz,WA,Truck,2,1,3,28515,28518,0.01
June 30 2019,Salt Lake,UT,Passenger,1,0,1,227,228,0.44
September 30 2020,Whatcom,WA,Truck,3,0,3,43360,43363,0.01
July 31 2023,El Dorado,CA,Passenger,1,0,1,24,25,4.00
December 31 2024,Rockingham,NH,Passenger,2,0,2,15,17,11.76
July 31 2020,Newport,RI,Passenger,0,1,1,77,78,1.28
February 28 2021,Fulton,GA,Passenger,0,3,3,98,101,2.97
February 29 2020,Riverside,CA,Passenger,5,1,6,688,694,0.86
July 31 2020,Pend Oreille,WA,Truck,0,0,0,5758,5758,0.00
April 30 2023,Douglas,WA,Passenger,187,59,246,28622,28868,0.85
May 31 2024,DeKalb,GA,Passenger,1,0,1,38,39,2.56
July 31 2022,Wise,TX,Passenger,2,0,2,10,12,16.67
June 30 2018,Asotin,WA,Passenger,9,6,15,12592,12607,0.12
August 31 2021,Adams,WA,Passenger,16,14,30,13020,13050,0.23
October 31 2023,Mason,WA,Passenger,510,217,727,46058,46785,1.55
July 31 2019,Alexandria,VA,Passenger,1,0,1,144,145,0.69
October 31 2021,Douglas,WA,Truck,0,0,0,12667,12667,0.00
December 31 2023,Marion,IN,Passenger,2,0,2,30,32,6.25
September 30 2019,Lincoln,WA,Truck,0,0,0,4687,4687,0.00
September 30 2017,Douglas,WA,Passenger,35,29,64,26920,26984,0.24
October 31 2024,Okaloosa,FL,Passenger,0,2,2,77,79,2.53
August 31 2022,Norfolk,VA,Passenger,2,3,5,294,299,1.67
October 31 2023,Hamilton,IN,Passenger,1,0,1,27,28,3.57
May 31 2022,Washtenaw,MI,Passenger,0,1,1,34,35,2.86
September 30 2024,Texas,MO,Passenger,1,0,1,2,3,33.33
May 31 2021,Davidson,TN,Passenger,1,0,1,78,79,1.27
December 31 2024,Pettis,MO,Passenger,1,0,1,3,4,25.00
March 31 2019,Tarrant,TX,Passenger,3,0,3,216,219,1.37
August 31 2021,District of Columbia,DC,Passenger,4,1,5,186,191,2.62
March 31 2025,Sarpy,NE,Passenger,0,1,1,51,52,1.92
December 31 2020,Nassau,NY,Passenger,5,0,5,34,39,12.82
April 30 2025,Ventura,CA,Passenger,3,2,5,202,207,2.42
July 31 2024,Pettis,MO,Passenger,1,0,1,3,4,25.00
July 31 2024,San Bernardino,CA,Passenger,6,1,7,319,326,2.15
February 29 2024,Goochland,VA,Passenger,3,0,3,79,82,3.66
May 31 2024,Middlesex,MA,Passenger,4,0,4,81,85,4.71
June 30 2020,Thurston,WA,Passenger,1142,735,1877,196586,198463,0.95
October 31 2020,Walla Walla,WA,Passenger,86,64,150,35973,36123,0.42
August 31 2023,Utah,UT,Passenger,1,0,1,109,110,0.91
September 30 2017,Kittitas,WA,Passenger,34,21,55,27974,28029,0.20
March 31 2017,Grays Harbor,WA,Passenger,27,26,53,44409,44462,0.12
April 30 2018,Ventura,CA,Passenger,0,1,1,341,342,0.29
March 31 2017,Prince George's,MD,Passenger,0,1,1,186,187,0.53
May 31 2018,Jefferson,NY,Passenger,1,0,1,229,230,0.43
February 28 2017,Madison,ID,Passenger,1,0,1,43,44,2.27
July 31 2019,Twin Falls,ID,Passenger,0,1,1,26,27,3.70
August 31 2023,Wahkiakum,WA,Passenger,26,18,44,3025,3069,1.43
March 31 2018,Cowlitz,WA,Passenger,55,70,125,71216,71341,0.18
September 30 2020,King,WA,Passenger,25363,7900,33263,1369862,1403125,2.37
August 31 2017,Alameda,CA,Passenger,0,1,1,364,365,0.27
July 31 2019,Saratoga,NY,Passenger,1,0,1,55,56,1.79
December 31 2024,Calvert,MD,Passenger,1,2,3,66,69,4.35
November 30 2017,St. Lucie,FL,Passenger,1,0,1,25,26,3.85
June 30 2021,Mercer,NJ,Passenger,0,1,1,10,11,9.09
March 31 2024,Newport News,VA,Passenger,1,0,1,106,107,0.93
January 31 2020,Grays Harbor,WA,Passenger,105,105,210,48485,48695,0.43
June 30 2024,Fairfax,VA,Passenger,15,10,25,579,604,4.14
May 31 2018,Lane,OR,Passenger,0,1,1,195,196,0.51
December 31 2020,Multnomah,OR,Passenger,4,6,10,766,776,1.29
May 31 2021,Chelan,WA,Truck,0,0,0,23078,23078,0.00
June 30 2024,Whitman,WA,Passenger,232,129,361,21841,22202,1.63
March 31 2022,DuPage,IL,Passenger,5,1,6,59,65,9.23
May 31 2023,Moore,NC,Passenger,0,1,1,132,133,0.75
November 30 2018,Douglas,CO,Passenger,1,0,1,89,90,1.11
August 31 2018,Benton,WA,Truck,0,0,0,41212,41212,0.00
March 31 2022,Richland,SC,Passenger,0,1,1,143,144,0.69
June 30 2023,Essex,MA,Passenger,1,0,1,14,15,6.67
December 31 2019,Osceola,FL,Passenger,1,0,1,48,49,2.04
February 28 2022,Wahkiakum,WA,Passenger,17,11,28,3091,3119,0.90
August 31 2020,Virginia Beach,VA,Passenger,1,0,1,666,667,0.15
April 30 2025,Forsyth,GA,Passenger,1,0,1,8,9,11.11
May 31 2018,Juneau,AK,Passenger,0,1,1,50,51,1.96
August 31 2020,Monterey,CA,Passenger,1,2,3,174,177,1.69
November 30 2019,Clark,NV,Passenger,5,3,8,761,769,1.04
April 30 2025,Kern,CA,Passenger,2,0,2,151,153,1.31
October 31 2017,Collier,FL,Passenger,1,0,1,28,29,3.45
July 31 2024,Whitman,WA,Truck,11,0,11,8587,8598,0.13
December 31 2019,Guadalupe,TX,Passenger,1,0,1,68,69,1.45
May 31 2025,Cobb,GA,Passenger,1,0,1,36,37,2.70
April 30 2019,Lincoln,WA,Truck,0,0,0,4697,4697,0.00
November 30 2023,San Luis Obispo,CA,Passenger,1,1,2,51,53,3.77
October 31 2022,Ferry,WA,Truck,0,0,0,3588,3588,0.00
December 31 2022,Hanover,VA,Passenger,1,0,1,3,4,25.00
June 30 2024,Wise,TX,Passenger,2,0,2,4,6,33.33
June 30 2020,Allegheny,PA,Passenger,2,0,2,83,85,2.35
November 30 2024,Ferry,WA,Passenger,28,4,32,4197,4229,0.76
November 30 2021,Multnomah,OR,Passenger,3,6,9,717,726,1.24
August 31 2023,Denton,TX,Passenger,1,0,1,63,64,1.56
November 30 2019,Charles,MD,Passenger,0,1,1,88,89,1.12
August 31 2018,Washoe,NV,Passenger,1,0,1,120,121,0.83
January 31 2024,Denton,TX,Passenger,1,0,1,53,54,1.85
March 31 2025,Pend Oreille,WA,Truck,6,0,6,5448,5454,0.11
February 28 2022,Burlington,NJ,Passenger,0,1,1,113,114,0.88
April 30 2022,Jefferson,WA,Truck,0,0,0,9513,9513,0.00
June 30 2021,Portsmouth,VA,Passenger,0,1,1,79,80,1.25
January 31 2018,Clay,FL,Passenger,0,1,1,109,110,0.91
January 31 2021,Lake,IL,Passenger,2,0,2,168,170,1.18
July 31 2017,Madison,ID,Passenger,1,0,1,37,38,2.63
November 30 2022,,,Passenger,4,2,6,340,346,1.73
January 31 2018,Alameda,CA,Passenger,0,1,1,369,370,0.27
December 31 2021,Platte,MO,Passenger,1,1,2,20,22,9.09
March 31 2019,Jefferson,NY,Passenger,0,1,1,225,226,0.44
April 30 2020,Nueces,TX,Passenger,1,0,1,88,89,1.12
January 31 2019,Twin Falls,ID,Passenger,0,1,1,22,23,4.35
December 31 2020,Skamania,WA,Truck,0,0,0,4005,4005,0.00
March 31 2020,Albemarle,VA,Passenger,1,0,1,25,26,3.85
August 31 2018,Twin Falls,ID,Passenger,0,1,1,25,26,3.85
July 31 2024,St. Louis,MO,Passenger,1,0,1,53,54,1.85
May 31 2022,Maricopa,AZ,Passenger,16,4,20,1292,1312,1.52
March 31 2025,Dallas,TX,Passenger,1,0,1,64,65,1.54
April 30 2017,Garfield,WA,Passenger,0,0,0,1283,1283,0.00
September 30 2020,Columbia,OR,Passenger,1,0,1,26,27,3.70
January 31 2024,Wahkiakum,WA,Passenger,33,22,55,3040,3095,1.78
April 30 2021,Pend Oreille,WA,Passenger,14,5,19,9291,9310,0.20
November 30 2017,Kittitas,WA,Truck,0,0,0,13760,13760,0.00
May 31 2021,Walla Walla,WA,Truck,0,0,0,14027,14027,0.00
May 31 2023,Sarpy,NE,Passenger,1,1,2,65,67,2.99
January 31 2024,Walla Walla,WA,Passenger,272,139,411,35383,35794,1.15
November 30 2023,Bay,FL,Passenger,1,0,1,30,31,3.23
June 30 2022,,,Passenger,5,3,8,355,363,2.20
May 31 2025,Pulaski,MO,Passenger,2,0,2,79,81,2.47
September 30 2023,Kittitas,WA,Passenger,398,111,509,29288,29797,1.71
September 30 2019,Kootenai,ID,Passenger,1,2,3,234,237,1.27
March 31 2017,Canyon,ID,Passenger,0,1,1,114,115,0.87
November 30 2023,Kern,CA,Passenger,2,1,3,189,192,1.56
July 31 2020,Mercer,NJ,Passenger,0,1,1,13,14,7.14
November 30 2022,Hillsborough,FL,Passenger,1,1,2,149,151,1.32
August 31 2024,Franklin,WA,Passenger,492,197,689,62676,63365,1.09
January 31 2025,Jefferson,WA,Passenger,857,333,1190,23886,25076,4.75
August 31 2020,Garfield,WA,Passenger,0,1,1,1351,1352,0.07
September 30 2017,Maui,HI,Passenger,1,0,1,70,71,1.41
June 30 2019,Montgomery,PA,Passenger,2,0,2,40,42,4.76
November 30 2022,Harrison,MS,Passenger,1,0,1,48,49,2.04
December 31 2020,Harris,TX,Passenger,1,1,2,276,278,0.72
February 29 2020,New London,CT,Passenger,0,1,1,240,241,0.41
November 30 2018,Ada,ID,Passenger,0,2,2,337,339,0.59
December 31 2017,Morris,NJ,Passenger,1,0,1,20,21,4.76
October 31 2024,Middlesex,MA,Passenger,5,0,5,71,76,6.58
April 30 2019,Kootenai,ID,Passenger,1,2,3,223,226,1.33
February 28 2021,Putnam,TN,Passenger,0,1,1,5,6,16.67
March 31 2022,Anne Arundel,MD,Passenger,2,1,3,375,378,0.79
May 31 2025,Shelby,TN,Passenger,1,1,2,45,47,4.26
September 30 2018,Volusia,FL,Passenger,0,1,1,40,41,2.44
August 31 2019,Powhatan,VA,Passenger,1,0,1,1,2,50.00
July 31 2017,Asotin,WA,Passenger,8,4,12,12433,12445,0.10
January 31 2020,Hennepin,MN,Passenger,3,1,4,120,124,3.23
December 31 2023,Santa Cruz,CA,Passenger,1,0,1,26,27,3.70
September 30 2020,Skagit,WA,Truck,1,0,1,32612,32613,0.00
April 30 2018,Ferry,WA,Passenger,2,3,5,4412,4417,0.11
July 31 2017,El Paso,CO,Passenger,2,1,3,806,809,0.37
January 31 2023,Virginia Beach,VA,Passenger,3,1,4,542,546,0.73
August 31 2023,Loudoun,VA,Passenger,2,1,3,66,69,4.35
August 31 2018,Skagit,WA,Passenger,221,169,390,90800,91190,0.43
September 30 2019,Cochise,AZ,Passenger,0,1,1,112,113,0.88
February 28 2022,Howard,IN,Passenger,0,1,1,6,7,14.29
December 31 2018,Lee,FL,Passenger,1,0,1,53,54,1.85
November 30 2018,Rogers,OK,Passenger,1,0,1,9,10,10.00
April 30 2023,Pulaski,AR,Passenger,3,0,3,34,37,8.11
October 31 2017,Mercer,NJ,Passenger,0,1,1,15,16,6.25
October 31 2024,Forsyth,GA,Passenger,1,0,1,9,10,10.00
November 30 2017,Pima,AZ,Passenger,1,1,2,445,447,0.45
January 31 2017,New Haven,CT,Passenger,0,1,1,65,66,1.52
December 31 2022,Pima,AZ,Passenger,1,0,1,263,264,0.38
April 30 2022,Wahkiakum,WA,Truck,0,0,0,1813,1813,0.00
October 31 2022,Washington,WI,Passenger,1,0,1,1,2,50.00
August 31 2018,Hawaii,HI,Passenger,1,0,1,79,80,1.25
November 30 2021,Pinellas,FL,Passenger,0,1,1,105,106,0.94
January 31 2018,Chelan,WA,Passenger,94,38,132,53227,53359,0.25
March 31 2025,Pacific,WA,Truck,15,0,15,7675,7690,0.20
February 28 2022,Williamsburg,VA,Passenger,0,1,1,7,8,12.50
January 31 2018,Charles,MD,Passenger,0,1,1,83,84,1.19
May 31 2024,District of Columbia,DC,Passenger,3,1,4,151,155,2.58
November 30 2024,San Diego,CA,Truck,1,0,1,404,405,0.25
November 30 2018,New Haven,CT,Passenger,0,1,1,47,48,2.08
October 31 2023,Brown,WI,Passenger,1,0,1,4,5,20.00
November 30 2024,Riverside,CA,Passenger,6,2,8,393,401,2.00
May 31 2024,Lexington,SC,Passenger,1,0,1,15,16,6.25
July 31 2024,Will,IL,Passenger,0,1,1,12,13,7.69
November 30 2017,DeKalb,GA,Passenger,1,0,1,88,89,1.12
July 31 2021,Garfield,WA,Passenger,0,3,3,1369,1372,0.22
February 28 2021,Marion,IN,Passenger,1,0,1,70,71,1.41
February 29 2024,Lee,AL,Passenger,1,0,1,18,19,5.26
January 31 2024,Sussex,NJ,Passenger,1,0,1,2,3,33.33
May 31 2017,Mercer,NJ,Passenger,0,1,1,18,19,5.26
August 31 2019,Hillsborough,FL,Passenger,0,1,1,212,213,0.47
January 31 2024,St. Lawrence,NY,Passenger,1,2,3,4,7,42.86
March 31 2021,Clark,NV,Passenger,5,3,8,743,751,1.07
December 31 2019,Denver,CO,Passenger,1,0,1,138,139,0.72
January 31 2019,Guadalupe,TX,Passenger,1,0,1,79,80,1.25
June 30 2021,Yakima,WA,Passenger,226,155,381,169181,169562,0.22
June 30 2023,Clark,WA,Passenger,5860,2326,8186,312966,321152,2.55
November 30 2024,Doña Ana,NM,Passenger,1,0,1,10,11,9.09
May 31 2025,Newport,RI,Truck,1,0,1,9,10,10.00
August 31 2024,Mesa,CO,Passenger,0,1,1,8,9,11.11
April 30 2020,Spokane,WA,Passenger,711,472,1183,316001,317184,0.37
July 31 2021,Anchorage,AK,Passenger,1,0,1,152,153,0.65
June 30 2018,New Haven,CT,Passenger,0,1,1,49,50,2.00
June 30 2023,Adams,WA,Passenger,24,12,36,13064,13100,0.27
January 31 2025,Chelan,WA,Passenger,1024,296,1320,53931,55251,2.39
March 31 2018,Jefferson,WA,Truck,0,0,0,9505,9505,0.00
March 31 2025,Montgomery,TX,Passenger,1,0,1,15,16,6.25
July 31 2022,Howard,MD,Passenger,0,2,2,68,70,2.86
July 31 2022,Adams,WA,Passenger,19,10,29,12892,12921,0.22
September 30 2023,Pacific,WA,Passenger,83,97,180,15480,15660,1.15
December 31 2019,Okanogan,WA,Passenger,30,30,60,26222,26282,0.23
February 28 2017,Hidalgo,TX,Passenger,0,1,1,100,101,0.99
March 31 2019,DeKalb,IN,Passenger,1,0,1,1,2,50.00
December 31 2018,Charles,MD,Passenger,0,1,1,80,81,1.23
December 31 2019,Williamson,TX,Passenger,0,2,2,174,176,1.14
March 31 2023,Clackamas,OR,Passenger,0,1,1,155,156,0.64
March 31 2017,Klickitat,WA,Passenger,21,23,44,14778,14822,0.30
March 31 2021,Charles,MD,Passenger,1,1,2,72,74,2.70
February 29 2020,Ventura,CA,Passenger,0,2,2,322,324,0.62
October 31 2017,Pacific,WA,Truck,0,0,0,7518,7518,0.00
December 31 2020,Pinellas,FL,Passenger,1,1,2,116,118,1.69
August 31 2018,Saratoga,NY,Passenger,1,0,1,64,65,1.54
September 30 2023,Orange,NY,Passenger,0,1,1,43,44,2.27
July 31 2023,Meade,KY,Passenger,1,0,1,17,18,5.56
February 28 2023,El Paso,CO,Passenger,4,7,11,610,621,1.77
November 30 2021,Goochland,VA,Passenger,4,2,6,243,249,2.41
September 30 2019,Spartanburg,SC,Passenger,0,1,1,44,45,2.22
March 31 2021,Bucks,PA,Passenger,1,0,1,25,26,3.85
March 31 2021,Wahkiakum,WA,Passenger,9,7,16,3081,3097,0.52
February 28 2021,Yakima,WA,Truck,0,0,0,61119,61119,0.00
January 31 2017,Skagit,WA,Truck,1,0,1,31394,31395,0.00
June 30 2022,Marin,CA,Passenger,1,2,3,41,44,6.82
July 31 2019,Washoe,NV,Passenger,2,0,2,120,122,1.64
February 28 2023,DuPage,IL,Passenger,5,1,6,45,51,11.76
February 28 2019,Valencia,NM,Passenger,1,0,1,11,12,8.33
May 31 2017,Asotin,WA,Truck,0,0,0,6487,6487,0.00
October 31 2023,Beaufort,SC,Passenger,1,0,1,30,31,3.23
August 31 2017,Salt Lake,UT,Passenger,1,0,1,264,265,0.38
December 31 2020,Fort Bend,TX,Passenger,1,0,1,43,44,2.27
December 31 2021,Harrison,MS,Passenger,2,0,2,53,55,3.64
January 31 2022,Pima,AZ,Passenger,1,1,2,314,316,0.63
September 30 2022,Danville,VA,Passenger,1,0,1,0,1,100.00
July 31 2018,Montgomery,PA,Passenger,2,0,2,35,37,5.41
March 31 2025,Bristol,MA,Passenger,1,0,1,4,5,20.00
April 30 2024,Frederick,MD,Passenger,2,1,3,49,52,5.77
September 30 2020,Pulaski,MO,Passenger,1,0,1,140,141,0.71
August 31 2022,Rogers,OK,Passenger,1,0,1,9,10,10.00
September 30 2020,Dakota,MN,Passenger,0,1,1,33,34,2.94
June 30 2018,Gwinnett,GA,Passenger,0,1,1,86,87,1.15
April 30 2025,Whitman,WA,Passenger,306,156,462,21676,22138,2.09
August 31 2021,Pima,AZ,Passenger,1,1,2,324,326,0.61
June 30 2020,Harrison,MS,Passenger,1,0,1,53,54,1.85
February 28 2017,Dane,WI,Passenger,1,0,1,175,176,0.57
July 31 2017,Clark,WA,Truck,0,0,0,77693,77693,0.00
February 28 2023,Anne Arundel,MD,Passenger,2,3,5,334,339,1.47
November 30 2022,Anne Arundel,MD,Truck,1,0,1,48,49,2.04
September 30 2023,Douglas,NE,Passenger,2,1,3,29,32,9.38
December 31 2022,Kern,CA,Passenger,2,1,3,224,227,1.32
January 31 2018,Skamania,WA,Passenger,11,8,19,8606,8625,0.22
December 31 2017,St. Clair,IL,Passenger,0,1,1,169,170,0.59
April 30 2025,Thurston,WA,Truck,247,0,247,52406,52653,0.47
September 30 2020,Pierce,WA,Truck,0,0,0,143826,143826,0.00
December 31 2017,New Haven,CT,Passenger,0,1,1,55,56,1.79
August 31 2024,Lewis,WA,Truck,22,0,22,25689,25711,0.09
July 31 2019,Vigo,IN,Passenger,1,0,1,6,7,14.29
January 31 2017,Morris,NJ,Passenger,1,0,1,23,24,4.17
March 31 2025,Mason,WA,Passenger,811,308,1119,45720,46839,2.39
July 31 2017,Spokane,WA,Passenger,262,213,475,296536,297011,0.16
May 31 2020,Clay,FL,Passenger,0,1,1,93,94,1.06
December 31 2023,Virginia Beach,VA,Passenger,6,3,9,488,497,1.81
July 31 2019,Skagit,WA,Passenger,309,210,519,92165,92684,0.56
January 31 2023,Santa Cruz,CA,Passenger,1,0,1,20,21,4.76
May 31 2017,Ferry,WA,Passenger,1,1,2,4410,4412,0.05
November 30 2021,Harris,TX,Passenger,1,2,3,235,238,1.26
June 30 2018,DuPage,IL,Passenger,1,0,1,65,66,1.52
May 31 2019,Salt Lake,UT,Passenger,1,0,1,227,228,0.44
November 30 2024,Arapahoe,CO,Passenger,1,1,2,58,60,3.33
November 30 2024,Montgomery,OH,Passenger,0,1,1,40,41,2.44
January 31 2022,Pend Oreille,WA,Truck,0,0,0,5715,5715,0.00
December 31 2021,Ferry,WA,Truck,0,0,0,3592,3592,0.00
May 31 2022,Plaquemines,LA,Passenger,1,1,2,18,20,10.00
March 31 2019,Okanogan,WA,Truck,0,0,0,16433,16433,0.00
September 30 2018,Pacific,WA,Truck,0,0,0,7627,7627,0.00
April 30 2019,Spartanburg,SC,Passenger,0,1,1,38,39,2.56
September 30 2024,Sedgwick,KS,Passenger,0,1,1,52,53,1.89
January 31 2022,Miami-Dade,FL,Passenger,1,0,1,109,110,0.91
March 31 2024,Maui,HI,Passenger,2,0,2,21,23,8.70
July 31 2018,Whatcom,WA,Passenger,638,317,955,147908,148863,0.64
October 31 2017,San Juan,WA,Truck,0,0,0,5564,5564,0.00
November 30 2023,Moore,NC,Passenger,0,1,1,126,127,0.79
August 31 2022,Meade,KY,Passenger,1,0,1,21,22,4.55
August 31 2019,Cook,IL,Passenger,1,0,1,266,267,0.37
July 31 2022,Miami-Dade,FL,Passenger,1,0,1,101,102,0.98
February 29 2024,Atlantic,NJ,Passenger,1,0,1,6,7,14.29
September 30 2017,Prince George's,MD,Passenger,0,1,1,185,186,0.54
May 31 2021,Orange,NC,Passenger,1,0,1,13,14,7.14
April 30 2022,Greene,MO,Passenger,0,1,1,35,36,2.78
November 30 2024,Grays Harbor,WA,Truck,26,0,26,20696,20722,0.13
May 31 2019,Duval,FL,Passenger,1,2,3,383,386,0.78
January 31 2024,Charles,MD,Passenger,1,1,2,55,57,3.51
June 30 2021,Flathead,MT,Passenger,2,0,2,59,61,3.28
January 31 2022,Franklin,WA,Truck,0,0,0,20863,20863,0.00
April 30 2022,Wake,NC,Passenger,1,1,2,128,130,1.54
December 31 2023,Whatcom,WA,Truck,87,0,87,42452,42539,0.20
August 31 2024,Cumberland,NC,Passenger,3,2,5,309,314,1.59
April 30 2025,Columbia,WA,Truck,2,0,2,1547,1549,0.13
September 30 2020,Shelby,TN,Passenger,0,1,1,88,89,1.12
August 31 2021,Clark,WA,Passenger,3072,1471,4543,321640,326183,1.39
August 31 2018,Lake,CA,Passenger,0,1,1,10,11,9.09
July 31 2022,Clark,WA,Passenger,4225,1807,6032,314813,320845,1.88
April 30 2025,Miami-Dade,FL,Passenger,2,0,2,55,57,3.51
September 30 2021,Pennington,SD,Passenger,1,0,1,36,37,2.70
January 31 2020,Snohomish,WA,Truck,0,0,0,123567,123567,0.00
January 31 2019,Denver,CO,Passenger,1,0,1,141,142,0.70
February 28 2022,Clark,WA,Passenger,3626,1598,5224,318538,323762,1.61
November 30 2021,Dorchester,SC,Passenger,1,0,1,80,81,1.23
August 31 2018,Okanogan,WA,Passenger,10,20,30,26044,26074,0.12
October 31 2023,Milwaukee,WI,Passenger,1,0,1,39,40,2.50
November 30 2017,Adams,WA,Passenger,3,5,8,12349,12357,0.06
March 31 2023,San Juan,WA,Passenger,593,175,768,13837,14605,5.26
May 31 2024,Kitsap,WA,Passenger,4463,1645,6108,174386,180494,3.38
June 30 2022,Ulster,NY,Passenger,1,0,1,16,17,5.88
May 31 2024,Miami-Dade,FL,Passenger,3,0,3,74,77,3.90
September 30 2018,Asotin,WA,Truck,0,0,0,6626,6626,0.00
August 31 2021,San Luis Obispo,CA,Passenger,1,0,1,71,72,1.39
August 31 2019,Grant,WA,Passenger,45,61,106,65140,65246,0.16
August 31 2017,Lewis,WA,Truck,0,0,0,25021,25021,0.00
October 31 2024,Columbia,WA,Truck,1,0,1,1568,1569,0.06
May 31 2022,Hudson,NJ,Passenger,2,0,2,43,45,4.44
February 29 2020,Jones,GA,Passenger,1,0,1,0,1,100.00
January 31 2019,Okanogan,WA,Passenger,18,21,39,26039,26078,0.15
August 31 2020,,,Passenger,6,1,7,397,404,1.73
July 31 2017,Adams,WA,Truck,0,0,0,5122,5122,0.00
September 30 2021,Essex,MA,Passenger,1,0,1,22,23,4.35
January 31 2018,Jefferson,WA,Passenger,124,80,204,24335,24539,0.83
June 30 2018,Kent,MI,Passenger,0,1,1,29,30,3.33
September 30 2018,Montgomery,TX,Passenger,2,0,2,66,68,2.94
October 31 2020,Essex,MA,Passenger,1,0,1,24,25,4.00
September 30 2024,Columbia,WA,Passenger,11,0,11,2393,2404,0.46
January 31 2025,Kootenai,ID,Truck,1,0,1,19,20,5.00
February 28 2018,Cook,IL,Passenger,1,0,1,297,298,0.34
January 31 2020,Wayne,MI,Passenger,0,1,1,59,60,1.67
August 31 2019,Washtenaw,MI,Passenger,1,0,1,41,42,2.38
October 31 2023,Orange,NC,Passenger,1,0,1,7,8,12.50
March 31 2023,Spokane,WA,Truck,29,0,29,101564,101593,0.03
August 31 2022,New Haven,CT,Passenger,0,2,2,32,34,5.88
November 30 2022,Bryan,GA,Passenger,0,1,1,37,38,2.63
August 31 2017,Lincoln,WA,Passenger,1,5,6,7565,7571,0.08
February 28 2025,Maui,HI,Passenger,2,0,2,14,16,12.50
January 31 2024,Marion,OR,Passenger,1,0,1,75,76,1.32
December 31 2018,Jefferson,WA,Passenger,168,106,274,24818,25092,1.09
November 30 2022,Lake,IL,Passenger,4,0,4,134,138,2.90
January 31 2020,Chatham,NC,Passenger,1,0,1,6,7,14.29
December 31 2022,Pend Oreille,WA,Truck,0,0,0,5576,5576,0.00
January 31 2021,Ferry,WA,Truck,0,0,0,3603,3603,0.00
January 31 2024,Charleston,SC,Passenger,0,2,2,61,63,3.17
November 30 2020,Kauai,HI,Passenger,1,0,1,23,24,4.17
March 31 2025,Mercer,NJ,Passenger,0,1,1,5,6,16.67
May 31 2017,San Juan,WA,Truck,0,0,0,5537,5537,0.00
December 31 2022,Onslow,NC,Passenger,0,1,1,160,161,0.62
June 30 2023,Sarasota,FL,Passenger,1,0,1,37,38,2.63
November 30 2018,St. Clair,IL,Passenger,0,1,1,172,173,0.58
September 30 2019,Arlington,VA,Passenger,0,2,2,159,161,1.24
June 30 2024,Palm Beach,FL,Passenger,2,0,2,43,45,4.44
April 30 2023,Fresno,CA,Passenger,1,0,1,157,158,0.63
December 31 2018,Polk,FL,Passenger,1,0,1,70,71,1.41
January 31 2025,Douglas,CO,Passenger,0,1,1,41,42,2.38
November 30 2021,Lane,OR,Passenger,0,1,1,138,139,0.72
April 30 2024,Clallam,WA,Passenger,741,343,1084,48596,49680,2.18
July 31 2023,Riverside,CA,Passenger,10,2,12,480,492,2.44
August 31 2023,Klickitat,WA,Passenger,160,65,225,15061,15286,1.47
March 31 2025,Sacramento,CA,Truck,1,0,1,26,27,3.70
August 31 2023,Richmond,NY,Passenger,1,0,1,4,5,20.00
April 30 2019,Franklin,MA,Passenger,0,1,1,2,3,33.33
July 31 2023,Kitsap,WA,Passenger,3316,1318,4634,174788,179422,2.58
August 31 2020,Putnam,TN,Passenger,0,1,1,5,6,16.67
September 30 2017,Utah,UT,Passenger,0,1,1,158,159,0.63
January 31 2023,Mohave,AZ,Passenger,1,0,1,56,57,1.75
February 28 2025,Suffolk,MA,Passenger,3,1,4,24,28,14.29
July 31 2022,Prince William,VA,Passenger,0,4,4,194,198,2.02
June 30 2020,Pinal,AZ,Passenger,1,0,1,211,212,0.47
August 31 2017,Canyon,ID,Passenger,0,1,1,107,108,0.93
November 30 2019,Washoe,NV,Passenger,1,0,1,120,121,0.83
December 31 2023,Jefferson,WA,Passenger,659,277,936,24132,25068,3.73
May 31 2022,Spokane,WA,Truck,1,0,1,102007,102008,0.00
November 30 2017,Dale,AL,Passenger,0,1,1,62,63,1.59
December 31 2021,Sacramento,CA,Passenger,1,1,2,258,260,0.77
July 31 2021,Whatcom,WA,Truck,4,0,4,43820,43824,0.01
December 31 2022,Lake,IN,Passenger,0,1,1,13,14,7.14
July 31 2024,Penobscot,ME,Passenger,0,1,1,4,5,20.00
August 31 2018,Williamson,TX,Passenger,0,1,1,184,185,0.54
June 30 2018,Twin Falls,ID,Passenger,0,1,1,24,25,4.00
August 31 2022,Chesapeake,VA,Passenger,3,1,4,365,369,1.08
October 31 2017,Sangamon,IL,Passenger,1,0,1,11,12,8.33
November 30 2023,Charleston,SC,Passenger,0,2,2,63,65,3.08
March 31 2022,Meade,KY,Passenger,1,0,1,22,23,4.35
April 30 2017,Orleans,LA,Passenger,0,1,1,49,50,2.00
May 31 2017,Skagit,WA,Passenger,135,102,237,87840,88077,0.27
August 31 2020,Benton,WA,Truck,0,0,0,42993,42993,0.00
April 30 2019,Frederick,MD,Passenger,1,1,2,76,78,2.56
April 30 2018,Northampton,PA,Passenger,0,1,1,60,61,1.64
July 31 2023,Arapahoe,CO,Passenger,1,1,2,85,87,2.30
June 30 2020,Utah,UT,Passenger,0,1,1,150,151,0.66
February 28 2025,Columbia,WA,Truck,2,0,2,1576,1578,0.13
August 31 2021,Pend Oreille,WA,Truck,0,0,0,5716,5716,0.00
November 30 2018,Kitsap,WA,Passenger,914,522,1436,180223,181659,0.79
December 31 2024,Frederick,MD,Passenger,1,2,3,45,48,6.25
March 31 2023,Prince William,VA,Passenger,0,4,4,178,182,2.20
February 28 2019,Norfolk,VA,Passenger,2,2,4,341,345,1.16
September 30 2023,Clallam,WA,Truck,17,0,17,21652,21669,0.08
January 31 2022,Clark,WA,Passenger,3540,1570,5110,318893,324003,1.58
August 31 2023,Island,WA,Truck,32,0,32,20842,20874,0.15
July 31 2022,Okaloosa,FL,Passenger,0,2,2,112,114,1.75
August 31 2019,El Paso,TX,Passenger,2,0,2,479,481,0.42
August 31 2017,Montgomery,MD,Passenger,1,0,1,316,317,0.32
May 31 2025,Bexar,TX,Passenger,5,3,8,284,292,2.74
May 31 2022,Stevens,WA,Truck,0,0,0,18918,18918,0.00
June 30 2023,Douglas,WA,Passenger,207,63,270,28751,29021,0.93
April 30 2020,Columbia,WA,Truck,0,0,0,1524,1524,0.00
October 31 2022,Bexar,TX,Passenger,5,3,8,492,500,1.60
June 30 2022,Wahkiakum,WA,Truck,0,0,0,1802,1802,0.00
January 31 2023,Galveston,TX,Passenger,1,1,2,23,25,8.00
February 28 2019,Twin Falls,ID,Passenger,0,1,1,22,23,4.35
December 31 2020,Middlesex,MA,Passenger,1,0,1,99,100,1.00
February 28 2018,DuPage,IL,Passenger,1,0,1,67,68,1.47
October 31 2022,El Paso,CO,Passenger,4,7,11,637,648,1.70
July 31 2024,Nassau,NY,Passenger,2,0,2,20,22,9.09
November 30 2020,Hampshire,MA,Passenger,1,0,1,11,12,8.33
October 31 2017,Canyon,ID,Passenger,0,1,1,103,104,0.96
February 29 2024,Hawaii,HI,Passenger,1,0,1,35,36,2.78
October 31 2024,Atlantic,NJ,Passenger,1,0,1,4,5,20.00
May 31 2023,Olmsted,MN,Passenger,1,0,1,7,8,12.50
August 31 2021,Skamania,WA,Passenger,52,38,90,8375,8465,1.06
May 31 2017,Spokane,WA,Passenger,245,211,456,296263,296719,0.15
October 31 2017,Lincoln,WA,Passenger,2,6,8,7569,7577,0.11
January 31 2018,Clark,WA,Truck,0,0,0,78529,78529,0.00
July 31 2024,Ada,ID,Passenger,2,0,2,128,130,1.54
October 31 2020,Leavenworth,KS,Passenger,0,1,1,112,113,0.88
March 31 2023,Boulder,CO,Passenger,2,0,2,42,44,4.55
April 30 2022,Montgomery,TX,Passenger,2,0,2,47,49,4.08
August 31 2020,Arlington,VA,Passenger,0,2,2,155,157,1.27
November 30 2024,Hartford,CT,Passenger,1,0,1,18,19,5.26
April 30 2022,Adams,WA,Truck,0,0,0,5478,5478,0.00
May 31 2023,Camden,NJ,Passenger,0,1,1,11,12,8.33
November 30 2023,Snohomish,WA,Passenger,15535,3499,19034,526027,545061,3.49
July 31 2019,Riverside,CA,Passenger,3,2,5,694,699,0.72
September 30 2022,Williams,ND,Passenger,0,1,1,7,8,12.50
June 30 2017,San Juan,WA,Truck,0,0,0,5531,5531,0.00
September 30 2021,Columbia,WA,Passenger,7,2,9,2446,2455,0.37
May 31 2022,New York,NY,Passenger,4,0,4,50,54,7.41
July 31 2019,Kitsap,WA,Truck,1,0,1,54094,54095,0.00
August 31 2020,Cumberland,NC,Passenger,1,3,4,462,466,0.86
March 31 2024,Frederick,MD,Passenger,2,1,3,49,52,5.77
December 31 2018,Pierce,WA,Truck,0,0,0,139033,139033,0.00
September 30 2024,Suffolk,VA,Passenger,1,1,2,91,93,2.15
December 31 2018,Columbia,WA,Passenger,2,2,4,2422,2426,0.16
February 29 2020,Washington,WI,Passenger,1,0,1,3,4,25.00
July 31 2019,Albemarle,VA,Passenger,1,0,1,25,26,3.85
May 31 2022,Wichita,TX,Passenger,1,0,1,43,44,2.27
April 30 2023,Moore,NC,Passenger,0,1,1,132,133,0.75
September 30 2022,Bell,TX,Passenger,1,0,1,339,340,0.29
February 28 2023,Weld,CO,Passenger,1,0,1,25,26,3.85
August 31 2024,Pettis,MO,Passenger,1,0,1,3,4,25.00
January 31 2020,Ventura,CA,Passenger,0,2,2,326,328,0.61
April 30 2017,Lincoln,WA,Truck,0,0,0,4462,4462,0.00
April 30 2020,San Mateo,CA,Passenger,1,1,2,139,141,1.42
March 31 2021,Williamson,TX,Passenger,0,2,2,152,154,1.30
January 31 2019,Walla Walla,WA,Passenger,42,53,95,36115,36210,0.26
June 30 2018,Mason,WA,Passenger,82,89,171,45685,45856,0.37
August 31 2021,Alexandria,VA,Passenger,3,0,3,128,131,2.29
May 31 2021,Owyhee,ID,Passenger,1,0,1,3,4,25.00
January 31 2019,San Diego,CA,Passenger,10,3,13,2581,2594,0.50
October 31 2021,Whitman,WA,Passenger,63,58,121,21865,21986,0.55
May 31 2018,Brevard,FL,Passenger,0,1,1,105,106,0.94
April 30 2022,Clallam,WA,Truck,1,0,1,21975,21976,0.00
September 30 2021,Columbia,WA,Truck,0,0,0,1534,1534,0.00
July 31 2023,Chatham,NC,Passenger,1,0,1,6,7,14.29
April 30 2025,Camden,GA,Passenger,1,0,1,82,83,1.20
April 30 2024,El Paso,CO,Truck,1,0,1,141,142,0.70
October 31 2022,Asotin,WA,Passenger,26,19,45,12483,12528,0.36
November 30 2023,Mason,WA,Passenger,532,219,751,46082,46833,1.60
April 30 2022,Manassas,VA,Passenger,0,1,1,7,8,12.50
December 31 2019,Boone,MO,Passenger,0,1,1,11,12,8.33
June 30 2018,Clark,WA,Passenger,1009,719,1728,307841,309569,0.56
August 31 2017,New Haven,CT,Passenger,0,1,1,57,58,1.72
January 31 2018,Twin Falls,ID,Passenger,0,1,1,25,26,3.85
July 31 2023,Mercer,NJ,Passenger,0,1,1,14,15,6.67
April 30 2025,Liberty,GA,Passenger,0,1,1,76,77,1.30
May 31 2018,Collin,TX,Passenger,1,0,1,168,169,0.59
September 30 2019,Tulsa,OK,Passenger,1,0,1,62,63,1.59
April 30 2024,Cascade,MT,Passenger,0,1,1,38,39,2.56
April 30 2017,Bergen,NJ,Passenger,0,2,2,32,34,5.88
November 30 2022,Salt Lake,UT,Passenger,3,1,4,160,164,2.44
May 31 2024,Hudson,NJ,Passenger,2,0,2,31,33,6.06
October 31 2017,Okanogan,WA,Passenger,5,17,22,25697,25719,0.09
October 31 2018,Pierce,WA,Passenger,1405,1305,2710,536803,539513,0.50
October 31 2024,Leavenworth,KS,Passenger,4,2,6,73,79,7.59
April 30 2020,Cowlitz,WA,Truck,0,0,0,28749,28749,0.00
February 28 2017,Prince William,VA,Passenger,0,4,4,275,279,1.43
June 30 2018,Northampton,PA,Passenger,0,1,1,62,63,1.59
June 30 2023,Hudson,NJ,Passenger,2,0,2,28,30,6.67
September 30 2022,Camden,NJ,Passenger,0,1,1,12,13,7.69
August 31 2024,San Bernardino,CA,Passenger,6,1,7,310,317,2.21
March 31 2022,Harrison,MS,Passenger,2,0,2,53,55,3.64
May 31 2024,Placer,CA,Passenger,2,0,2,70,72,2.78
December 31 2023,Okaloosa,FL,Passenger,0,2,2,98,100,2.00
July 31 2024,Whitman,WA,Passenger,241,131,372,21914,22286,1.67
May 31 2023,Washington,OR,Passenger,3,0,3,303,306,0.98
November 30 2024,Meade,KY,Passenger,1,0,1,18,19,5.26
April 30 2024,Island,WA,Truck,46,0,46,20671,20717,0.22
June 30 2017,San Juan,WA,Passenger,107,40,147,13547,13694,1.07
June 30 2023,Placer,CA,Passenger,1,0,1,82,83,1.20
April 30 2025,Williamsburg,VA,Passenger,0,1,1,2,3,33.33
June 30 2024,York,VA,Passenger,2,0,2,67,69,2.90
July 31 2024,Lee,AL,Passenger,1,0,1,16,17,5.88
January 31 2018,Carroll,NH,Passenger,0,1,1,1,2,50.00
August 31 2020,Hamilton,IN,Passenger,1,0,1,44,45,2.22
August 31 2017,Douglas,WA,Passenger,35,27,62,26830,26892,0.23
November 30 2017,Ferry,WA,Truck,0,0,0,3543,3543,0.00
May 31 2025,Suffolk,VA,Passenger,1,1,2,77,79,2.53
June 30 2022,District of Columbia,DC,Passenger,2,0,2,180,182,1.10
March 31 2025,Marin,CA,Truck,1,0,1,6,7,14.29
February 28 2025,Klickitat,WA,Truck,27,0,27,8177,8204,0.33
May 31 2019,DeKalb,IN,Passenger,1,0,1,1,2,50.00
March 31 2025,San Diego,CA,Truck,1,0,1,386,387,0.26
August 31 2020,Harris,TX,Passenger,1,0,1,277,278,0.36
June 30 2019,Cook,IL,Passenger,1,0,1,262,263,0.38
January 31 2025,Marion,IN,Passenger,1,0,1,22,23,4.35
March 31 2022,Washington,WI,Passenger,1,0,1,2,3,33.33
July 31 2017,Dakota,MN,Passenger,0,1,1,40,41,2.44
February 28 2023,District of Columbia,DC,Passenger,2,0,2,162,164,1.22
October 31 2021,Ferry,WA,Passenger,11,3,14,4436,4450,0.31
April 30 2022,Washtenaw,MI,Passenger,0,1,1,34,35,2.86
March 31 2023,Washington,OR,Passenger,2,0,2,319,321,0.62
July 31 2019,New London,CT,Passenger,0,1,1,234,235,0.43
June 30 2021,Wilson,NC,Passenger,1,0,1,1,2,50.00
August 31 2024,Cumberland,PA,Passenger,1,0,1,46,47,2.13
May 31 2024,Cook,IL,Passenger,3,2,5,196,201,2.49
January 31 2024,Larimer,CO,Passenger,1,0,1,36,37,2.70
December 31 2021,Okanogan,WA,Truck,0,0,0,16667,16667,0.00
December 31 2021,Nassau,NY,Passenger,4,0,4,38,42,9.52
October 31 2017,Multnomah,OR,Passenger,1,3,4,940,944,0.42
January 31 2021,Adams,WA,Truck,0,0,0,5344,5344,0.00
January 31 2025,Montgomery,AL,Passenger,1,1,2,22,24,8.33
August 31 2017,St. Clair,IL,Passenger,0,1,1,177,178,0.56
July 31 2020,Sacramento,CA,Passenger,1,1,2,289,291,0.69
March 31 2024,Whatcom,WA,Passenger,3149,1116,4265,146823,151088,2.82
April 30 2021,Arapahoe,CO,Passenger,1,0,1,131,132,0.76
June 30 2018,Saratoga,NY,Passenger,1,1,2,66,68,2.94
April 30 2022,Carroll,MD,Passenger,0,1,1,17,18,5.56
January 31 2022,Lewis,WA,Passenger,211,167,378,59431,59809,0.63
June 30 2024,Tarrant,TX,Passenger,2,0,2,116,118,1.69
June 30 2018,Washtenaw,MI,Passenger,1,0,1,37,38,2.63
July 31 2024,Kittitas,WA,Passenger,547,146,693,29399,30092,2.30
July 31 2020,Ventura,CA,Passenger,1,1,2,310,312,0.64
October 31 2021,Montgomery,MD,Passenger,2,2,4,230,234,1.71
December 31 2023,Suffolk,MA,Passenger,4,1,5,35,40,12.50
January 31 2022,Mason,WA,Truck,0,0,0,21139,21139,0.00
September 30 2021,Klickitat,WA,Truck,0,0,0,8320,8320,0.00
April 30 2023,Grays Harbor,WA,Truck,4,0,4,20959,20963,0.02
May 31 2025,DeKalb,GA,Passenger,2,0,2,32,34,5.88
January 31 2020,DeKalb,GA,Passenger,1,0,1,91,92,1.09
October 31 2024,Los Angeles,CA,Passenger,14,3,17,570,587,2.90
November 30 2022,Anne Arundel,MD,Passenger,2,3,5,333,338,1.48
March 31 2018,Pacific,WA,Passenger,15,18,33,15452,15485,0.21
December 31 2017,Montgomery,TN,Passenger,1,0,1,272,273,0.37
July 31 2023,Williamson,TN,Passenger,0,1,1,18,19,5.26
February 28 2025,Douglas,WA,Truck,24,0,24,12957,12981,0.18
May 31 2024,Monterey,CA,Truck,1,0,1,29,30,3.33
February 28 2021,Rockingham,NH,Passenger,1,0,1,28,29,3.45
August 31 2023,Skagit,WA,Truck,26,0,26,31778,31804,0.08
October 31 2024,Whatcom,WA,Passenger,3770,1325,5095,147952,153047,3.33
October 31 2023,San Mateo,CA,Passenger,6,1,7,90,97,7.22
April 30 2025,Wake,NC,Passenger,2,1,3,70,73,4.11
September 30 2018,Lincoln,WA,Truck,0,0,0,4577,4577,0.00
September 30 2020,King,WA,Truck,5,1,6,183539,183545,0.00
April 30 2017,Hamilton,TN,Passenger,1,0,1,26,27,3.70
April 30 2019,Monterey,CA,Passenger,0,2,2,194,196,1.02
February 28 2018,Charles,MD,Passenger,0,1,1,83,84,1.19
February 28 2023,Jefferson,NY,Passenger,2,0,2,204,206,0.97
July 31 2021,Chelan,WA,Truck,0,0,0,23077,23077,0.00
March 31 2024,Yakima,WA,Passenger,709,318,1027,166327,167354,0.61
December 31 2021,King,WA,Passenger,35424,10225,45649,1356642,1402291,3.26
January 31 2022,Spartanburg,SC,Passenger,0,1,1,47,48,2.08
January 31 2025,Lincoln,OR,Passenger,1,0,1,19,20,5.00
November 30 2019,Santa Cruz,CA,Passenger,1,0,1,38,39,2.56
January 31 2018,Moore,NC,Passenger,0,1,1,198,199,0.50
June 30 2021,Montgomery,AL,Passenger,1,0,1,37,38,2.63
August 31 2019,Pacific,WA,Passenger,23,29,52,16032,16084,0.32
December 31 2022,Broward,FL,Passenger,1,0,1,77,78,1.28
February 28 2022,Providence,RI,Passenger,1,0,1,24,25,4.00
May 31 2023,Ferry,WA,Truck,0,0,0,3563,3563,0.00
July 31 2020,Guadalupe,TX,Passenger,1,0,1,63,64,1.56
March 31 2022,Hawaii,HI,Passenger,1,0,1,50,51,1.96
July 31 2023,Kane,IL,Passenger,1,0,1,8,9,11.11
December 31 2019,Washington,OR,Passenger,1,0,1,491,492,0.20
February 28 2023,Lake,IL,Passenger,4,0,4,133,137,2.92
October 31 2022,Harrison,MS,Passenger,1,0,1,49,50,2.00
April 30 2024,Escambia,FL,Passenger,1,1,2,128,130,1.54
December 31 2023,Pinal,AZ,Passenger,3,1,4,102,106,3.77
July 31 2022,Bell,TX,Passenger,1,0,1,341,342,0.29
April 30 2022,Salt Lake,UT,Passenger,2,1,3,182,185,1.62
October 31 2021,Fort Bend,TX,Passenger,1,0,1,37,38,2.63
January 31 2024,Doña Ana,NM,Passenger,1,0,1,15,16,6.25
August 31 2019,Dakota,MN,Passenger,0,1,1,40,41,2.44
September 30 2018,Montgomery,AL,Passenger,1,0,1,48,49,2.04
June 30 2019,Alexandria,VA,Passenger,1,0,1,144,145,0.69
April 30 2020,Cascade,MT,Passenger,0,1,1,68,69,1.45
August 31 2024,Clay,FL,Passenger,1,0,1,67,68,1.47
February 28 2021,Collin,TX,Passenger,2,1,3,137,140,2.14
November 30 2022,Sedgwick,KS,Passenger,0,1,1,77,78,1.28
January 31 2022,Saratoga,NY,Passenger,1,0,1,46,47,2.13
July 31 2019,Santa Fe,NM,Passenger,0,1,1,42,43,2.33
August 31 2018,Garfield,WA,Truck,0,0,0,953,953,0.00
January 31 2021,Sumter,FL,Passenger,0,1,1,10,11,9.09
July 31 2019,Montgomery,TX,Passenger,1,0,1,67,68,1.47
January 31 2025,Yolo,CA,Passenger,2,0,2,21,23,8.70
October 31 2020,Wahkiakum,WA,Truck,0,0,0,1761,1761,0.00
January 31 2021,Honolulu,HI,Passenger,5,3,8,484,492,1.63
November 30 2024,Prince George's,MD,Passenger,4,2,6,108,114,5.26
January 31 2022,Lewis,WA,Truck,0,0,0,26634,26634,0.00
July 31 2021,Hawaii,HI,Passenger,1,0,1,53,54,1.85
July 31 2024,Garfield,OK,Passenger,1,0,1,18,19,5.26
November 30 2019,Carson City,NV,Passenger,1,0,1,12,13,7.69
April 30 2018,Nantucket,MA,Passenger,1,0,1,4,5,20.00
January 31 2025,Williamsburg,VA,Passenger,0,1,1,2,3,33.33
November 30 2020,Chelan,WA,Passenger,271,85,356,54353,54709,0.65
October 31 2021,Skamania,WA,Truck,0,0,0,4015,4015,0.00
November 30 2017,Lumpkin,GA,Passenger,1,0,1,9,10,10.00
July 31 2024,Virginia Beach,VA,Passenger,5,3,8,445,453,1.77
September 30 2023,Loudoun,VA,Passenger,2,1,3,65,68,4.41
October 31 2018,Cowlitz,WA,Passenger,69,86,155,72143,72298,0.21
February 29 2020,Harrison,MS,Passenger,1,0,1,60,61,1.64
July 31 2023,Polk,OR,Passenger,1,1,2,22,24,8.33
June 30 2022,Leavenworth,KS,Passenger,1,2,3,94,97,3.09
May 31 2021,Chesapeake,VA,Passenger,0,2,2,417,419,0.48
June 30 2017,New London,CT,Passenger,1,0,1,247,248,0.40
August 31 2022,Montgomery,PA,Passenger,1,0,1,27,28,3.57
April 30 2022,Mercer,NJ,Passenger,0,1,1,12,13,7.69
February 28 2022,San Juan,WA,Truck,1,0,1,6012,6013,0.02
January 31 2024,Lee,AL,Passenger,1,0,1,18,19,5.26
September 30 2023,Saginaw,MI,Passenger,0,1,1,4,5,20.00
May 31 2018,Tarrant,TX,Passenger,1,0,1,228,229,0.44
November 30 2018,Eagle,CO,Passenger,1,0,1,5,6,16.67
December 31 2019,,,Passenger,7,2,9,434,443,2.03
March 31 2022,Klickitat,WA,Passenger,95,55,150,15303,15453,0.97
January 31 2024,Garfield,WA,Truck,0,0,0,974,974,0.00
June 30 2024,Douglas,WA,Truck,15,0,15,13044,13059,0.11
July 31 2017,Stevens,WA,Passenger,8,23,31,31378,31409,0.10
April 30 2024,Miami-Dade,FL,Passenger,3,0,3,75,78,3.85
April 30 2020,Fairbanks North Star,AK,Passenger,0,1,1,102,103,0.97
August 31 2024,Orange,NC,Passenger,1,0,1,7,8,12.50
August 31 2021,Frederick,MD,Passenger,1,1,2,66,68,2.94
September 30 2022,Honolulu,HI,Passenger,5,3,8,424,432,1.85
March 31 2025,Garfield,OK,Passenger,1,0,1,15,16,6.25
October 31 2023,Okaloosa,FL,Passenger,0,2,2,102,104,1.92
November 30 2024,District of Columbia,DC,Truck,1,0,1,15,16,6.25
July 31 2024,Skamania,WA,Truck,4,0,4,3845,3849,0.10
June 30 2018,Arlington,VA,Passenger,1,2,3,179,182,1.65
November 30 2020,St. Louis,MO,Passenger,1,0,1,103,104,0.96
May 31 2018,Palm Beach,FL,Passenger,0,2,2,87,89,2.25
June 30 2017,Adams,WA,Truck,0,0,0,5105,5105,0.00
September 30 2024,DeKalb,GA,Passenger,1,0,1,37,38,2.63
February 28 2021,Duval,FL,Passenger,0,2,2,365,367,0.54
March 31 2020,Walla Walla,WA,Passenger,68,63,131,36204,36335,0.36
August 31 2023,Pierce,WA,Passenger,8287,2898,11185,526692,537877,2.08
April 30 2019,Yakima,WA,Passenger,93,103,196,164554,164750,0.12
July 31 2024,Hillsborough,FL,Passenger,3,1,4,102,106,3.77
June 30 2019,Placer,CA,Passenger,1,0,1,116,117,0.85
May 31 2025,Asotin,WA,Passenger,58,32,90,11998,12088,0.74
March 31 2024,Jefferson,IL,Passenger,1,0,1,1,2,50.00
February 28 2023,Washoe,NV,Passenger,3,0,3,72,75,4.00
April 30 2019,Douglas,NE,Passenger,0,1,1,67,68,1.47
March 31 2025,Okanogan,WA,Passenger,225,108,333,25800,26133,1.27
December 31 2019,Muskogee,OK,Passenger,0,1,1,1,2,50.00
July 31 2021,Skagit,WA,Truck,1,0,1,32984,32985,0.00
January 31 2025,Wake,NC,Passenger,3,1,4,81,85,4.71
September 30 2022,Duval,FL,Passenger,1,2,3,311,314,0.96
June 30 2023,Galveston,TX,Passenger,0,1,1,21,22,4.55
November 30 2022,Lincoln,OR,Passenger,1,1,2,28,30,6.67
August 31 2020,Spartanburg,SC,Passenger,0,1,1,52,53,1.89
June 30 2021,Asotin,WA,Truck,0,0,0,6781,6781,0.00
April 30 2019,Pend Oreille,WA,Truck,0,0,0,5753,5753,0.00
March 31 2022,Philadelphia,PA,Passenger,1,0,1,54,55,1.82
November 30 2018,Richland,SC,Passenger,0,1,1,161,162,0.62
September 30 2017,Benton,WA,Passenger,163,149,312,129218,129530,0.24
December 31 2022,San Joaquin,CA,Passenger,1,0,1,104,105,0.95
July 31 2023,Madison,IL,Passenger,2,0,2,16,18,11.11
January 31 2022,Davidson,TN,Passenger,1,0,1,69,70,1.43
April 30 2024,Flathead,MT,Passenger,1,0,1,30,31,3.23
July 31 2023,Ulster,NY,Passenger,1,0,1,10,11,9.09
April 30 2025,Clark,NV,Passenger,7,2,9,379,388,2.32
April 30 2024,Skagit,WA,Passenger,1461,532,1993,88345,90338,2.21
October 31 2018,Randolph,NC,Passenger,1,0,1,4,5,20.00
August 31 2020,Clark,WA,Passenger,2136,1078,3214,317959,321173,1.00
March 31 2021,Santa Clara,CA,Passenger,11,2,13,310,323,4.02
August 31 2020,Snohomish,WA,Truck,0,0,0,124523,124523,0.00
August 31 2023,Clallam,WA,Passenger,599,300,899,48904,49803,1.81
February 28 2019,Goochland,VA,Passenger,1,1,2,252,254,0.79
October 31 2018,El Paso,CO,Passenger,3,2,5,784,789,0.63
April 30 2020,Pinellas,FL,Passenger,1,1,2,123,125,1.60
September 30 2023,Cache,UT,Passenger,1,0,1,13,14,7.14
August 31 2023,Skagit,WA,Passenger,1186,434,1620,88448,90068,1.80
August 31 2020,Grays Harbor,WA,Passenger,111,116,227,48331,48558,0.47
November 30 2019,Monterey,CA,Passenger,1,1,2,188,190,1.05
July 31 2021,Skagit,WA,Passenger,609,281,890,91715,92605,0.96
September 30 2019,Clallam,WA,Truck,1,0,1,21835,21836,0.00
April 30 2019,Pima,AZ,Passenger,1,1,2,438,440,0.45
March 31 2023,Jefferson,WA,Truck,8,0,8,9314,9322,0.09
July 31 2023,Thurston,WA,Truck,64,0,64,53663,53727,0.12
April 30 2021,Chatham,NC,Passenger,1,0,1,7,8,12.50
December 31 2023,Collin,TX,Passenger,4,0,4,60,64,6.25
July 31 2017,St. Lucie,FL,Passenger,1,0,1,31,32,3.12
October 31 2024,Davidson,TN,Passenger,1,0,1,37,38,2.63
January 31 2022,Columbia,GA,Passenger,0,1,1,110,111,0.90
January 31 2021,Salt Lake,UT,Passenger,1,1,2,204,206,0.97
March 31 2019,Clackamas,OR,Passenger,1,1,2,224,226,0.88
October 31 2019,Columbia,WA,Truck,0,0,0,1533,1533,0.00
May 31 2023,Adams,WA,Passenger,24,12,36,13035,13071,0.28
September 30 2017,Skagit,WA,Truck,1,0,1,31536,31537,0.00
March 31 2019,Boulder,CO,Passenger,1,0,1,50,51,1.96
February 28 2021,Thurston,WA,Passenger,1381,809,2190,196729,198919,1.10
February 28 2023,Wahkiakum,WA,Truck,1,0,1,1792,1793,0.06
January 31 2022,Mason,WA,Passenger,270,158,428,47693,48121,0.89
August 31 2022,Penobscot,ME,Passenger,0,2,2,10,12,16.67
October 31 2022,Brown,WI,Passenger,1,0,1,7,8,12.50
July 31 2021,Klickitat,WA,Passenger,77,51,128,15321,15449,0.83
June 30 2017,Manassas,VA,Passenger,0,1,1,9,10,10.00
March 31 2020,Hillsborough,FL,Passenger,0,1,1,199,200,0.50
June 30 2018,Cumberland,NC,Passenger,1,0,1,542,543,0.18
April 30 2018,Hamilton,IN,Passenger,1,0,1,47,48,2.08
November 30 2023,Hamilton,OH,Passenger,1,0,1,38,39,2.56
May 31 2025,Williamson,TX,Passenger,2,0,2,54,56,3.57
September 30 2017,Tarrant,TX,Passenger,1,0,1,240,241,0.41
July 31 2017,Whatcom,WA,Truck,2,0,2,41648,41650,0.00
November 30 2022,Franklin,OH,Passenger,1,0,1,71,72,1.39
March 31 2025,Williamson,TX,Passenger,2,0,2,58,60,3.33
August 31 2023,Pinellas,FL,Passenger,1,0,1,68,69,1.45
November 30 2018,DeKalb,IN,Passenger,1,0,1,1,2,50.00
July 31 2018,Pinal,AZ,Passenger,2,0,2,220,222,0.90
November 30 2019,Whatcom,WA,Passenger,963,468,1431,151460,152891,0.94
May 31 2022,Lake,FL,Passenger,1,0,1,25,26,3.85
July 31 2020,Williamson,TX,Passenger,0,2,2,167,169,1.18
February 28 2022,Lexington,SC,Passenger,1,0,1,25,26,3.85
November 30 2019,Harris,TX,Passenger,1,1,2,298,300,0.67
August 31 2024,Lake,IL,Passenger,8,0,8,111,119,6.72
March 31 2017,Lewis,NY,Passenger,0,1,1,10,11,9.09
January 31 2017,San Juan,WA,Truck,0,0,0,5589,5589,0.00
August 31 2021,Cook,IL,Passenger,1,0,1,247,248,0.40
August 31 2019,Columbia,WA,Passenger,2,2,4,2456,2460,0.16
June 30 2024,Okaloosa,FL,Passenger,0,2,2,85,87,2.30
August 31 2018,Virginia Beach,VA,Passenger,2,1,3,698,701,0.43
October 31 2022,Collier,FL,Passenger,1,0,1,18,19,5.26
November 30 2017,Palm Beach,FL,Passenger,0,2,2,96,98,2.04
December 31 2022,Island,WA,Passenger,927,393,1320,60910,62230,2.12
October 31 2017,Queens,NY,Passenger,1,0,1,64,65,1.54
May 31 2025,Allen,IN,Passenger,1,1,2,5,7,28.57
October 31 2022,Sonoma,CA,Passenger,2,1,3,90,93,3.23
February 29 2024,Portsmouth,VA,Passenger,0,3,3,66,69,4.35
April 30 2020,Powhatan,VA,Passenger,1,0,1,1,2,50.00
April 30 2020,El Paso,TX,Passenger,2,0,2,430,432,0.46
July 31 2020,DeKalb,GA,Passenger,1,0,1,85,86,1.16
December 31 2019,Sedgwick,KS,Passenger,1,1,2,104,106,1.89
July 31 2024,Travis,TX,Passenger,4,2,6,75,81,7.41
January 31 2024,Chesapeake,VA,Passenger,1,0,1,308,309,0.32
June 30 2024,Utah,UT,Passenger,1,0,1,82,83,1.20
March 31 2020,Denton,TX,Passenger,1,0,1,112,113,0.88
June 30 2019,Ramsey,MN,Passenger,1,0,1,48,49,2.04
March 31 2023,Pulaski,AR,Passenger,3,0,3,34,37,8.11
June 30 2021,Champaign,IL,Passenger,1,0,1,13,14,7.14
July 31 2022,Clark,NV,Passenger,10,4,14,655,669,2.09
June 30 2021,Chatham,NC,Passenger,1,0,1,7,8,12.50
July 31 2022,Jefferson,WA,Passenger,443,221,664,24490,25154,2.64
April 30 2023,Henrico,VA,Passenger,1,1,2,17,19,10.53
April 30 2017,Franklin,WA,Passenger,27,47,74,55327,55401,0.13
June 30 2022,Lewis,WA,Truck,0,0,0,26383,26383,0.00
January 31 2019,Norfolk,MA,Passenger,1,0,1,39,40,2.50
November 30 2017,Lane,OR,Passenger,0,1,1,213,214,0.47
February 28 2025,Richmond,GA,Passenger,0,1,1,40,41,2.44
December 31 2021,Montgomery,PA,Passenger,2,0,2,25,27,7.41
March 31 2019,Pueblo,CO,Passenger,1,0,1,35,36,2.78
December 31 2022,Fairbanks North Star,AK,Passenger,0,1,1,72,73,1.37
June 30 2018,Hamilton,IN,Passenger,1,0,1,46,47,2.13
April 30 2023,Cumberland,NC,Passenger,1,4,5,356,361,1.39
February 28 2023,Arlington,VA,Passenger,5,0,5,134,139,3.60
June 30 2024,Brevard,FL,Passenger,1,0,1,59,60,1.67
June 30 2019,Marion,OR,Passenger,1,0,1,129,130,0.77
February 28 2023,Hamilton,IN,Passenger,1,0,1,26,27,3.70
May 31 2023,Hays,TX,Passenger,1,0,1,10,11,9.09
January 31 2025,Laramie,WY,Passenger,1,1,2,22,24,8.33
November 30 2022,Howard,MD,Passenger,0,2,2,63,65,3.08
December 31 2020,Alexandria,VA,Passenger,3,0,3,135,138,2.17
March 31 2025,Montgomery,PA,Passenger,1,0,1,14,15,6.67
December 31 2022,Stevens,WA,Passenger,89,55,144,29853,29997,0.48
February 28 2022,San Juan,WA,Passenger,484,154,638,14159,14797,4.31
April 30 2020,Denver,CO,Passenger,1,0,1,132,133,0.75
December 31 2021,Suffolk,VA,Passenger,1,0,1,130,131,0.76
March 31 2019,Clark,NV,Passenger,4,3,7,774,781,0.90
November 30 2018,Klamath,OR,Passenger,1,0,1,42,43,2.33
March 31 2024,Forsyth,GA,Passenger,1,0,1,12,13,7.69
October 31 2020,Grays Harbor,WA,Passenger,118,117,235,48489,48724,0.48
June 30 2024,Collin,TX,Passenger,3,1,4,52,56,7.14
November 30 2023,Saratoga,NY,Passenger,1,1,2,48,50,4.00
September 30 2023,Carroll,MD,Passenger,0,1,1,20,21,4.76
July 31 2018,Thurston,WA,Passenger,575,496,1071,193573,194644,0.55
January 31 2019,Skamania,WA,Truck,0,0,0,4011,4011,0.00
October 31 2020,District of Columbia,DC,Passenger,1,1,2,186,188,1.06
August 31 2024,Kent,RI,Truck,1,0,1,3,4,25.00
April 30 2025,Jefferson,WA,Passenger,893,343,1236,23642,24878,4.97
October 31 2018,Portsmouth,VA,Passenger,0,1,1,78,79,1.27
September 30 2018,Jefferson,WA,Truck,0,0,0,9634,9634,0.00
May 31 2023,Douglas,CO,Passenger,1,1,2,74,76,2.63
December 31 2019,Collin,TX,Passenger,2,1,3,153,156,1.92
November 30 2019,Moore,NC,Passenger,0,1,1,179,180,0.56
March 31 2025,DeKalb,GA,Passenger,2,0,2,33,35,5.71
June 30 2024,Richmond,GA,Passenger,0,1,1,52,53,1.89
May 31 2024,Sussex,NJ,Passenger,1,0,1,2,3,33.33
April 30 2020,Polk,FL,Passenger,1,0,1,83,84,1.19
April 30 2019,Carroll,NH,Passenger,0,1,1,1,2,50.00
February 28 2022,Loudoun,VA,Passenger,1,0,1,75,76,1.32
January 31 2023,Medina,TX,Passenger,1,0,1,9,10,10.00
August 31 2019,Spokane,WA,Truck,1,0,1,95468,95469,0.00
May 31 2024,San Francisco,CA,Passenger,1,1,2,69,71,2.82
January 31 2017,Orange,CA,Passenger,2,1,3,721,724,0.41
December 31 2022,Klickitat,WA,Passenger,122,52,174,15084,15258,1.14
March 31 2022,Klickitat,WA,Truck,0,0,0,8295,8295,0.00
March 31 2025,Travis,TX,Passenger,4,1,5,54,59,8.47
February 28 2022,Franklin,WA,Passenger,174,102,276,61980,62256,0.44
July 31 2023,Howard,MD,Passenger,0,2,2,64,66,3.03
March 31 2025,Burlington,NJ,Passenger,0,1,1,63,64,1.56
January 31 2025,Shelby,AL,Passenger,1,0,1,2,3,33.33
May 31 2019,Berkshire,MA,Passenger,0,1,1,6,7,14.29
October 31 2021,Juneau,AK,Passenger,0,1,1,34,35,2.86
July 31 2017,Manatee,FL,Passenger,1,0,1,46,47,2.13
April 30 2025,Pacific,WA,Truck,16,0,16,7609,7625,0.21
March 31 2021,Owyhee,ID,Passenger,1,0,1,3,4,25.00
March 31 2021,Wilson,TX,Passenger,0,1,1,5,6,16.67
August 31 2019,Manatee,FL,Passenger,1,0,1,42,43,2.33
March 31 2023,Pacific,WA,Truck,3,0,3,7805,7808,0.04
October 31 2018,Prince George's,MD,Passenger,1,1,2,188,190,1.05
June 30 2022,Snohomish,WA,Truck,12,0,12,123712,123724,0.01
January 31 2019,Marion,OR,Passenger,1,0,1,127,128,0.78
November 30 2019,Monroe,IL,Passenger,1,0,1,3,4,25.00
September 30 2024,El Paso,CO,Passenger,10,8,18,467,485,3.71
September 30 2020,Ventura,CA,Passenger,1,1,2,307,309,0.65
February 28 2023,Muscogee,GA,Passenger,1,2,3,130,133,2.26
July 31 2021,Hampshire,MA,Passenger,1,0,1,10,11,9.09
January 31 2017,Santa Fe,NM,Passenger,0,1,1,46,47,2.13
November 30 2020,Portsmouth,VA,Passenger,0,1,1,75,76,1.32
December 31 2022,Harford,MD,Passenger,1,1,2,49,51,3.92
July 31 2020,Okanogan,WA,Truck,0,0,0,16479,16479,0.00
October 31 2023,Columbia,WA,Truck,0,0,0,1542,1542,0.00
April 30 2021,Marion,IN,Passenger,1,0,1,65,66,1.52
January 31 2024,Walla Walla,WA,Truck,10,0,10,13650,13660,0.07
October 31 2022,Spokane,WA,Passenger,1828,907,2735,323412,326147,0.84
February 28 2019,Jefferson,NY,Passenger,0,1,1,225,226,0.44
April 30 2023,Columbia,GA,Passenger,1,1,2,88,90,2.22
July 31 2023,Orange,CA,Passenger,10,3,13,421,434,3.00
August 31 2024,Clark,WA,Passenger,8902,3155,12057,314201,326258,3.70
April 30 2023,Fulton,GA,Passenger,1,1,2,82,84,2.38
January 31 2019,Frederick,MD,Passenger,0,1,1,78,79,1.27
December 31 2021,Walla Walla,WA,Truck,0,0,0,14079,14079,0.00
May 31 2017,Pierce,WA,Passenger,933,824,1757,524984,526741,0.33
August 31 2021,Maui,HI,Passenger,1,0,1,28,29,3.45
September 30 2022,Ferry,WA,Truck,0,0,0,3610,3610,0.00
June 30 2021,Eagle,CO,Passenger,1,0,1,8,9,11.11
February 29 2020,Stevens,WA,Passenger,33,33,66,31403,31469,0.21
December 31 2021,Kings,NY,Passenger,2,0,2,75,77,2.60
October 31 2021,Bartow,GA,Passenger,0,1,1,4,5,20.00
September 30 2017,Lumpkin,GA,Passenger,1,0,1,9,10,10.00
May 31 2022,Suffolk,MA,Passenger,1,1,2,31,33,6.06
March 31 2021,Washington,MD,Passenger,1,0,1,10,11,9.09
June 30 2017,Hamilton,TN,Passenger,1,0,1,20,21,4.76
June 30 2017,Riverside,CA,Passenger,1,1,2,839,841,0.24
May 31 2024,Hardin,KY,Truck,1,0,1,19,20,5.00
January 31 2017,Asotin,WA,Truck,0,0,0,6481,6481,0.00
March 31 2022,Pinellas,FL,Passenger,0,1,1,99,100,1.00
January 31 2025,Albemarle,VA,Passenger,2,0,2,18,20,10.00
January 31 2023,Essex,MA,Passenger,2,0,2,18,20,10.00
February 28 2023,Lewis,WA,Passenger,290,190,480,59618,60098,0.80
February 28 2019,Douglas,NE,Passenger,0,1,1,69,70,1.43
January 31 2018,Norfolk,VA,Passenger,1,1,2,315,317,0.63
December 31 2023,Rockdale,GA,Passenger,1,0,1,8,9,11.11
September 30 2017,Jefferson,WA,Passenger,114,65,179,23995,24174,0.74
November 30 2022,Hanover,VA,Passenger,1,0,1,3,4,25.00
July 31 2020,Virginia Beach,VA,Passenger,1,0,1,670,671,0.15
December 31 2020,Carroll,NH,Passenger,0,1,1,3,4,25.00
April 30 2024,Harford,MD,Passenger,2,1,3,48,51,5.88
February 28 2022,DuPage,IL,Passenger,5,1,6,59,65,9.23
September 30 2023,Marin,CA,Passenger,3,2,5,36,41,12.20
August 31 2019,Cowlitz,WA,Passenger,107,108,215,73256,73471,0.29
July 31 2024,Hennepin,MN,Passenger,1,0,1,42,43,2.33
July 31 2023,Pulaski,MO,Passenger,3,0,3,109,112,2.68
March 31 2022,Wood,OH,Passenger,0,1,1,8,9,11.11
November 30 2023,Benton,WA,Truck,35,0,35,42990,43025,0.08
February 28 2019,Snohomish,WA,Truck,1,0,1,121827,121828,0.00
April 30 2018,Manassas,VA,Passenger,0,1,1,9,10,10.00
April 30 2018,Arlington,VA,Passenger,1,2,3,182,185,1.62
September 30 2024,Virginia Beach,VA,Passenger,5,3,8,428,436,1.83
March 31 2018,Tarrant,TX,Passenger,1,0,1,229,230,0.43
March 31 2019,Washington,OR,Passenger,0,1,1,488,489,0.20
July 31 2018,Duval,FL,Passenger,1,2,3,387,390,0.77
October 31 2023,Richmond,GA,Passenger,0,1,1,62,63,1.59
November 30 2022,Tom Green,TX,Passenger,0,1,1,20,21,4.76
May 31 2022,Pierce,WA,Truck,5,0,5,141930,141935,0.00
January 31 2023,Lee,FL,Passenger,1,0,1,43,44,2.27
June 30 2018,Snohomish,WA,Truck,1,0,1,121624,121625,0.00
June 30 2023,Yuba,CA,Passenger,1,0,1,56,57,1.75
April 30 2021,Jefferson,WA,Truck,0,0,0,9614,9614,0.00
September 30 2023,Lake,IL,Passenger,7,0,7,129,136,5.15
January 31 2022,Wahkiakum,WA,Truck,0,0,0,1813,1813,0.00
December 31 2018,Chelan,WA,Truck,0,0,0,22041,22041,0.00
July 31 2022,Deschutes,OR,Passenger,2,0,2,121,123,1.63
January 31 2022,Los Angeles,CA,Passenger,8,7,15,944,959,1.56
February 28 2023,Kent,DE,Passenger,1,0,1,54,55,1.82
February 28 2022,Anne Arundel,MD,Passenger,2,1,3,375,378,0.79
November 30 2017,Duval,FL,Passenger,1,1,2,368,370,0.54
May 31 2019,Harnett,NC,Passenger,1,1,2,223,225,0.89
September 30 2022,Clark,NV,Passenger,10,4,14,634,648,2.16
October 31 2024,San Luis Obispo,CA,Passenger,0,2,2,41,43,4.65
January 31 2017,Loudoun,VA,Passenger,0,1,1,90,91,1.10
May 31 2019,Orange,CA,Passenger,7,1,8,569,577,1.39
November 30 2019,Twin Falls,ID,Passenger,0,1,1,30,31,3.23
October 31 2022,Sarpy,NE,Passenger,1,0,1,66,67,1.49
February 28 2021,Boone,MO,Passenger,0,1,1,11,12,8.33
April 30 2020,Spokane,WA,Truck,1,0,1,97320,97321,0.00
September 30 2022,Lexington,SC,Passenger,1,0,1,22,23,4.35
July 31 2017,Spokane,WA,Truck,1,0,1,90723,90724,0.00
August 31 2019,Hawaii,HI,Passenger,1,0,1,66,67,1.49
February 28 2025,Pacific,WA,Passenger,146,129,275,15449,15724,1.75
September 30 2023,Kauai,HI,Passenger,0,1,1,20,21,4.76
May 31 2024,Medina,TX,Passenger,1,0,1,6,7,14.29
June 30 2020,Jefferson,WA,Passenger,237,140,377,24766,25143,1.50
January 31 2019,Yakima,WA,Passenger,84,100,184,164875,165059,0.11
October 31 2024,Fresno,CA,Passenger,1,1,2,123,125,1.60
September 30 2024,Churchill,NV,Passenger,0,1,1,38,39,2.56
July 31 2022,,,Passenger,5,3,8,351,359,2.23
March 31 2021,Anchorage,AK,Passenger,1,0,1,158,159,0.63
August 31 2018,Whitman,WA,Truck,0,0,0,8510,8510,0.00
January 31 2021,Pulaski,MO,Passenger,1,0,1,141,142,0.70
January 31 2025,Ferry,WA,Truck,0,0,0,3425,3425,0.00
March 31 2024,Middlesex,MA,Passenger,4,0,4,86,90,4.44
November 30 2023,Santa Cruz,CA,Passenger,1,0,1,26,27,3.70
March 31 2024,Onslow,NC,Passenger,0,1,1,135,136,0.74
May 31 2023,Howard,MD,Passenger,0,2,2,61,63,3.17
August 31 2018,Queens,NY,Passenger,1,0,1,65,66,1.52
March 31 2019,Rogers,OK,Passenger,1,0,1,7,8,12.50
July 31 2017,Klickitat,WA,Passenger,23,24,47,14806,14853,0.32
August 31 2019,Kalamazoo,MI,Passenger,1,0,1,18,19,5.26
May 31 2024,Montgomery,MD,Passenger,6,1,7,188,195,3.59
February 28 2023,Mason,WA,Passenger,391,194,585,46535,47120,1.24
November 30 2017,Pinal,AZ,Passenger,2,0,2,234,236,0.85
June 30 2022,Plaquemines,LA,Passenger,1,1,2,19,21,9.52
February 29 2020,Cascade,MT,Passenger,0,1,1,66,67,1.49
February 28 2022,Lincoln,WA,Truck,0,0,0,4832,4832,0.00
March 31 2023,Wake,NC,Passenger,3,1,4,110,114,3.51
May 31 2019,Oklahoma,OK,Passenger,0,1,1,136,137,0.73
February 28 2023,Washtenaw,MI,Passenger,0,2,2,31,33,6.06
October 31 2021,St. Clair,IL,Passenger,1,0,1,138,139,0.72
June 30 2023,Maui,HI,Passenger,1,0,1,21,22,4.55
April 30 2024,Geary,KS,Passenger,1,0,1,71,72,1.39
August 31 2022,King,WA,Passenger,42849,11628,54477,1341262,1395739,3.90
March 31 2021,Wise,TX,Passenger,1,0,1,9,10,10.00
February 28 2023,Snohomish,WA,Truck,121,0,121,121949,122070,0.10
July 31 2019,Orange,CA,Passenger,7,1,8,562,570,1.40
August 31 2022,DeKalb,GA,Passenger,1,0,1,58,59,1.69
June 30 2019,RÃ­o Grande,PR,Passenger,1,0,1,0,1,100.00
December 31 2023,Thurston,WA,Passenger,3784,1400,5184,188806,193990,2.67
June 30 2020,Powhatan,VA,Passenger,1,0,1,1,2,50.00
March 31 2020,Contra Costa,CA,Passenger,3,3,6,318,324,1.85
October 31 2022,Pennington,SD,Passenger,2,0,2,28,30,6.67
May 31 2018,,,Passenger,3,2,5,432,437,1.14
February 29 2020,Hawaii,HI,Passenger,1,0,1,69,70,1.43
September 30 2022,Thurston,WA,Truck,21,0,21,54829,54850,0.04
February 28 2017,Collin,TX,Passenger,0,1,1,156,157,0.64
August 31 2024,Nueces,TX,Passenger,2,0,2,56,58,3.45
August 31 2021,Grant,WA,Truck,0,0,0,27964,27964,0.00
July 31 2021,Portsmouth,VA,Passenger,0,1,1,80,81,1.23
August 31 2022,Garfield,WA,Truck,0,0,0,971,971,0.00
May 31 2021,Ventura,CA,Passenger,1,2,3,304,307,0.98
April 30 2017,Jefferson,WA,Truck,0,0,0,9437,9437,0.00
March 31 2022,Flathead,MT,Passenger,2,0,2,53,55,3.64
August 31 2017,Juneau,AK,Passenger,0,1,1,46,47,2.13
December 31 2017,Collier,FL,Passenger,1,0,1,27,28,3.57
February 28 2018,Riverside,CA,Passenger,2,2,4,755,759,0.53
February 29 2024,King,WA,Truck,1177,2,1179,171601,172780,0.68
January 31 2023,Grant,WA,Passenger,231,113,344,66741,67085,0.51
May 31 2024,Denton,TX,Passenger,1,0,1,49,50,2.00
January 31 2020,Asotin,WA,Passenger,17,11,28,12713,12741,0.22
March 31 2023,St. Mary's,MD,Passenger,2,0,2,213,215,0.93
April 30 2025,Douglas,WA,Truck,25,0,25,12854,12879,0.19
July 31 2023,New London,CT,Passenger,2,4,6,196,202,2.97
October 31 2019,Jefferson,WA,Passenger,210,127,337,25129,25466,1.32
December 31 2023,Pacific,WA,Truck,6,0,6,7812,7818,0.08
September 30 2022,Middlesex,NJ,Passenger,1,0,1,26,27,3.70
March 31 2018,Island,WA,Truck,0,0,0,20831,20831,0.00
September 30 2019,Nueces,TX,Passenger,1,1,2,94,96,2.08
May 31 2025,Kings,NY,Passenger,2,1,3,32,35,8.57
September 30 2019,DuPage,IL,Passenger,3,0,3,64,67,4.48
May 31 2022,San Mateo,CA,Passenger,4,1,5,112,117,4.27
May 31 2019,Thurston,WA,Truck,0,0,0,55032,55032,0.00
January 31 2023,Sussex,NJ,Passenger,1,0,1,2,3,33.33
November 30 2019,Spartanburg,SC,Passenger,0,1,1,48,49,2.04
July 31 2021,Fairbanks North Star,AK,Passenger,0,1,1,91,92,1.09
November 30 2018,Jefferson,CO,Passenger,0,2,2,64,66,3.03
February 28 2017,Missoula,MT,Passenger,1,0,1,82,83,1.20
April 30 2020,Lake,FL,Passenger,1,0,1,26,27,3.70
January 31 2023,Cook,IL,Passenger,3,1,4,228,232,1.72
January 31 2021,DeKalb,IN,Passenger,1,0,1,0,1,100.00
May 31 2024,Whitman,WA,Passenger,227,129,356,21846,22202,1.60
February 28 2018,Eagle,CO,Passenger,1,0,1,7,8,12.50
February 28 2022,Honolulu,HI,Passenger,4,5,9,437,446,2.02
November 30 2023,Santa Cruz,AZ,Passenger,1,0,1,5,6,16.67
September 30 2022,Wake,NC,Passenger,0,1,1,114,115,0.87
January 31 2017,Marion,FL,Passenger,1,0,1,31,32,3.12
November 30 2020,Island,WA,Passenger,480,287,767,62701,63468,1.21
March 31 2024,Monterey,CA,Truck,1,0,1,31,32,3.12
January 31 2025,Harnett,NC,Passenger,4,1,5,123,128,3.91
January 31 2025,Baltimore,MD,Passenger,1,0,1,63,64,1.56
April 30 2019,Clark,WA,Truck,0,0,0,80053,80053,0.00
October 31 2024,Cumberland,PA,Passenger,1,0,1,43,44,2.27
February 28 2023,Charleston,SC,Passenger,1,2,3,68,71,4.23
October 31 2021,San Diego,CA,Passenger,19,6,25,2624,2649,0.94
March 31 2022,Escambia,FL,Passenger,0,1,1,156,157,0.64
May 31 2023,Middlesex,NJ,Passenger,1,0,1,22,23,4.35
October 31 2020,Henrico,VA,Passenger,0,1,1,20,21,4.76
August 31 2023,San Benito,CA,Passenger,1,0,1,7,8,12.50
October 31 2024,Washoe,NV,Passenger,5,0,5,49,54,9.26
January 31 2023,Montgomery,MD,Passenger,4,3,7,210,217,3.23
July 31 2024,Dallas,TX,Truck,1,0,1,11,12,8.33
February 28 2022,Richland,SC,Passenger,0,1,1,141,142,0.70
March 31 2021,El Paso,CO,Passenger,3,1,4,728,732,0.55
October 31 2022,Allen,IN,Passenger,1,0,1,18,19,5.26
July 31 2019,Jefferson,CO,Passenger,0,2,2,60,62,3.23
January 31 2019,Cook,IL,Passenger,1,0,1,260,261,0.38
September 30 2020,Asotin,WA,Passenger,17,14,31,12380,12411,0.25
May 31 2018,Gwinnett,GA,Passenger,0,1,1,87,88,1.14
September 30 2023,Monroe,WI,Passenger,1,0,1,9,10,10.00
July 31 2022,Douglas,WA,Truck,1,0,1,12737,12738,0.01
February 28 2018,Prince George,VA,Passenger,0,1,1,72,73,1.37
May 31 2024,St. Clair,IL,Passenger,0,1,1,110,111,0.90
November 30 2019,Osceola,FL,Passenger,1,0,1,49,50,2.00
July 31 2019,Alameda,CA,Passenger,3,2,5,317,322,1.55
June 30 2021,Riverside,CA,Passenger,7,0,7,617,624,1.12
January 31 2025,Pulaski,AR,Truck,1,0,1,4,5,20.00
June 30 2017,Sumter,FL,Passenger,0,1,1,10,11,9.09
May 31 2023,Thurston,WA,Truck,57,0,57,53809,53866,0.11
December 31 2022,Whatcom,WA,Truck,26,0,26,42999,43025,0.06
November 30 2018,Orange,CA,Passenger,6,2,8,578,586,1.37
October 31 2020,Cumberland,NC,Passenger,1,3,4,456,460,0.87
September 30 2024,Marin,CA,Truck,1,0,1,7,8,12.50
January 31 2017,Essex,NJ,Passenger,1,0,1,19,20,5.00
January 31 2023,Dallas,TX,Passenger,1,0,1,117,118,0.85
February 28 2022,Riverside,CA,Passenger,8,0,8,570,578,1.38
March 31 2020,Middlesex,MA,Passenger,1,0,1,105,106,0.94
February 28 2017,Jefferson,WA,Passenger,89,55,144,23590,23734,0.61
February 29 2024,Horry,SC,Passenger,1,0,1,15,16,6.25
July 31 2021,Flathead,MT,Passenger,2,0,2,58,60,3.33
August 31 2020,Washoe,NV,Passenger,1,0,1,110,111,0.90
April 30 2024,Pacific,WA,Passenger,108,103,211,15504,15715,1.34
February 29 2020,Island,WA,Passenger,400,264,664,63298,63962,1.04
June 30 2018,Moore,NC,Passenger,0,1,1,195,196,0.51
April 30 2024,Richmond,GA,Passenger,0,1,1,56,57,1.75
June 30 2022,Norfolk,VA,Passenger,2,3,5,301,306,1.63
March 31 2018,Columbia,WA,Passenger,2,1,3,2410,2413,0.12
April 30 2024,Meade,KY,Passenger,1,0,1,18,19,5.26
December 31 2024,Mason,WA,Truck,46,0,46,20470,20516,0.22
November 30 2022,Franklin,WA,Truck,3,0,3,20914,20917,0.01
October 31 2024,Grays Harbor,WA,Passenger,523,252,775,47641,48416,1.60
November 30 2018,Mercer,NJ,Passenger,0,1,1,17,18,5.56
June 30 2018,Whatcom,WA,Passenger,631,300,931,147580,148511,0.63
August 31 2021,Grays Harbor,WA,Truck,0,0,0,21377,21377,0.00
March 31 2024,Skamania,WA,Passenger,145,56,201,7965,8166,2.46
February 28 2023,Maricopa,AZ,Passenger,19,5,24,1078,1102,2.18
September 30 2020,Chesapeake,VA,Passenger,0,2,2,431,433,0.46
September 30 2023,Muscogee,GA,Passenger,1,2,3,125,128,2.34
August 31 2018,DeKalb,GA,Passenger,1,0,1,83,84,1.19
June 30 2022,Washtenaw,MI,Passenger,0,1,1,33,34,2.94
January 31 2024,Kittitas,WA,Passenger,485,121,606,29407,30013,2.02
November 30 2022,Prince George,VA,Passenger,1,0,1,56,57,1.75
June 30 2017,Marin,CA,Passenger,1,0,1,61,62,1.61
August 31 2022,Owyhee,ID,Passenger,1,0,1,2,3,33.33
May 31 2018,Okaloosa,FL,Passenger,1,0,1,172,173,0.58
May 31 2020,Ferry,WA,Passenger,5,3,8,4331,4339,0.18
March 31 2023,Cass,MN,Passenger,0,1,1,2,3,33.33
August 31 2023,Chelan,WA,Truck,33,0,33,23170,23203,0.14
October 31 2022,Prince George's,MD,Passenger,3,1,4,144,148,2.70
November 30 2020,Spokane,WA,Truck,0,0,0,100282,100282,0.00
July 31 2024,Suffolk,VA,Passenger,1,1,2,94,96,2.08
April 30 2025,Rockingham,NH,Passenger,4,0,4,14,18,22.22
July 31 2020,Santa Clara,CA,Passenger,12,2,14,324,338,4.14
August 31 2018,Okanogan,WA,Truck,0,0,0,16470,16470,0.00
November 30 2023,Fulton,GA,Passenger,1,1,2,73,75,2.67
January 31 2024,Ferry,WA,Passenger,25,4,29,4289,4318,0.67
October 31 2021,Okanogan,WA,Passenger,64,44,108,26539,26647,0.41
December 31 2017,Lincoln,WA,Passenger,2,6,8,7564,7572,0.11
January 31 2022,Grays Harbor,WA,Passenger,197,158,355,49282,49637,0.72
March 31 2022,Richmond,NY,Passenger,1,0,1,3,4,25.00
February 28 2021,Palm Beach,FL,Passenger,1,2,3,82,85,3.53
June 30 2019,Skamania,WA,Truck,0,0,0,4063,4063,0.00
September 30 2024,Montgomery,PA,Passenger,1,0,1,17,18,5.56
July 31 2023,Lincoln,OR,Passenger,1,1,2,25,27,7.41
July 31 2021,Lake,IN,Passenger,0,1,1,11,12,8.33
August 31 2023,Autauga,AL,Passenger,2,1,3,12,15,20.00
August 31 2024,Cuyahoga,OH,Passenger,1,0,1,44,45,2.22
February 28 2022,Adams,WA,Truck,0,0,0,5457,5457,0.00
August 31 2021,Juneau,AK,Passenger,0,1,1,31,32,3.12
January 31 2022,Arlington,VA,Passenger,2,0,2,150,152,1.32
February 28 2019,Pend Oreille,WA,Passenger,5,5,10,9475,9485,0.11
September 30 2024,Williamson,TX,Passenger,2,0,2,64,66,3.03
July 31 2023,Monroe,WI,Passenger,1,0,1,9,10,10.00
July 31 2021,Island,WA,Passenger,626,314,940,62872,63812,1.47
June 30 2019,Skamania,WA,Passenger,23,18,41,8717,8758,0.47
January 31 2020,Suffolk,VA,Passenger,1,0,1,128,129,0.78
August 31 2019,Stevens,WA,Passenger,22,29,51,31666,31717,0.16
April 30 2024,Fairfax,VA,Truck,1,0,1,84,85,1.18
September 30 2021,San Mateo,CA,Passenger,2,0,2,120,122,1.64
January 31 2017,Charles,MD,Passenger,0,1,1,89,90,1.11
March 31 2018,Spokane,WA,Truck,1,0,1,91869,91870,0.00
January 31 2024,Williamson,TX,Passenger,1,1,2,80,82,2.44
January 31 2023,Pend Oreille,WA,Truck,0,0,0,5567,5567,0.00
January 31 2023,Onslow,NC,Passenger,0,1,1,155,156,0.64
January 31 2017,New London,CT,Passenger,2,0,2,267,269,0.74
January 31 2018,Fulton,GA,Passenger,1,0,1,108,109,0.92
March 31 2019,Jefferson,WA,Truck,0,0,0,9637,9637,0.00
April 30 2018,Nueces,TX,Passenger,1,1,2,97,99,2.02
September 30 2017,Pacific,WA,Truck,0,0,0,7511,7511,0.00
March 31 2024,Monterey,CA,Passenger,1,5,6,133,139,4.32
December 31 2020,Clark,WA,Truck,0,0,0,83429,83429,0.00
November 30 2024,El Paso,CO,Truck,1,0,1,121,122,0.82
January 31 2025,Orange,CA,Passenger,6,2,8,299,307,2.61
April 30 2020,Whatcom,WA,Truck,3,0,3,42806,42809,0.01
February 28 2022,Botetourt,VA,Passenger,1,0,1,0,1,100.00
August 31 2017,Grant,WA,Truck,0,0,0,25349,25349,0.00
June 30 2023,Pend Oreille,WA,Passenger,30,12,42,8849,8891,0.47
April 30 2021,Harnett,NC,Passenger,1,1,2,203,205,0.98
May 31 2017,Portsmouth,VA,Passenger,0,1,1,70,71,1.41
December 31 2018,Denver,CO,Passenger,1,0,1,138,139,0.72
September 30 2023,San Bernardino,CA,Passenger,4,1,5,361,366,1.37
December 31 2019,Bucks,PA,Passenger,1,0,1,26,27,3.70
October 31 2022,King,WA,Truck,301,2,303,178890,179193,0.17
December 31 2022,Fairfax,VA,Passenger,8,3,11,676,687,1.60
March 31 2018,Whatcom,WA,Truck,2,0,2,42058,42060,0.00
November 30 2021,Bernalillo,NM,Passenger,1,0,1,114,115,0.87
August 31 2021,Louisa,VA,Passenger,0,1,1,1,2,50.00
June 30 2021,Franklin,OH,Passenger,1,0,1,74,75,1.33
October 31 2019,Pacific,WA,Passenger,30,29,59,16096,16155,0.37
May 31 2021,Pierce,WA,Passenger,3376,1940,5316,558860,564176,0.94
June 30 2022,Goochland,VA,Passenger,4,3,7,182,189,3.70
May 31 2017,Cowlitz,WA,Passenger,52,50,102,69528,69630,0.15
October 31 2021,Walla Walla,WA,Passenger,132,80,212,36309,36521,0.58
March 31 2025,Hennepin,MN,Passenger,1,0,1,38,39,2.56
August 31 2024,Orange,FL,Passenger,4,1,5,56,61,8.20
July 31 2023,Baltimore,MD,Passenger,1,0,1,74,75,1.33
December 31 2017,DeKalb,GA,Passenger,1,0,1,90,91,1.10
October 31 2020,Fulton,GA,Passenger,1,3,4,99,103,3.88
January 31 2019,Sussex,NJ,Passenger,1,0,1,1,2,50.00
August 31 2018,Collier,FL,Passenger,1,0,1,26,27,3.70
July 31 2023,Montgomery,AL,Passenger,1,1,2,32,34,5.88
March 31 2017,Spokane,WA,Passenger,232,202,434,295337,295771,0.15
December 31 2021,DeKalb,GA,Passenger,1,0,1,71,72,1.39
May 31 2017,Island,WA,Passenger,113,130,243,59870,60113,0.40
July 31 2021,Columbia,WA,Passenger,6,2,8,2470,2478,0.32
January 31 2019,Essex,MA,Passenger,1,0,1,30,31,3.23
August 31 2024,Arlington,VA,Passenger,5,0,5,115,120,4.17
July 31 2024,Walla Walla,WA,Truck,13,0,13,13649,13662,0.10
October 31 2019,Shasta,CA,Passenger,1,0,1,42,43,2.33
July 31 2024,Sacramento,CA,Passenger,2,0,2,158,160,1.25
February 28 2023,St. Lawrence,NY,Passenger,1,0,1,5,6,16.67
April 30 2017,Franklin,OH,Passenger,0,1,1,128,129,0.78
March 31 2023,Hays,TX,Passenger,1,0,1,11,12,8.33
January 31 2024,Ventura,CA,Passenger,4,2,6,243,249,2.41
December 31 2024,Grant,WA,Passenger,541,237,778,68309,69087,1.13
October 31 2017,Lee,AL,Passenger,1,0,1,35,36,2.78
June 30 2020,Tarrant,TX,Passenger,1,0,1,191,192,0.52
May 31 2017,Manatee,FL,Passenger,1,0,1,51,52,1.92
May 31 2021,Skagit,WA,Passenger,578,265,843,91802,92645,0.91
June 30 2023,Milwaukee,WI,Passenger,1,0,1,42,43,2.33
April 30 2021,Pulaski,MO,Passenger,1,0,1,147,148,0.68
January 31 2021,Asotin,WA,Truck,0,0,0,6681,6681,0.00
August 31 2020,Columbia,OR,Passenger,1,0,1,26,27,3.70
July 31 2023,Marion,IN,Passenger,1,0,1,37,38,2.63
January 31 2024,Marin,CA,Truck,1,0,1,8,9,11.11
October 31 2020,Los Angeles,CA,Passenger,9,10,19,1058,1077,1.76
March 31 2022,Chelan,WA,Passenger,437,123,560,54532,55092,1.02
October 31 2024,Allegheny,PA,Passenger,2,0,2,49,51,3.92
June 30 2024,Pinellas,FL,Passenger,1,0,1,54,55,1.82
February 29 2024,Hunt,TX,Passenger,1,0,1,4,5,20.00
October 31 2023,Spokane,WA,Truck,48,0,48,101566,101614,0.05
November 30 2021,Rogers,OK,Passenger,1,0,1,9,10,10.00
March 31 2022,Columbia,WA,Passenger,6,0,6,2444,2450,0.24
February 28 2025,Pacific,WA,Truck,15,0,15,7706,7721,0.19
May 31 2023,Franklin,WA,Passenger,299,137,436,61919,62355,0.70
July 31 2022,Gwinnett,GA,Passenger,1,0,1,64,65,1.54
April 30 2024,Orange,NY,Passenger,0,1,1,38,39,2.56
October 31 2020,Clark,WA,Truck,0,0,0,83097,83097,0.00
December 31 2023,Bell,TX,Passenger,2,0,2,275,277,0.72
June 30 2024,Escambia,FL,Passenger,1,1,2,123,125,1.60
February 28 2022,Ulster,NY,Passenger,1,0,1,16,17,5.88
July 31 2023,Essex,NJ,Passenger,2,0,2,10,12,16.67
June 30 2021,Garfield,WA,Passenger,0,3,3,1369,1372,0.22
February 29 2024,Skagit,WA,Passenger,1397,501,1898,88384,90282,2.10
May 31 2024,Frederick,MD,Passenger,2,1,3,49,52,5.77
March 31 2024,Hudson,NJ,Passenger,2,0,2,30,32,6.25
May 31 2025,Caddo,LA,Passenger,1,0,1,15,16,6.25
October 31 2024,Sarasota,FL,Passenger,1,0,1,20,21,4.76
August 31 2017,Skamania,WA,Truck,0,0,0,3875,3875,0.00
May 31 2020,Shelby,TN,Passenger,0,1,1,93,94,1.06
February 28 2021,Douglas,WA,Truck,0,0,0,12509,12509,0.00
February 28 2022,Solano,CA,Passenger,1,0,1,187,188,0.53
January 31 2023,Frederick,MD,Passenger,1,0,1,60,61,1.64
June 30 2023,Yavapai,AZ,Passenger,0,1,1,28,29,3.45
September 30 2017,Columbia,WA,Truck,0,0,0,1558,1558,0.00
January 31 2019,Santa Rosa,FL,Passenger,1,0,1,91,92,1.09
October 31 2023,Orange,NY,Passenger,0,1,1,43,44,2.27
December 31 2022,Spokane,WA,Truck,19,0,19,101573,101592,0.02
April 30 2018,Norfolk,VA,Passenger,1,2,3,323,326,0.92
September 30 2021,Escambia,FL,Passenger,0,1,1,156,157,0.64
June 30 2022,Harris,TX,Passenger,1,1,2,206,208,0.96
February 28 2017,Durham,NC,Passenger,0,1,1,38,39,2.56
May 31 2025,El Paso,CO,Passenger,10,7,17,379,396,4.29
January 31 2025,Williamson,TN,Passenger,0,1,1,5,6,16.67
September 30 2024,Santa Clara,CA,Passenger,19,7,26,193,219,11.87
May 31 2021,Broward,FL,Passenger,1,0,1,113,114,0.88
December 31 2017,Montgomery,PA,Passenger,1,0,1,40,41,2.44
November 30 2024,Asotin,WA,Passenger,61,31,92,12232,12324,0.75
June 30 2019,Oldham,KY,Passenger,0,1,1,5,6,16.67
January 31 2022,District of Columbia,DC,Passenger,4,0,4,184,188,2.13
September 30 2023,Benton,AR,Passenger,1,0,1,26,27,3.70
September 30 2024,Penobscot,ME,Passenger,0,1,1,4,5,20.00
November 30 2019,Los Angeles,CA,Passenger,7,11,18,1131,1149,1.57
April 30 2024,Kootenai,ID,Passenger,3,3,6,117,123,4.88
July 31 2018,,,Passenger,2,2,4,435,439,0.91
May 31 2024,Alexandria,VA,Passenger,3,0,3,98,101,2.97
August 31 2017,Santa Rosa,FL,Passenger,1,0,1,113,114,0.88
September 30 2018,San Juan,WA,Passenger,161,68,229,14172,14401,1.59
August 31 2022,Wilson,TX,Passenger,0,1,1,3,4,25.00
November 30 2022,Dorchester,SC,Passenger,1,0,1,63,64,1.56
September 30 2018,Franklin,WA,Passenger,37,65,102,58480,58582,0.17
April 30 2021,Thurston,WA,Passenger,1492,833,2325,197513,199838,1.16
January 31 2019,Pend Oreille,WA,Truck,0,0,0,5743,5743,0.00
June 30 2024,Island,WA,Truck,54,0,54,20638,20692,0.26
May 31 2021,Portsmouth,VA,Passenger,0,1,1,78,79,1.27
August 31 2017,Maui,HI,Passenger,1,0,1,69,70,1.43
December 31 2024,Madison,AL,Passenger,1,0,1,28,29,3.45
May 31 2024,Skamania,WA,Passenger,150,54,204,7919,8123,2.51
October 31 2017,Yakima,WA,Truck,0,0,0,57801,57801,0.00
May 31 2022,Klickitat,WA,Truck,1,0,1,8281,8282,0.01
June 30 2021,Kitsap,WA,Passenger,1850,858,2708,180056,182764,1.48
January 31 2017,Latah,ID,Passenger,0,1,1,146,147,0.68
January 31 2025,Duval,FL,Truck,1,0,1,46,47,2.13
June 30 2021,Marion,IN,Passenger,1,0,1,58,59,1.69
October 31 2024,Weld,CO,Passenger,1,0,1,15,16,6.25
October 31 2024,Orange,NC,Passenger,1,0,1,7,8,12.50
May 31 2020,Dallas,TX,Passenger,1,0,1,217,218,0.46
June 30 2024,Isle of Wight,VA,Passenger,0,1,1,17,18,5.56
May 31 2018,Pinal,AZ,Passenger,2,0,2,220,222,0.90
January 31 2024,Virginia Beach,VA,Passenger,6,3,9,482,491,1.83
June 30 2022,Saratoga,NY,Passenger,1,0,1,51,52,1.92
January 31 2023,Yakima,WA,Passenger,432,228,660,166137,166797,0.40
January 31 2024,Sacramento,CA,Passenger,2,1,3,183,186,1.61
August 31 2024,Washtenaw,MI,Passenger,0,2,2,21,23,8.70
December 31 2021,Bexar,TX,Passenger,2,4,6,552,558,1.08
July 31 2023,Adams,WA,Passenger,23,12,35,13033,13068,0.27
November 30 2021,Collin,TX,Passenger,3,0,3,128,131,2.29
May 31 2024,Nassau,NY,Passenger,2,0,2,23,25,8.00
January 31 2020,El Paso,CO,Passenger,3,2,5,759,764,0.65
August 31 2024,Leavenworth,KS,Passenger,4,3,7,78,85,8.24
January 31 2019,Nassau,NY,Passenger,3,0,3,38,41,7.32
May 31 2023,St. Mary's,MD,Passenger,2,0,2,209,211,0.95
November 30 2019,Sarasota,FL,Passenger,2,0,2,41,43,4.65
March 31 2024,Denton,TX,Passenger,1,0,1,52,53,1.89
July 31 2022,Lake,FL,Passenger,1,0,1,23,24,4.17
June 30 2024,Miami-Dade,FL,Passenger,3,0,3,71,74,4.05
July 31 2018,Sedgwick,KS,Passenger,0,1,1,105,106,0.94
December 31 2021,Virginia Beach,VA,Passenger,1,0,1,608,609,0.16
August 31 2019,Chelan,WA,Truck,0,0,0,22357,22357,0.00
September 30 2019,Harris,TX,Passenger,1,1,2,304,306,0.65
January 31 2022,Orange,NC,Passenger,1,0,1,12,13,7.69
May 31 2022,Benton,WA,Passenger,727,457,1184,134973,136157,0.87
March 31 2025,Penobscot,ME,Passenger,0,1,1,3,4,25.00
September 30 2021,Miami-Dade,FL,Passenger,1,0,1,115,116,0.86
January 31 2023,Hillsborough,FL,Passenger,1,1,2,141,143,1.40
June 30 2018,Pima,AZ,Passenger,1,1,2,450,452,0.44
March 31 2024,Dallas,TX,Passenger,1,0,1,86,87,1.15
May 31 2020,Oldham,KY,Passenger,0,1,1,5,6,16.67
April 30 2020,Klickitat,WA,Truck,0,0,0,8184,8184,0.00
January 31 2022,Newport,RI,Passenger,0,1,1,74,75,1.33
August 31 2017,Sangamon,IL,Passenger,1,0,1,11,12,8.33
September 30 2023,Franklin,WA,Truck,7,0,7,20876,20883,0.03
September 30 2019,Mercer,NJ,Passenger,0,1,1,17,18,5.56
February 28 2019,Grays Harbor,WA,Passenger,66,79,145,47443,47588,0.30
October 31 2018,Manatee,FL,Passenger,1,0,1,44,45,2.22
April 30 2023,Goochland,VA,Passenger,3,2,5,114,119,4.20
July 31 2024,Falls Church,VA,Passenger,1,0,1,6,7,14.29
September 30 2022,Clackamas,OR,Passenger,1,1,2,174,176,1.14
October 31 2020,Grays Harbor,WA,Truck,0,0,0,21109,21109,0.00
May 31 2024,Yakima,WA,Truck,18,0,18,60943,60961,0.03
June 30 2023,Denton,TX,Passenger,1,0,1,70,71,1.41
June 30 2023,Yakima,WA,Passenger,501,258,759,165856,166615,0.46
August 31 2024,Norfolk,VA,Passenger,0,1,1,236,237,0.42
January 31 2017,Kitsap,WA,Truck,1,0,1,52372,52373,0.00
January 31 2022,Wahkiakum,WA,Passenger,17,11,28,3071,3099,0.90
December 31 2022,Harrison,MS,Passenger,1,0,1,50,51,1.96
October 31 2023,Wichita,TX,Passenger,1,0,1,36,37,2.70
October 31 2021,Larimer,CO,Passenger,1,0,1,54,55,1.82
April 30 2020,Gwinnett,GA,Passenger,1,0,1,79,80,1.25
June 30 2019,Pend Oreille,WA,Truck,0,0,0,5730,5730,0.00
October 31 2023,Kings,CA,Passenger,5,1,6,272,278,2.16
December 31 2024,Osceola,FL,Passenger,1,0,1,20,21,4.76
February 28 2017,,,Passenger,2,0,2,471,473,0.42
June 30 2021,Klamath,OR,Passenger,1,0,1,38,39,2.56
December 31 2017,Santa Clara,CA,Passenger,7,1,8,408,416,1.92
December 31 2018,Clallam,WA,Passenger,150,124,274,50338,50612,0.54
October 31 2023,Whatcom,WA,Truck,77,0,77,42470,42547,0.18
February 29 2024,Fairfax,VA,Passenger,14,10,24,606,630,3.81
September 30 2024,Brown,WI,Passenger,1,0,1,3,4,25.00
November 30 2018,Santa Fe,NM,Passenger,0,1,1,45,46,2.17
November 30 2021,,,Passenger,5,3,8,356,364,2.20
June 30 2024,Benton,WA,Passenger,1620,736,2356,136105,138461,1.70
December 31 2023,Prince William,VA,Passenger,0,4,4,150,154,2.60
September 30 2019,Wahkiakum,WA,Passenger,2,3,5,3049,3054,0.16
August 31 2024,Mason,WA,Passenger,666,264,930,45974,46904,1.98
July 31 2024,Marion,OR,Passenger,1,0,1,68,69,1.45
June 30 2018,District of Columbia,DC,Passenger,0,3,3,183,186,1.61
May 31 2021,Kittitas,WA,Truck,0,0,0,14768,14768,0.00
August 31 2017,Skamania,WA,Passenger,10,7,17,8568,8585,0.20
May 31 2022,Okaloosa,FL,Passenger,0,2,2,112,114,1.75
December 31 2019,Pacific,WA,Truck,0,0,0,7714,7714,0.00
February 28 2025,Stevens,WA,Truck,9,0,9,18501,18510,0.05
October 31 2024,Snohomish,WA,Truck,537,0,537,119344,119881,0.45
June 30 2022,Clallam,WA,Truck,3,0,3,21911,21914,0.01
May 31 2021,Harrison,MS,Passenger,2,0,2,51,53,3.77
July 31 2017,Island,WA,Truck,0,0,0,20485,20485,0.00
June 30 2019,Walla Walla,WA,Passenger,49,60,109,36158,36267,0.30
July 31 2017,Pierce,WA,Truck,0,0,0,137327,137327,0.00
November 30 2023,San Bernardino,CA,Passenger,5,1,6,354,360,1.67
December 31 2023,Rockingham,NH,Passenger,1,0,1,14,15,6.67
August 31 2023,Harrison,MS,Passenger,1,0,1,41,42,2.38
November 30 2022,Providence,RI,Passenger,1,0,1,20,21,4.76
April 30 2017,San Juan,WA,Passenger,98,35,133,13475,13608,0.98
July 31 2020,Okanogan,WA,Passenger,37,34,71,25901,25972,0.27
July 31 2018,Collin,TX,Passenger,1,0,1,176,177,0.56
May 31 2017,Hawaii,HI,Passenger,1,0,1,92,93,1.08
January 31 2021,Stafford,VA,Passenger,2,1,3,103,106,2.83
June 30 2023,Richmond,VA,Passenger,1,0,1,10,11,9.09
December 31 2018,Pacific,WA,Passenger,21,25,46,15825,15871,0.29
January 31 2022,Currituck,NC,Passenger,1,0,1,25,26,3.85
October 31 2020,Clark,WA,Passenger,2213,1123,3336,318540,321876,1.04
August 31 2020,Fresno,CA,Passenger,2,0,2,198,200,1.00
December 31 2020,Mohave,AZ,Passenger,1,0,1,81,82,1.22
June 30 2018,Fulton,GA,Passenger,1,2,3,104,107,2.80
November 30 2019,Washtenaw,MI,Passenger,1,0,1,43,44,2.27
July 31 2019,Asotin,WA,Truck,0,0,0,6656,6656,0.00
July 31 2023,Benton,AR,Passenger,1,0,1,26,27,3.70
September 30 2021,Spokane,WA,Truck,0,0,0,102412,102412,0.00
October 31 2023,Suffolk,MA,Passenger,4,1,5,36,41,12.20
April 30 2019,Whatcom,WA,Passenger,823,392,1215,149979,151194,0.80
August 31 2018,King,WA,Truck,7,1,8,182900,182908,0.00
November 30 2022,St. Johns,FL,Passenger,1,0,1,45,46,2.17
August 31 2021,Grant,WA,Passenger,123,96,219,66783,67002,0.33
November 30 2024,Clallam,WA,Passenger,871,402,1273,48524,49797,2.56
July 31 2018,St. Mary's,MD,Passenger,1,0,1,220,221,0.45
September 30 2023,Wahkiakum,WA,Passenger,27,19,46,3040,3086,1.49
November 30 2022,Stafford,VA,Passenger,3,1,4,91,95,4.21
June 30 2021,Honolulu,HI,Passenger,5,3,8,475,483,1.66
November 30 2019,Benton,WA,Truck,0,0,0,42393,42393,0.00
May 31 2024,Essex,MA,Passenger,2,0,2,13,15,13.33
June 30 2021,Sumter,FL,Passenger,0,1,1,8,9,11.11
May 31 2019,Montgomery,AL,Passenger,1,1,2,42,44,4.55
June 30 2018,Morris,NJ,Passenger,1,0,1,17,18,5.56
June 30 2023,Forsyth,GA,Passenger,1,0,1,13,14,7.14
February 29 2024,Pierce,WA,Passenger,10026,3305,13331,522214,535545,2.49
November 30 2018,Clay,FL,Passenger,0,1,1,94,95,1.05
August 31 2021,Denton,TX,Passenger,1,0,1,96,97,1.03
June 30 2021,Baltimore,MD,Passenger,1,0,1,114,115,0.87
June 30 2021,Harnett,NC,Passenger,1,1,2,198,200,1.00
December 31 2021,Wilson,TX,Passenger,0,1,1,3,4,25.00
May 31 2020,Juneau,AK,Passenger,0,2,2,33,35,5.71
June 30 2023,Medina,TX,Passenger,1,0,1,7,8,12.50
November 30 2022,Solano,CA,Passenger,2,1,3,173,176,1.70
July 31 2024,Cameron,TX,Passenger,1,0,1,18,19,5.26
April 30 2021,Lincoln,WA,Truck,0,0,0,4746,4746,0.00
December 31 2020,New Haven,CT,Passenger,0,2,2,35,37,5.41
March 31 2017,Collier,FL,Passenger,1,0,1,25,26,3.85
October 31 2022,Okanogan,WA,Truck,1,0,1,16446,16447,0.01
January 31 2022,Goochland,VA,Passenger,4,2,6,231,237,2.53
August 31 2024,Tooele,UT,Passenger,1,0,1,9,10,10.00
December 31 2021,Queens,NY,Passenger,1,0,1,59,60,1.67
October 31 2020,Pend Oreille,WA,Passenger,8,4,12,9147,9159,0.13
March 31 2022,Stevens,WA,Passenger,60,50,110,30004,30114,0.37
April 30 2024,San Benito,CA,Passenger,1,0,1,5,6,16.67
February 29 2020,Montgomery,OH,Passenger,0,1,1,50,51,1.96
March 31 2022,Island,WA,Passenger,756,357,1113,61884,62997,1.77
September 30 2024,Sarpy,NE,Passenger,0,1,1,54,55,1.82
November 30 2020,Harrison,MS,Passenger,1,0,1,52,53,1.89
August 31 2022,Ferry,WA,Passenger,20,4,24,4385,4409,0.54
October 31 2021,Kittitas,WA,Passenger,192,73,265,29813,30078,0.88
February 28 2021,Jefferson,WA,Passenger,296,169,465,24753,25218,1.84
September 30 2021,Benton,WA,Passenger,579,417,996,136048,137044,0.73
July 31 2023,Spotsylvania,VA,Passenger,1,0,1,29,30,3.33
July 31 2023,San Juan,WA,Passenger,626,176,802,13774,14576,5.50
July 31 2024,Newport News,VA,Passenger,1,0,1,101,102,0.98
March 31 2025,Larimer,CO,Passenger,1,0,1,22,23,4.35
September 30 2024,Allen,IN,Passenger,1,1,2,5,7,28.57
August 31 2024,Maricopa,AZ,Passenger,13,2,15,743,758,1.98
September 30 2021,Stevens,WA,Truck,0,0,0,18866,18866,0.00
June 30 2023,Mohave,AZ,Passenger,1,0,1,53,54,1.85
October 31 2019,Klickitat,WA,Truck,0,0,0,8300,8300,0.00
October 31 2021,Santa Clara,CA,Passenger,12,4,16,303,319,5.02
November 30 2022,Garfield,WA,Passenger,1,3,4,1294,1298,0.31
October 31 2021,Essex,MA,Passenger,1,0,1,22,23,4.35
June 30 2017,Lincoln,WA,Truck,0,0,0,4427,4427,0.00
February 29 2020,Lake,CA,Passenger,0,1,1,12,13,7.69
March 31 2022,Fairbanks North Star,AK,Passenger,0,1,1,84,85,1.18
May 31 2021,King,WA,Truck,6,1,7,184516,184523,0.00
June 30 2022,Adams,CO,Passenger,1,0,1,47,48,2.08
September 30 2024,Platte,MO,Passenger,1,1,2,11,13,15.38
September 30 2019,Kitsap,WA,Truck,1,0,1,54175,54176,0.00
December 31 2019,Douglas,WA,Truck,0,0,0,12301,12301,0.00
April 30 2018,Clallam,WA,Truck,0,0,0,21361,21361,0.00
April 30 2021,Washington,OR,Passenger,1,0,1,445,446,0.22
February 28 2017,Clark,NV,Passenger,1,3,4,916,920,0.43
August 31 2019,Pierce,WA,Truck,0,0,0,140223,140223,0.00
May 31 2020,Whitman,WA,Passenger,45,48,93,22145,22238,0.42
October 31 2018,Dakota,MN,Passenger,0,2,2,36,38,5.26
July 31 2024,King,WA,Passenger,81014,19646,100660,1306325,1406985,7.15
November 30 2021,Deschutes,OR,Passenger,2,0,2,133,135,1.48
March 31 2023,Yolo,CA,Passenger,2,0,2,30,32,6.25
November 30 2023,Chesterfield,VA,Passenger,1,0,1,44,45,2.22
January 31 2024,Wilson,TX,Passenger,0,1,1,3,4,25.00
November 30 2019,Allegheny,PA,Passenger,2,0,2,87,89,2.25
November 30 2023,Arlington,VA,Passenger,4,0,4,124,128,3.12
February 28 2021,El Dorado,CA,Passenger,1,0,1,40,41,2.44
August 31 2019,Skagit,WA,Truck,1,0,1,32536,32537,0.00
February 28 2019,Whatcom,WA,Passenger,786,378,1164,149555,150719,0.77
February 28 2023,Hamilton,OH,Truck,1,0,1,3,4,25.00
July 31 2020,Queens,NY,Passenger,1,0,1,54,55,1.82
July 31 2023,DuPage,IL,Passenger,6,1,7,43,50,14.00
August 31 2024,Montgomery,TX,Passenger,1,0,1,21,22,4.55
August 31 2019,San Joaquin,CA,Passenger,1,0,1,142,143,0.70
February 28 2023,Columbia,OR,Passenger,1,0,1,19,20,5.00
March 31 2024,Tompkins,NY,Passenger,1,0,1,12,13,7.69
September 30 2019,Orange,FL,Passenger,1,0,1,164,165,0.61
May 31 2024,Marion,OR,Passenger,1,0,1,68,69,1.45
April 30 2024,Fairfax,VA,Passenger,14,10,24,594,618,3.88
November 30 2020,Dakota,MN,Passenger,0,1,1,31,32,3.12
January 31 2018,Cumberland,NC,Passenger,1,0,1,560,561,0.18
June 30 2022,Mason,WA,Passenger,308,172,480,47242,47722,1.01
January 31 2018,Lewis,WA,Truck,0,0,0,25330,25330,0.00
August 31 2023,Chelan,WA,Passenger,670,174,844,54148,54992,1.53
May 31 2023,Essex,NJ,Passenger,2,0,2,10,12,16.67
June 30 2022,Columbia,OR,Passenger,1,0,1,23,24,4.17
January 31 2023,Will,IL,Passenger,0,1,1,17,18,5.56
October 31 2023,New York,NY,Passenger,3,0,3,39,42,7.14
June 30 2024,Kings,CA,Passenger,5,0,5,254,259,1.93
January 31 2025,Adams,WA,Passenger,52,21,73,13403,13476,0.54
April 30 2022,Lake,IL,Passenger,5,0,5,152,157,3.18
August 31 2022,Ventura,CA,Passenger,3,2,5,272,277,1.81
October 31 2021,Oldham,KY,Passenger,0,1,1,5,6,16.67
September 30 2024,Ventura,CA,Passenger,3,2,5,220,225,2.22
May 31 2021,Kings,NY,Passenger,2,0,2,73,75,2.67
October 31 2021,Calvert,MD,Passenger,0,3,3,93,96,3.12
July 31 2019,Clay,FL,Passenger,0,1,1,93,94,1.06
June 30 2022,Spartanburg,SC,Passenger,0,1,1,39,40,2.50
May 31 2022,Skagit,WA,Truck,2,0,2,32344,32346,0.01
September 30 2020,Suffolk,VA,Passenger,1,0,1,127,128,0.78
November 30 2021,Camden,NJ,Passenger,0,1,1,13,14,7.14
July 31 2019,Anne Arundel,MD,Passenger,1,1,2,434,436,0.46
May 31 2024,Douglas,WA,Passenger,286,90,376,28976,29352,1.28
April 30 2023,District of Columbia,DC,Passenger,3,0,3,162,165,1.82
January 31 2017,Anne Arundel,MD,Passenger,0,1,1,514,515,0.19
September 30 2018,Thurston,WA,Truck,0,0,0,54595,54595,0.00
February 28 2019,Carson City,NV,Passenger,1,0,1,15,16,6.25
August 31 2024,Newport,RI,Passenger,0,2,2,47,49,4.08
July 31 2021,Spokane,WA,Truck,0,0,0,102177,102177,0.00
September 30 2018,Ferry,WA,Truck,0,0,0,3557,3557,0.00
May 31 2019,San Juan,WA,Passenger,207,71,278,14349,14627,1.90
June 30 2019,Montgomery,MD,Passenger,1,0,1,292,293,0.34
August 31 2021,New Haven,CT,Passenger,0,2,2,31,33,6.06
January 31 2018,Allegheny,PA,Passenger,1,0,1,88,89,1.12
October 31 2024,Hamilton,OH,Passenger,2,0,2,36,38,5.26
October 31 2021,Norfolk,MA,Passenger,1,0,1,29,30,3.33
August 31 2021,Milwaukee,WI,Passenger,1,0,1,52,53,1.89
April 30 2024,Autauga,AL,Passenger,2,2,4,14,18,22.22
April 30 2023,Snohomish,WA,Truck,144,0,144,121531,121675,0.12
January 31 2021,Botetourt,VA,Passenger,1,0,1,0,1,100.00
January 31 2024,Penobscot,ME,Passenger,0,1,1,5,6,16.67
September 30 2023,Kitsap,WA,Truck,87,0,87,51921,52008,0.17
September 30 2024,Garfield,WA,Truck,0,0,0,990,990,0.00
August 31 2021,Onslow,NC,Passenger,0,1,1,170,171,0.58
June 30 2022,Hamilton,OH,Passenger,1,0,1,44,45,2.22
June 30 2022,Ray,MO,Passenger,0,1,1,2,3,33.33
August 31 2021,Douglas,WA,Passenger,102,51,153,28561,28714,0.53
July 31 2019,Kern,CA,Passenger,0,1,1,218,219,0.46
July 31 2021,Spokane,WA,Passenger,1118,653,1771,325504,327275,0.54
May 31 2017,Klickitat,WA,Passenger,22,24,46,14791,14837,0.31
September 30 2023,Wayne,MI,Passenger,0,1,1,41,42,2.38
October 31 2020,Lewis,WA,Truck,0,0,0,26499,26499,0.00
June 30 2021,Thurston,WA,Truck,0,0,0,56433,56433,0.00
April 30 2021,Bucks,PA,Passenger,1,0,1,24,25,4.00
July 31 2024,Volusia,FL,Truck,1,0,1,4,5,20.00
March 31 2022,Lake,IN,Passenger,0,1,1,10,11,9.09
April 30 2025,Olmsted,MN,Passenger,1,0,1,3,4,25.00
April 30 2023,Middlesex,MA,Passenger,3,0,3,94,97,3.09
December 31 2018,Randolph,NC,Passenger,1,0,1,5,6,16.67
July 31 2022,Pinal,AZ,Passenger,0,1,1,158,159,0.63
May 31 2025,Hunt,TX,Passenger,1,0,1,2,3,33.33
July 31 2021,Clallam,WA,Passenger,341,221,562,50404,50966,1.10
July 31 2024,Yakima,WA,Truck,19,0,19,60801,60820,0.03
August 31 2024,Anne Arundel,MD,Truck,1,0,1,39,40,2.50
February 28 2019,Monterey,CA,Passenger,0,2,2,194,196,1.02
May 31 2025,Marin,CA,Truck,1,0,1,6,7,14.29
November 30 2021,Rockingham,NH,Passenger,1,0,1,26,27,3.70
November 30 2023,Wahkiakum,WA,Truck,4,0,4,1759,1763,0.23
August 31 2024,Plaquemines,LA,Passenger,1,0,1,16,17,5.88
March 31 2023,Pinal,AZ,Passenger,0,1,1,126,127,0.79
October 31 2021,Alexandria,VA,Passenger,3,0,3,130,133,2.26
February 28 2019,Wahkiakum,WA,Truck,0,0,0,1720,1720,0.00
November 30 2024,El Paso,CO,Passenger,10,8,18,449,467,3.85
January 31 2024,Kings,NY,Passenger,3,0,3,43,46,6.52
April 30 2019,Grays Harbor,WA,Truck,0,0,0,20387,20387,0.00
June 30 2021,Franklin,WA,Truck,0,0,0,20685,20685,0.00
November 30 2020,Cowlitz,WA,Passenger,170,124,294,71987,72281,0.41
November 30 2022,Franklin,WA,Passenger,244,117,361,61647,62008,0.58
January 31 2023,Louisa,VA,Passenger,0,1,1,2,3,33.33
July 31 2023,Lexington,SC,Passenger,1,0,1,19,20,5.00
March 31 2018,Pierce,WA,Truck,0,0,0,137026,137026,0.00
October 31 2021,Grant,WA,Truck,0,0,0,27983,27983,0.00
September 30 2021,Stevens,WA,Passenger,51,42,93,30262,30355,0.31
March 31 2018,Chelan,WA,Truck,0,0,0,21710,21710,0.00
May 31 2019,Ferry,WA,Truck,0,0,0,3588,3588,0.00
January 31 2021,Arapahoe,CO,Passenger,1,0,1,133,134,0.75
April 30 2017,Harnett,NC,Passenger,1,0,1,262,263,0.38
January 31 2021,Lincoln,WA,Truck,0,0,0,4690,4690,0.00
June 30 2021,Albemarle,VA,Passenger,2,0,2,26,28,7.14
September 30 2017,Gwinnett,GA,Passenger,0,1,1,90,91,1.10
August 31 2024,Adams,CO,Passenger,1,0,1,33,34,2.94
November 30 2023,Pettis,MO,Passenger,1,0,1,4,5,20.00
May 31 2024,Milwaukee,WI,Passenger,1,0,1,41,42,2.38
May 31 2021,Bexar,TX,Passenger,2,4,6,591,597,1.01
February 29 2024,Chelan,WA,Passenger,792,224,1016,54168,55184,1.84
October 31 2019,Tarrant,TX,Passenger,3,0,3,215,218,1.38
April 30 2025,Bell,TX,Passenger,1,0,1,174,175,0.57
September 30 2017,San Mateo,CA,Passenger,0,1,1,151,152,0.66
April 30 2023,Grant,WA,Passenger,267,114,381,66738,67119,0.57
April 30 2024,Benton,WA,Passenger,1561,707,2268,135933,138201,1.64
July 31 2021,Pinellas,FL,Passenger,0,1,1,109,110,0.91
September 30 2019,Valencia,NM,Passenger,1,0,1,9,10,10.00
September 30 2017,Douglas,WA,Truck,0,0,0,11595,11595,0.00
August 31 2022,Lincoln,WA,Passenger,9,16,25,7672,7697,0.32
July 31 2022,Columbia,WA,Truck,0,0,0,1574,1574,0.00
January 31 2021,Thurston,WA,Truck,0,0,0,56343,56343,0.00
April 30 2023,Monterey,CA,Passenger,1,4,5,142,147,3.40
March 31 2017,Kittitas,WA,Truck,0,0,0,13427,13427,0.00
May 31 2023,Clackamas,OR,Passenger,0,1,1,144,145,0.69
January 31 2020,Dallas,IA,Passenger,0,1,1,10,11,9.09
June 30 2022,Maricopa,AZ,Passenger,16,4,20,1261,1281,1.56
February 29 2020,Fairfax,VA,Passenger,5,2,7,766,773,0.91
July 31 2019,Berkshire,MA,Passenger,0,1,1,6,7,14.29
November 30 2021,Prince William,VA,Passenger,1,3,4,209,213,1.88
February 28 2022,Pulaski,MO,Passenger,2,0,2,122,124,1.61
June 30 2023,New York,NY,Passenger,3,0,3,40,43,6.98
July 31 2024,Arlington,VA,Passenger,5,0,5,115,120,4.17
November 30 2023,Newport,RI,Truck,1,0,1,6,7,14.29
December 31 2017,District of Columbia,DC,Passenger,0,3,3,197,200,1.50
December 31 2019,Brevard,FL,Passenger,0,1,1,98,99,1.01
September 30 2020,Montgomery,OH,Passenger,0,1,1,48,49,2.04
March 31 2020,Kitsap,WA,Passenger,1297,676,1973,181568,183541,1.07
September 30 2017,Hawaii,HI,Passenger,1,0,1,84,85,1.18
January 31 2023,Fairfax,VA,Passenger,9,3,12,669,681,1.76
July 31 2023,Autauga,AL,Passenger,2,1,3,14,17,17.65
September 30 2019,Franklin,WA,Truck,0,0,0,19526,19526,0.00
August 31 2021,Norfolk,VA,Passenger,2,3,5,311,316,1.58
May 31 2024,Madison,IL,Passenger,2,0,2,13,15,13.33
February 28 2022,Camden,NJ,Passenger,0,1,1,12,13,7.69
March 31 2024,Harris,TX,Passenger,2,2,4,158,162,2.47
April 30 2017,Okaloosa,FL,Passenger,1,0,1,193,194,0.52
October 31 2023,Allegheny,PA,Passenger,2,0,2,66,68,2.94
June 30 2020,Island,WA,Passenger,420,269,689,62611,63300,1.09
July 31 2024,Alameda,CA,Passenger,8,1,9,179,188,4.79
June 30 2021,Platte,MO,Passenger,1,0,1,16,17,5.88
April 30 2022,Chatham,NC,Passenger,1,0,1,7,8,12.50
April 30 2022,Washington,MD,Passenger,2,0,2,13,15,13.33
October 31 2024,Bell,TX,Passenger,2,0,2,220,222,0.90
July 31 2019,Klamath,OR,Passenger,1,0,1,44,45,2.22
August 31 2019,Ramsey,MN,Passenger,1,0,1,46,47,2.13
November 30 2022,Brown,WI,Passenger,1,0,1,7,8,12.50
November 30 2019,Whitman,WA,Truck,0,0,0,8576,8576,0.00
January 31 2021,Jefferson,WA,Truck,0,0,0,9590,9590,0.00
May 31 2019,Camden,NJ,Passenger,0,1,1,19,20,5.00
February 28 2025,Hamilton,IN,Passenger,1,0,1,17,18,5.56
November 30 2022,Hays,TX,Passenger,1,0,1,9,10,10.00
September 30 2021,Sevier,AR,Passenger,0,1,1,1,2,50.00
July 31 2022,Benton,WA,Passenger,777,463,1240,135002,136242,0.91
May 31 2018,Howard,MD,Passenger,0,1,1,91,92,1.09
December 31 2024,Arlington,VA,Passenger,4,0,4,110,114,3.51
October 31 2021,Sonoma,CA,Passenger,0,1,1,98,99,1.01
February 28 2021,Sarasota,FL,Passenger,2,0,2,42,44,4.55
August 31 2024,Walla Walla,WA,Truck,16,0,16,13658,13674,0.12
February 28 2017,Los Angeles,CA,Passenger,2,1,3,1416,1419,0.21
March 31 2024,Pierce,WA,Passenger,10227,3349,13576,521169,534745,2.54
January 31 2019,Carroll,NH,Passenger,0,1,1,1,2,50.00
May 31 2021,Randolph,NC,Passenger,1,0,1,7,8,12.50
August 31 2017,Anne Arundel,MD,Passenger,0,1,1,496,497,0.20
September 30 2019,Monroe,IL,Passenger,1,0,1,4,5,20.00
August 31 2024,Polk,OR,Passenger,1,1,2,15,17,11.76
October 31 2023,Frederick,MD,Passenger,2,1,3,55,58,5.17
November 30 2024,Virginia Beach,VA,Passenger,5,2,7,420,427,1.64
November 30 2018,Duval,FL,Passenger,1,2,3,389,392,0.77
March 31 2024,Walla Walla,WA,Truck,11,0,11,13611,13622,0.08
October 31 2024,Prince George's,MD,Passenger,4,2,6,110,116,5.17
November 30 2022,Cowlitz,WA,Passenger,389,186,575,70086,70661,0.81
January 31 2024,Richmond,NY,Passenger,1,0,1,4,5,20.00
August 31 2024,Adams,WA,Truck,4,0,4,5399,5403,0.07
January 31 2025,Allen,IN,Passenger,1,1,2,5,7,28.57
April 30 2024,Bristol,MA,Passenger,1,0,1,6,7,14.29
June 30 2019,Nassau,NY,Passenger,4,0,4,42,46,8.70
September 30 2024,Goochland,VA,Passenger,2,0,2,43,45,4.44
April 30 2017,Grays Harbor,WA,Truck,0,0,0,19842,19842,0.00
April 30 2023,Pend Oreille,WA,Truck,0,0,0,5614,5614,0.00
January 31 2025,Polk,OR,Passenger,1,1,2,16,18,11.11
December 31 2020,Wilson,TX,Passenger,0,1,1,6,7,14.29
April 30 2023,Galveston,TX,Passenger,1,1,2,22,24,8.33
July 31 2022,Island,WA,Truck,6,0,6,21191,21197,0.03
March 31 2025,Prince George,VA,Passenger,2,0,2,51,53,3.77
January 31 2023,Moore,NC,Passenger,0,1,1,130,131,0.76
October 31 2021,Skamania,WA,Passenger,58,39,97,8320,8417,1.15
August 31 2020,Chesapeake,VA,Passenger,0,1,1,433,434,0.23
April 30 2023,Wake,NC,Passenger,4,1,5,111,116,4.31
February 29 2024,Spokane,WA,Truck,77,0,77,101262,101339,0.08
September 30 2021,New Haven,CT,Passenger,0,2,2,31,33,6.06
October 31 2018,Monroe,IL,Passenger,1,0,1,3,4,25.00
August 31 2021,Benton,WA,Passenger,565,412,977,135996,136973,0.71
October 31 2022,Wake,NC,Passenger,1,1,2,110,112,1.79
January 31 2020,Pinellas,FL,Passenger,1,1,2,125,127,1.57
October 31 2019,Fulton,GA,Passenger,0,3,3,106,109,2.75
December 31 2018,Whitman,WA,Truck,0,0,0,8546,8546,0.00
October 31 2023,San Joaquin,CA,Passenger,0,1,1,87,88,1.14
January 31 2020,Harris,TX,Passenger,1,0,1,296,297,0.34
November 30 2023,Pulaski,AR,Passenger,1,0,1,29,30,3.33
April 30 2019,Howard,MD,Passenger,0,1,1,84,85,1.18
March 31 2020,Wise,TX,Passenger,1,0,1,9,10,10.00
November 30 2018,Larimer,CO,Passenger,1,0,1,68,69,1.45
November 30 2018,District of Columbia,DC,Passenger,1,3,4,183,187,2.14
June 30 2023,Monterey,CA,Passenger,1,3,4,133,137,2.92
September 30 2023,Cowlitz,WA,Passenger,541,231,772,69752,70524,1.09
October 31 2019,Mason,WA,Truck,0,0,0,20453,20453,0.00
August 31 2021,Tom Green,TX,Passenger,0,1,1,22,23,4.35
April 30 2020,Williams,ND,Passenger,0,1,1,13,14,7.14
July 31 2022,Cascade,MT,Passenger,0,1,1,44,45,2.22
September 30 2024,Hamilton,OH,Passenger,2,0,2,36,38,5.26
October 31 2021,Charles,MD,Passenger,1,1,2,74,76,2.63
May 31 2025,Clallam,WA,Passenger,986,431,1417,47606,49023,2.89
May 31 2017,Okanogan,WA,Truck,0,0,0,16206,16206,0.00
March 31 2024,Hamilton,OH,Passenger,2,0,2,36,38,5.26
March 31 2024,Jefferson,WA,Truck,20,0,20,9205,9225,0.22
November 30 2019,Palm Beach,FL,Passenger,0,2,2,87,89,2.25
February 28 2021,Thurston,WA,Truck,0,0,0,56338,56338,0.00
November 30 2022,Washington,OR,Passenger,2,0,2,336,338,0.59
February 29 2024,Sonoma,CA,Passenger,2,1,3,72,75,4.00
February 28 2022,Allen,IN,Passenger,1,0,1,19,20,5.00
December 31 2024,Yolo,CA,Passenger,2,0,2,23,25,8.00
August 31 2019,Montgomery,TX,Passenger,1,0,1,68,69,1.45
December 31 2019,Fairbanks North Star,AK,Passenger,0,1,1,99,100,1.00
January 31 2023,Kitsap,WA,Passenger,2830,1162,3992,176002,179994,2.22
June 30 2019,Stevens,WA,Truck,0,0,0,18639,18639,0.00
July 31 2021,Riverside,CA,Passenger,7,0,7,613,620,1.13
April 30 2020,Charles,MD,Passenger,0,1,1,77,78,1.28
November 30 2021,Montgomery,MD,Passenger,2,2,4,227,231,1.73
December 31 2021,Wake,NC,Passenger,1,1,2,139,141,1.42
July 31 2019,Franklin,WA,Passenger,52,70,122,60108,60230,0.20
October 31 2021,Salt Lake,UT,Passenger,1,1,2,201,203,0.99
October 31 2017,Okanogan,WA,Truck,0,0,0,16240,16240,0.00
August 31 2023,St. Louis,MO,Passenger,1,0,1,60,61,1.64
March 31 2018,Caddo,LA,Passenger,0,1,1,24,25,4.00
December 31 2023,Fairfax,VA,Passenger,14,9,23,621,644,3.57
May 31 2019,New Haven,CT,Passenger,0,2,2,47,49,4.08
December 31 2019,Montgomery,PA,Passenger,2,0,2,38,40,5.00
May 31 2020,Clark,WA,Truck,0,0,0,81840,81840,0.00
April 30 2025,Bannock,ID,Passenger,1,0,1,6,7,14.29
August 31 2021,Monterey,CA,Passenger,1,2,3,168,171,1.75
March 31 2023,Skamania,WA,Truck,1,0,1,3855,3856,0.03
October 31 2019,Shelby,TN,Passenger,0,1,1,104,105,0.95
December 31 2021,Harris,TX,Passenger,1,1,2,229,231,0.87
September 30 2023,Penobscot,ME,Passenger,0,1,1,7,8,12.50
February 28 2019,Cochise,AZ,Passenger,0,1,1,119,120,0.83
September 30 2022,Fredericksburg,VA,Passenger,1,0,1,6,7,14.29
August 31 2021,Virginia Beach,VA,Passenger,1,0,1,633,634,0.16
December 31 2024,Burlington,NJ,Passenger,0,1,1,65,66,1.52
July 31 2021,Suffolk,VA,Passenger,1,0,1,129,130,0.77
December 31 2017,Travis,TX,Passenger,1,0,1,200,201,0.50
July 31 2022,Providence,RI,Passenger,1,0,1,23,24,4.17
August 31 2019,Asotin,WA,Truck,0,0,0,6681,6681,0.00
November 30 2021,Harford,MD,Passenger,1,1,2,60,62,3.23
April 30 2017,Franklin,WA,Truck,0,0,0,17989,17989,0.00
July 31 2022,Dakota,MN,Passenger,0,1,1,19,20,5.00
June 30 2022,Arapahoe,CO,Passenger,0,1,1,100,101,0.99
March 31 2021,Sevier,AR,Passenger,0,1,1,1,2,50.00
June 30 2023,Cowlitz,WA,Truck,9,0,9,28204,28213,0.03
August 31 2018,Maricopa,AZ,Passenger,1,2,3,1711,1714,0.18
February 28 2018,Portsmouth,VA,Passenger,0,1,1,74,75,1.33
October 31 2023,Sedgwick,KS,Passenger,0,1,1,61,62,1.61
January 31 2025,DeKalb,GA,Truck,1,0,1,1,2,50.00
December 31 2018,Franklin,MA,Passenger,0,1,1,2,3,33.33
April 30 2021,Palm Beach,FL,Passenger,1,1,2,80,82,2.44
July 31 2018,Washoe,NV,Passenger,1,0,1,126,127,0.79
April 30 2020,King,WA,Truck,5,1,6,181394,181400,0.00
January 31 2017,Walla Walla,WA,Passenger,16,21,37,34851,34888,0.11
November 30 2021,Chatham,NC,Passenger,1,0,1,7,8,12.50
December 31 2018,Palm Beach,FL,Passenger,0,2,2,97,99,2.02
August 31 2017,Clark,WA,Truck,0,0,0,77852,77852,0.00
December 31 2020,Plaquemines,LA,Passenger,0,1,1,15,16,6.25
January 31 2022,Hudson,NJ,Passenger,2,0,2,45,47,4.26
January 31 2018,Palm Beach,FL,Passenger,0,2,2,91,93,2.15
June 30 2018,Prince William,VA,Passenger,0,5,5,258,263,1.90
June 30 2020,Orange,NC,Passenger,1,0,1,13,14,7.14
April 30 2023,Dorchester,SC,Passenger,1,0,1,60,61,1.64
March 31 2021,Lane,OR,Passenger,0,1,1,152,153,0.65
April 30 2018,Dakota,MN,Passenger,0,2,2,41,43,4.65
July 31 2017,Prince William,VA,Passenger,0,4,4,265,269,1.49
October 31 2023,Ferry,WA,Truck,0,0,0,3535,3535,0.00
July 31 2018,Clark,WA,Truck,0,0,0,79198,79198,0.00
September 30 2018,Deschutes,OR,Passenger,2,0,2,176,178,1.12
August 31 2020,Monroe,IL,Passenger,1,0,1,3,4,25.00
March 31 2019,Asotin,WA,Truck,0,0,0,6626,6626,0.00
October 31 2022,Penobscot,ME,Passenger,0,2,2,10,12,16.67
October 31 2022,Chelan,WA,Truck,8,0,8,23049,23057,0.03
August 31 2019,St. Mary's,MD,Passenger,1,0,1,227,228,0.44
September 30 2021,Lake,FL,Passenger,1,0,1,27,28,3.57
August 31 2021,Champaign,IL,Passenger,1,0,1,15,16,6.25
June 30 2023,Providence,RI,Passenger,1,0,1,20,21,4.76
September 30 2020,Clallam,WA,Passenger,245,174,419,49839,50258,0.83
January 31 2023,Orange,CA,Passenger,12,3,15,438,453,3.31
January 31 2024,Rockingham,NH,Passenger,1,0,1,14,15,6.67
September 30 2018,Okanogan,WA,Truck,0,0,0,16498,16498,0.00
July 31 2021,Chesapeake,VA,Passenger,0,2,2,418,420,0.48
December 31 2017,Clark,WA,Passenger,851,573,1424,304165,305589,0.47
March 31 2023,Pinellas,FL,Passenger,1,0,1,74,75,1.33
February 28 2022,Sevier,AR,Passenger,0,1,1,1,2,50.00
May 31 2025,Grant,WA,Truck,53,0,53,27283,27336,0.19
February 28 2021,Monroe,IL,Passenger,1,0,1,2,3,33.33
December 31 2022,Mason,WA,Truck,6,0,6,20801,20807,0.03
March 31 2024,Bristol,MA,Passenger,1,0,1,6,7,14.29
November 30 2019,Franklin,MA,Passenger,0,1,1,2,3,33.33
February 28 2021,Baltimore,MD,Passenger,1,0,1,117,118,0.85
February 28 2022,Champaign,IL,Passenger,1,0,1,16,17,5.88
February 28 2023,Lincoln,WA,Passenger,16,17,33,7725,7758,0.43
January 31 2017,Northampton,PA,Passenger,2,0,2,257,259,0.77
September 30 2020,Sacramento,CA,Passenger,1,1,2,282,284,0.70
June 30 2023,Dakota,MN,Passenger,0,1,1,16,17,5.88
September 30 2024,Tooele,UT,Passenger,1,0,1,9,10,10.00
June 30 2022,Klickitat,WA,Truck,0,0,0,8280,8280,0.00
May 31 2018,Adams,WA,Passenger,5,5,10,12587,12597,0.08
December 31 2024,Clallam,WA,Passenger,897,407,1304,48516,49820,2.62
June 30 2022,Forsyth,GA,Passenger,1,0,1,16,17,5.88
September 30 2024,Island,WA,Passenger,1625,564,2189,60369,62558,3.50
March 31 2023,Okanogan,WA,Passenger,113,58,171,26029,26200,0.65
July 31 2019,Ferry,WA,Truck,0,0,0,3580,3580,0.00
November 30 2023,Cowlitz,WA,Truck,13,0,13,27947,27960,0.05
September 30 2021,Broward,FL,Passenger,2,0,2,112,114,1.75
April 30 2019,District of Columbia,DC,Passenger,1,1,2,195,197,1.02
September 30 2018,Suffolk,MA,Passenger,0,1,1,44,45,2.22
September 30 2019,Orange,CA,Passenger,8,3,11,556,567,1.94
April 30 2022,Sedgwick,KS,Passenger,0,1,1,88,89,1.12
May 31 2022,Cowlitz,WA,Passenger,321,175,496,70584,71080,0.70
December 31 2020,Washington,WI,Passenger,1,0,1,3,4,25.00
January 31 2022,Cowlitz,WA,Truck,0,1,1,28890,28891,0.00
September 30 2021,Palm Beach,FL,Passenger,1,1,2,72,74,2.70
November 30 2024,Albemarle,VA,Passenger,3,0,3,18,21,14.29
May 31 2023,Anchorage,AK,Passenger,1,0,1,125,126,0.79
August 31 2019,Davidson,TN,Passenger,1,0,1,88,89,1.12
June 30 2018,Lee,FL,Passenger,1,0,1,57,58,1.72
October 31 2017,Maui,HI,Passenger,1,0,1,69,70,1.43
June 30 2021,Frederick,MD,Passenger,1,1,2,62,64,3.12
March 31 2023,Lee,AL,Passenger,1,0,1,21,22,4.55
December 31 2021,Bristol,MA,Passenger,1,0,1,15,16,6.25
December 31 2024,Geary,KS,Passenger,1,0,1,65,66,1.52
September 30 2024,Washington,OR,Passenger,2,0,2,211,213,0.94
January 31 2021,Pierce,WA,Passenger,2959,1791,4750,554776,559526,0.85
January 31 2024,Allen,IN,Passenger,1,0,1,10,11,9.09
October 31 2019,Juneau,AK,Passenger,0,2,2,34,36,5.56
April 30 2019,Essex,MA,Passenger,1,0,1,29,30,3.33
July 31 2019,Clallam,WA,Truck,1,0,1,21809,21810,0.00
January 31 2024,Snohomish,WA,Passenger,16680,3688,20368,525386,545754,3.73
May 31 2022,Mason,WA,Passenger,301,175,476,47238,47714,1.00
January 31 2024,Tompkins,NY,Passenger,1,0,1,13,14,7.14
April 30 2023,Alexandria,VA,Passenger,3,0,3,113,116,2.59
February 29 2024,Kauai,HI,Passenger,0,1,1,20,21,4.76
January 31 2018,Hardin,KY,Passenger,0,1,1,118,119,0.84
April 30 2023,Hamilton,IN,Passenger,1,0,1,27,28,3.57
February 29 2024,Loudoun,VA,Passenger,2,1,3,61,64,4.69
March 31 2025,Marin,CA,Passenger,1,2,3,31,34,8.82
August 31 2024,Honolulu,HI,Passenger,4,1,5,269,274,1.82
February 28 2018,Twin Falls,ID,Passenger,0,1,1,25,26,3.85
August 31 2020,Pend Oreille,WA,Truck,0,0,0,5742,5742,0.00
May 31 2024,Volusia,FL,Truck,1,0,1,5,6,16.67
December 31 2023,Wise,TX,Passenger,2,0,2,6,8,25.00
January 31 2025,San Bernardino,CA,Passenger,5,0,5,302,307,1.63
December 31 2017,Walla Walla,WA,Passenger,29,32,61,35270,35331,0.17
December 31 2018,Snohomish,WA,Passenger,2913,1438,4351,526961,531312,0.82
March 31 2024,Harnett,NC,Passenger,4,1,5,146,151,3.31
December 31 2023,Stafford,VA,Passenger,3,0,3,77,80,3.75
September 30 2019,New London,CT,Passenger,0,1,1,234,235,0.43
August 31 2022,Denton,TX,Passenger,2,0,2,84,86,2.33
June 30 2019,Cameron,TX,Passenger,1,0,1,36,37,2.70
November 30 2017,Yakima,WA,Truck,0,0,0,57904,57904,0.00
March 31 2022,Denton,TX,Passenger,2,0,2,89,91,2.20
May 31 2023,Madison,IL,Passenger,2,0,2,16,18,11.11
April 30 2022,Lincoln,WA,Passenger,7,18,25,7649,7674,0.33
March 31 2018,Garfield,WA,Passenger,1,0,1,1331,1332,0.08
August 31 2019,Mason,WA,Passenger,130,124,254,47395,47649,0.53
April 30 2025,Whatcom,WA,Truck,183,0,183,41751,41934,0.44
July 31 2023,King,WA,Truck,782,2,784,174616,175400,0.45
August 31 2023,Snohomish,WA,Passenger,13929,3225,17154,526634,543788,3.15
December 31 2023,Marion,OR,Passenger,1,0,1,75,76,1.32
November 30 2023,Shasta,CA,Passenger,1,0,1,32,33,3.03
January 31 2021,Skagit,WA,Passenger,518,243,761,91310,92071,0.83
August 31 2022,Essex,MA,Passenger,3,0,3,19,22,13.64
August 31 2022,Yavapai,AZ,Passenger,0,1,1,31,32,3.12
February 28 2025,Walla Walla,WA,Truck,26,0,26,13624,13650,0.19
June 30 2019,Clark,WA,Truck,0,0,0,80281,80281,0.00
September 30 2020,Kitsap,WA,Passenger,1426,713,2139,179376,181515,1.18
January 31 2018,Douglas,WA,Truck,0,0,0,11790,11790,0.00
June 30 2023,Benton,WA,Passenger,1142,573,1715,135102,136817,1.25
May 31 2024,Bannock,ID,Passenger,1,0,1,8,9,11.11
June 30 2023,Shasta,CA,Passenger,1,0,1,33,34,2.94
March 31 2025,San Diego,CA,Passenger,28,8,36,1769,1805,1.99
October 31 2019,Norfolk,VA,Passenger,2,2,4,333,337,1.19
November 30 2022,Bristol,MA,Passenger,1,0,1,10,11,9.09
February 28 2021,Clark,WA,Passenger,2506,1247,3753,318602,322355,1.16
May 31 2018,Essex,MA,Passenger,1,0,1,27,28,3.57
October 31 2020,Yakima,WA,Truck,0,0,0,60665,60665,0.00
July 31 2024,Loudoun,VA,Passenger,2,1,3,58,61,4.92
March 31 2022,Washington,MD,Passenger,2,0,2,13,15,13.33
November 30 2017,Skagit,WA,Truck,1,0,1,31670,31671,0.00
March 31 2024,Goochland,VA,Passenger,3,0,3,72,75,4.00
September 30 2019,Thurston,WA,Truck,0,0,0,55479,55479,0.00
December 31 2020,Harford,MD,Passenger,0,1,1,62,63,1.59
March 31 2017,Wahkiakum,WA,Truck,0,0,0,1635,1635,0.00
July 31 2022,Cowlitz,WA,Truck,2,0,2,28443,28445,0.01
February 28 2023,Denton,TX,Passenger,2,0,2,74,76,2.63
September 30 2023,Hamilton,OH,Passenger,1,0,1,40,41,2.44
December 31 2018,Asotin,WA,Passenger,12,9,21,12718,12739,0.16
February 29 2020,Ulster,NY,Passenger,1,0,1,15,16,6.25
August 31 2017,Douglas,WA,Truck,0,0,0,11572,11572,0.00
September 30 2024,Pend Oreille,WA,Truck,3,0,3,5546,5549,0.05
July 31 2021,Saginaw,MI,Passenger,1,0,1,8,9,11.11
September 30 2020,Ferry,WA,Passenger,8,3,11,4305,4316,0.25
January 31 2020,St. Mary's,MD,Passenger,1,0,1,224,225,0.44
March 31 2024,Wake,NC,Passenger,6,1,7,93,100,7.00
June 30 2024,San Bernardino,CA,Passenger,6,1,7,322,329,2.13
October 31 2017,,,Passenger,3,0,3,445,448,0.67
January 31 2025,Douglas,WA,Truck,24,0,24,12994,13018,0.18
November 30 2018,Wahkiakum,WA,Passenger,1,1,2,2981,2983,0.07
March 31 2020,Travis,TX,Passenger,4,2,6,204,210,2.86
December 31 2017,Northampton,PA,Passenger,0,1,1,64,65,1.54
September 30 2024,Greene,OH,Passenger,2,0,2,17,19,10.53
August 31 2018,Ferry,WA,Truck,0,0,0,3549,3549,0.00
January 31 2021,Washington,OR,Passenger,1,0,1,449,450,0.22
May 31 2023,Pulaski,AR,Passenger,3,0,3,34,37,8.11
November 30 2020,Williamson,TX,Passenger,0,2,2,160,162,1.23
May 31 2022,Alexandria,VA,Passenger,4,0,4,118,122,3.28
April 30 2020,Jefferson,WA,Passenger,234,143,377,24878,25255,1.49
August 31 2024,Goochland,VA,Passenger,3,0,3,49,52,5.77
February 28 2019,Clallam,WA,Truck,0,0,0,21578,21578,0.00
December 31 2022,Cowlitz,WA,Truck,4,0,4,28316,28320,0.01
October 31 2020,Palm Beach,FL,Passenger,1,2,3,81,84,3.57
August 31 2021,Mason,WA,Truck,0,0,0,21290,21290,0.00
May 31 2017,Fulton,GA,Passenger,1,0,1,119,120,0.83
May 31 2024,Kings,NY,Passenger,2,0,2,39,41,4.88
May 31 2023,Middlesex,CT,Passenger,1,0,1,10,11,9.09
May 31 2021,San Joaquin,CA,Passenger,1,0,1,121,122,0.82
March 31 2024,Wahkiakum,WA,Truck,4,0,4,1754,1758,0.23
April 30 2022,Franklin,WA,Passenger,178,105,283,61901,62184,0.46
February 28 2025,Orange,NC,Passenger,1,0,1,4,5,20.00
January 31 2017,Grant,WA,Truck,0,0,0,25038,25038,0.00
January 31 2022,Suffolk,MA,Passenger,1,2,3,34,37,8.11
February 28 2018,Wahkiakum,WA,Truck,0,0,0,1672,1672,0.00
November 30 2020,Whitman,WA,Truck,0,0,0,8484,8484,0.00
May 31 2018,Sacramento,CA,Passenger,1,1,2,316,318,0.63
April 30 2019,Charleston,SC,Passenger,1,0,1,123,124,0.81
April 30 2025,Prince George,VA,Passenger,2,0,2,48,50,4.00
April 30 2018,Jefferson,NY,Passenger,1,0,1,223,224,0.45
January 31 2023,Marion,OR,Passenger,1,0,1,104,105,0.95
September 30 2017,Benton,WA,Truck,0,0,0,40266,40266,0.00
July 31 2022,Lincoln,WA,Truck,0,0,0,4820,4820,0.00
November 30 2021,Clackamas,OR,Passenger,2,0,2,201,203,0.99
February 28 2019,Garfield,WA,Passenger,1,1,2,1324,1326,0.15
October 31 2021,Pennington,SD,Passenger,1,0,1,35,36,2.78
September 30 2024,Jefferson,WA,Truck,28,0,28,9115,9143,0.31
October 31 2024,Prince George,VA,Passenger,2,0,2,55,57,3.51
August 31 2023,Osceola,FL,Passenger,1,0,1,23,24,4.17
October 31 2023,Prince George's,MD,Passenger,3,2,5,131,136,3.68
July 31 2018,Cameron,TX,Passenger,1,0,1,32,33,3.03
June 30 2024,St. Clair,IL,Passenger,0,1,1,109,110,0.91
July 31 2022,New York,NY,Passenger,3,0,3,46,49,6.12
November 30 2023,Caddo,LA,Passenger,2,0,2,16,18,11.11
March 31 2024,Duval,FL,Truck,1,0,1,55,56,1.79
October 31 2018,Thurston,WA,Truck,0,0,0,54758,54758,0.00
September 30 2019,Moore,NC,Passenger,0,1,1,183,184,0.54
September 30 2024,Dallas,TX,Passenger,1,0,1,74,75,1.33
July 31 2017,Arlington,VA,Passenger,1,1,2,179,181,1.10
February 28 2022,Ada,ID,Passenger,2,0,2,231,233,0.86
March 31 2023,Whitman,WA,Truck,4,0,4,8587,8591,0.05
February 28 2022,Santa Cruz,CA,Passenger,1,0,1,30,31,3.23
March 31 2021,Snohomish,WA,Passenger,5374,1930,7304,538333,545637,1.34
December 31 2024,Travis,TX,Passenger,4,1,5,59,64,7.81
July 31 2021,Pend Oreille,WA,Truck,0,0,0,5740,5740,0.00
October 31 2019,Boone,MO,Passenger,0,1,1,11,12,8.33
April 30 2023,Multnomah,OR,Passenger,4,2,6,567,573,1.05
December 31 2018,Lane,OR,Passenger,0,1,1,178,179,0.56
April 30 2025,Marion,IN,Passenger,1,0,1,18,19,5.26
February 29 2020,King,WA,Passenger,23419,7675,31094,1398798,1429892,2.17
February 28 2023,Pinal,AZ,Passenger,0,1,1,132,133,0.75
March 31 2018,Washtenaw,MI,Passenger,1,0,1,39,40,2.50
September 30 2019,Santa Fe,NM,Passenger,0,1,1,44,45,2.22
September 30 2020,Stafford,VA,Passenger,1,1,2,102,104,1.92
November 30 2020,Owyhee,ID,Passenger,1,0,1,3,4,25.00
September 30 2023,Harris,TX,Passenger,2,2,4,187,191,2.09
November 30 2024,Jefferson,NY,Passenger,3,0,3,164,167,1.80
July 31 2017,Jefferson,WA,Passenger,107,61,168,23884,24052,0.70
February 28 2021,Leavenworth,KS,Passenger,0,1,1,107,108,0.93
December 31 2017,Norfolk,MA,Passenger,1,0,1,42,43,2.33
September 30 2023,Mason,WA,Passenger,496,210,706,46048,46754,1.51
April 30 2021,Richland,SC,Passenger,0,1,1,144,145,0.69
December 31 2021,Pend Oreille,WA,Truck,0,0,0,5687,5687,0.00
January 31 2017,Stevens,WA,Passenger,6,21,27,31514,31541,0.09
June 30 2023,Columbia,GA,Passenger,1,1,2,82,84,2.38
July 31 2022,Ray,MO,Passenger,0,1,1,2,3,33.33
May 31 2021,Lincoln,WA,Passenger,5,13,18,7716,7734,0.23
August 31 2021,Lincoln,WA,Truck,0,0,0,4767,4767,0.00
August 31 2021,Ray,MO,Passenger,0,1,1,1,2,50.00
December 31 2021,Skagit,WA,Passenger,694,302,996,90961,91957,1.08
February 28 2022,Yellowstone,MT,Passenger,0,1,1,33,34,2.94
August 31 2024,Wahkiakum,WA,Truck,6,0,6,1774,1780,0.34
March 31 2019,Fresno,CA,Passenger,2,0,2,204,206,0.97
November 30 2022,Pierce,WA,Passenger,5974,2465,8439,537620,546059,1.55
January 31 2023,Thurston,WA,Truck,42,0,42,54379,54421,0.08
July 31 2024,Skamania,WA,Passenger,161,54,215,7912,8127,2.65
February 28 2019,Washtenaw,MI,Passenger,1,0,1,37,38,2.63
August 31 2024,El Paso,TX,Passenger,2,2,4,289,293,1.37
October 31 2022,Queens,NY,Passenger,1,0,1,46,47,2.13
July 31 2024,Virginia Beach,VA,Truck,1,0,1,114,115,0.87
March 31 2022,Clark,NV,Passenger,8,3,11,682,693,1.59
April 30 2017,Pend Oreille,WA,Truck,0,0,0,5585,5585,0.00
December 31 2022,Louisa,VA,Passenger,0,1,1,2,3,33.33
April 30 2021,Danville,VA,Passenger,1,0,1,0,1,100.00
June 30 2017,Hardin,KY,Passenger,0,1,1,120,121,0.83
September 30 2019,Sarasota,FL,Passenger,1,0,1,41,42,2.38
December 31 2024,Clark,WA,Passenger,9881,3397,13278,314857,328135,4.05
December 31 2021,Pierce,WA,Passenger,4225,2120,6345,554251,560596,1.13
March 31 2021,Santa Cruz,CA,Passenger,1,0,1,32,33,3.03
July 31 2019,Cumberland,NC,Passenger,1,2,3,508,511,0.59
April 30 2022,Solano,CA,Passenger,1,0,1,179,180,0.56
November 30 2024,Tarrant,TX,Passenger,2,0,2,88,90,2.22
May 31 2018,Charleston,SC,Passenger,1,0,1,123,124,0.81
September 30 2024,St. Mary's,MD,Passenger,4,0,4,185,189,2.12
April 30 2024,Bay,FL,Passenger,2,0,2,26,28,7.14
November 30 2021,Contra Costa,CA,Passenger,1,4,5,251,256,1.95
August 31 2021,New York,NY,Passenger,4,0,4,53,57,7.02
September 30 2020,Stevens,WA,Passenger,35,38,73,30378,30451,0.24
September 30 2024,Olmsted,MN,Passenger,1,0,1,3,4,25.00
January 31 2022,San Diego,CA,Passenger,17,6,23,2601,2624,0.88
June 30 2023,Lincoln,WA,Truck,0,0,0,4840,4840,0.00
July 31 2019,Washtenaw,MI,Passenger,1,0,1,41,42,2.38
November 30 2019,Snohomish,WA,Passenger,3938,1706,5644,535054,540698,1.04
October 31 2022,Currituck,NC,Passenger,1,0,1,23,24,4.17
April 30 2020,Bucks,PA,Passenger,1,0,1,26,27,3.70
June 30 2023,Ray,MO,Passenger,0,1,1,1,2,50.00
December 31 2018,Hardin,KY,Passenger,0,1,1,108,109,0.92
December 31 2020,Clackamas,OR,Passenger,3,0,3,204,207,1.45
May 31 2022,Hamilton,IN,Passenger,2,0,2,30,32,6.25
January 31 2021,Dallas,TX,Passenger,1,0,1,192,193,0.52
January 31 2020,Washoe,NV,Passenger,1,0,1,118,119,0.84
June 30 2022,Onslow,NC,Passenger,0,1,1,161,162,0.62
December 31 2020,Pacific,WA,Passenger,34,35,69,15701,15770,0.44
April 30 2022,San Joaquin,CA,Passenger,1,1,2,113,115,1.74
August 31 2020,Collin,TX,Passenger,2,1,3,142,145,2.07
May 31 2023,Monterey,CA,Passenger,1,3,4,141,145,2.76
September 30 2017,Pierce,WA,Passenger,1012,899,1911,524922,526833,0.36
June 30 2023,Norfolk,VA,Passenger,2,2,4,293,297,1.35
March 31 2019,Ventura,CA,Passenger,0,2,2,331,333,0.60
May 31 2021,Snohomish,WA,Truck,1,0,1,126264,126265,0.00
September 30 2023,San Benito,CA,Passenger,1,0,1,6,7,14.29
May 31 2024,Bexar,TX,Passenger,5,4,9,381,390,2.31
June 30 2019,Anne Arundel,MD,Passenger,1,1,2,435,437,0.46
November 30 2020,Goochland,VA,Passenger,4,2,6,286,292,2.05
April 30 2019,Duval,FL,Passenger,1,2,3,393,396,0.76
October 31 2023,Muscogee,GA,Passenger,1,2,3,119,122,2.46
July 31 2019,Hillsborough,FL,Passenger,0,1,1,213,214,0.47
July 31 2022,Mason,WA,Truck,4,0,4,20921,20925,0.02
May 31 2024,New York,NY,Passenger,4,0,4,37,41,9.76
August 31 2022,Grant,WA,Truck,1,0,1,27960,27961,0.00
November 30 2017,Virginia Beach,VA,Passenger,2,1,3,660,663,0.45
March 31 2022,Montgomery,PA,Passenger,2,0,2,27,29,6.90
August 31 2023,Whitman,WA,Truck,5,0,5,8646,8651,0.06
April 30 2022,Lewis,WA,Truck,0,0,0,26418,26418,0.00
December 31 2017,Arlington,VA,Passenger,1,2,3,184,187,1.60
March 31 2021,Spokane,WA,Passenger,952,584,1536,322208,323744,0.47
February 29 2024,Kittitas,WA,Passenger,487,124,611,29452,30063,2.03
April 30 2018,Marion,IN,Passenger,1,0,1,119,120,0.83
September 30 2022,Prince William,VA,Passenger,0,3,3,192,195,1.54
February 29 2024,Lewis,WA,Truck,14,0,14,25678,25692,0.05
July 31 2021,Pima,AZ,Passenger,2,1,3,330,333,0.90
July 31 2023,Arlington,VA,Passenger,5,0,5,128,133,3.76
March 31 2025,Hillsborough,FL,Passenger,2,2,4,77,81,4.94
November 30 2020,DuPage,IL,Passenger,4,1,5,60,65,7.69
January 31 2020,Newport,RI,Passenger,0,1,1,82,83,1.20
April 30 2024,Mohave,AZ,Passenger,1,0,1,46,47,2.13
February 29 2024,Pend Oreille,WA,Passenger,33,21,54,8728,8782,0.61
February 28 2023,Washington,MD,Passenger,2,0,2,15,17,11.76
June 30 2023,Botetourt,VA,Passenger,1,0,1,0,1,100.00
June 30 2023,Ada,ID,Passenger,3,0,3,167,170,1.76
November 30 2020,Garfield,WA,Truck,0,0,0,995,995,0.00
May 31 2020,Lake,FL,Passenger,1,0,1,26,27,3.70
September 30 2017,Honolulu,HI,Passenger,2,2,4,581,585,0.68
October 31 2018,Orange,CA,Passenger,6,1,7,583,590,1.19
April 30 2024,Milwaukee,WI,Passenger,1,0,1,42,43,2.33
August 31 2023,Horry,SC,Passenger,1,0,1,17,18,5.56
February 29 2020,Cowlitz,WA,Truck,0,0,0,28979,28979,0.00
March 31 2021,Dakota,MN,Passenger,0,1,1,28,29,3.45
April 30 2020,Chelan,WA,Passenger,224,81,305,54207,54512,0.56
July 31 2018,Douglas,WA,Truck,0,0,0,11968,11968,0.00
October 31 2020,Broward,FL,Passenger,1,1,2,113,115,1.74
January 31 2025,St. Louis,MO,Passenger,2,0,2,34,36,5.56
April 30 2024,New London,CT,Passenger,2,5,7,183,190,3.68
June 30 2024,Laramie,WY,Passenger,1,1,2,30,32,6.25
October 31 2024,Platte,MO,Passenger,0,1,1,11,12,8.33
November 30 2020,Okanogan,WA,Passenger,49,37,86,25962,26048,0.33
May 31 2023,Monroe,WI,Passenger,1,0,1,10,11,9.09
January 31 2025,New Haven,CT,Passenger,0,2,2,19,21,9.52
February 28 2023,Jefferson,WA,Passenger,509,244,753,24216,24969,3.02
March 31 2020,Montgomery,OH,Passenger,0,1,1,47,48,2.08
July 31 2022,Adams,CO,Passenger,1,0,1,49,50,2.00
February 28 2022,El Dorado,CA,Passenger,1,0,1,34,35,2.86
December 31 2020,Franklin,WA,Passenger,85,82,167,61322,61489,0.27
January 31 2021,Flathead,MT,Passenger,2,0,2,62,64,3.12
May 31 2022,Dorchester,SC,Passenger,1,0,1,73,74,1.35
September 30 2020,Polk,FL,Passenger,1,0,1,79,80,1.25
August 31 2020,Klickitat,WA,Truck,0,0,0,8096,8096,0.00
June 30 2023,Adams,CO,Passenger,1,0,1,34,35,2.86
February 28 2022,El Paso,CO,Passenger,2,5,7,693,700,1.00
August 31 2023,El Paso,CO,Passenger,6,7,13,561,574,2.26
October 31 2023,Montgomery,MD,Passenger,6,2,8,197,205,3.90
November 30 2017,Monterey,CA,Passenger,0,2,2,204,206,0.97
April 30 2023,Collier,FL,Passenger,1,0,1,19,20,5.00
August 31 2017,Twin Falls,ID,Passenger,0,1,1,24,25,4.00
October 31 2019,Camden,NJ,Passenger,0,1,1,20,21,4.76
July 31 2021,New London,CT,Passenger,2,2,4,216,220,1.82
August 31 2018,Klamath,OR,Passenger,1,0,1,40,41,2.44
August 31 2018,Sangamon,IL,Passenger,1,0,1,11,12,8.33
September 30 2024,Medina,TX,Passenger,1,0,1,5,6,16.67
July 31 2024,Charles,MD,Passenger,1,1,2,53,55,3.64
May 31 2024,Jefferson,IL,Passenger,1,0,1,1,2,50.00
May 31 2019,Lewis,WA,Passenger,97,95,192,59010,59202,0.32
April 30 2020,Alameda,CA,Passenger,3,1,4,297,301,1.33
July 31 2020,Frederick,MD,Passenger,1,1,2,67,69,2.90
July 31 2024,Pend Oreille,WA,Passenger,40,21,61,8646,8707,0.70
June 30 2023,Mason,WA,Truck,12,0,12,20674,20686,0.06
May 31 2023,King,WA,Passenger,55522,14194,69716,1319582,1389298,5.02
November 30 2024,Cochise,AZ,Passenger,1,0,1,60,61,1.64
April 30 2017,Yakima,WA,Passenger,38,54,92,159245,159337,0.06
January 31 2019,Snohomish,WA,Truck,1,0,1,121954,121955,0.00
September 30 2020,Fairfax,VA,Passenger,6,2,8,752,760,1.05
March 31 2025,Okanogan,WA,Truck,30,0,30,16242,16272,0.18
October 31 2023,Thurston,WA,Passenger,3589,1323,4912,188882,193794,2.53
October 31 2022,Davidson,TN,Passenger,1,0,1,58,59,1.69
February 29 2024,Kings,CA,Passenger,5,0,5,265,270,1.85
September 30 2021,Richmond,NY,Passenger,1,0,1,5,6,16.67
May 31 2025,Fresno,CA,Passenger,1,1,2,98,100,2.00
June 30 2024,New Haven,CT,Passenger,2,2,4,23,27,14.81
August 31 2024,Osceola,FL,Passenger,1,0,1,21,22,4.55
July 31 2021,Klickitat,WA,Truck,0,0,0,8295,8295,0.00
March 31 2021,El Dorado,CA,Passenger,1,0,1,38,39,2.56
April 30 2021,Lake,FL,Passenger,1,0,1,27,28,3.57
January 31 2024,El Paso,CO,Passenger,7,7,14,535,549,2.55
June 30 2024,Kent,MI,Passenger,1,0,1,18,19,5.26
January 31 2020,Penobscot,ME,Passenger,0,2,2,16,18,11.11
June 30 2024,Pulaski,MO,Passenger,3,0,3,97,100,3.00
September 30 2017,Montgomery,TX,Passenger,1,0,1,63,64,1.56
December 31 2022,Anne Arundel,MD,Truck,1,0,1,47,48,2.08
May 31 2021,Lewis,WA,Truck,0,0,0,26887,26887,0.00
April 30 2020,Clay,FL,Passenger,0,1,1,92,93,1.08
November 30 2023,Mason,WA,Truck,17,0,17,20464,20481,0.08
November 30 2024,Island,WA,Truck,79,0,79,20628,20707,0.38
November 30 2018,Arlington,VA,Passenger,1,1,2,176,178,1.12
July 31 2024,Kings,CA,Passenger,4,0,4,248,252,1.59
December 31 2020,Contra Costa,CA,Passenger,3,4,7,271,278,2.52
August 31 2019,Collier,FL,Passenger,1,0,1,26,27,3.70
August 31 2023,Garfield,WA,Truck,0,0,0,965,965,0.00
April 30 2023,Cowlitz,WA,Passenger,435,203,638,69874,70512,0.90
December 31 2023,Arapahoe,CO,Passenger,2,1,3,73,76,3.95
May 31 2019,Rogers,OK,Passenger,1,0,1,9,10,10.00
November 30 2021,Washington,WI,Passenger,1,0,1,2,3,33.33
February 28 2022,Boone,MO,Passenger,0,1,1,10,11,9.09
September 30 2018,Maui,HI,Passenger,1,0,1,57,58,1.72
May 31 2024,Platte,MO,Passenger,2,1,3,14,17,17.65
June 30 2017,Norfolk,VA,Passenger,1,1,2,312,314,0.64
April 30 2022,Snohomish,WA,Truck,4,0,4,124453,124457,0.00
May 31 2025,Walla Walla,WA,Passenger,417,213,630,34417,35047,1.80
July 31 2022,Ada,ID,Passenger,2,0,2,211,213,0.94
October 31 2017,Contra Costa,CA,Passenger,0,1,1,481,482,0.21
December 31 2022,Suffolk,MA,Passenger,3,1,4,31,35,11.43
January 31 2019,Montgomery,PA,Passenger,2,0,2,37,39,5.13
May 31 2024,Prince George,VA,Passenger,1,0,1,56,57,1.75
April 30 2025,Dakota,MN,Passenger,0,1,1,9,10,10.00
July 31 2018,Benton,WA,Truck,0,0,0,41076,41076,0.00
November 30 2024,Richmond,GA,Passenger,0,1,1,44,45,2.22
October 31 2024,Hillsborough,FL,Passenger,2,1,3,92,95,3.16
November 30 2022,Kern,CA,Passenger,2,1,3,224,227,1.32
July 31 2021,Mercer,NJ,Passenger,0,1,1,11,12,8.33
June 30 2017,Asotin,WA,Passenger,6,3,9,12420,12429,0.07
July 31 2023,Alameda,CA,Passenger,8,2,10,218,228,4.39
March 31 2017,Island,WA,Passenger,105,130,235,59552,59787,0.39
May 31 2023,San Diego,CA,Passenger,23,7,30,2406,2436,1.23
September 30 2020,Riverside,CA,Passenger,5,0,5,660,665,0.75
September 30 2022,Lincoln,WA,Passenger,10,16,26,7702,7728,0.34
January 31 2025,Camden,NJ,Passenger,1,0,1,9,10,10.00
February 28 2018,Cowlitz,WA,Passenger,54,70,124,70930,71054,0.17
August 31 2017,Walla Walla,WA,Truck,0,0,0,13183,13183,0.00
May 31 2020,Douglas,WA,Truck,0,0,0,12270,12270,0.00
December 31 2023,Pima,AZ,Passenger,2,0,2,211,213,0.94
January 31 2021,Saginaw,MI,Passenger,2,0,2,10,12,16.67
February 29 2024,Spotsylvania,VA,Passenger,1,1,2,26,28,7.14
April 30 2022,San Juan,WA,Passenger,493,157,650,14104,14754,4.41
February 28 2025,Greene,OH,Passenger,2,0,2,16,18,11.11
September 30 2017,Nassau,NY,Passenger,1,1,2,41,43,4.65
July 31 2023,Norfolk,MA,Passenger,1,0,1,25,26,3.85
May 31 2020,Kitsap,WA,Truck,0,0,0,53816,53816,0.00
January 31 2020,Hawaii,HI,Passenger,1,0,1,69,70,1.43
June 30 2019,Twin Falls,ID,Passenger,0,1,1,25,26,3.85
September 30 2023,Wahkiakum,WA,Truck,4,0,4,1765,1769,0.23
June 30 2018,Walla Walla,WA,Passenger,34,42,76,35646,35722,0.21
March 31 2019,Riverside,CA,Passenger,2,2,4,700,704,0.57
October 31 2020,Douglas,WA,Truck,0,0,0,12406,12406,0.00
November 30 2019,Guadalupe,TX,Passenger,1,0,1,69,70,1.43
April 30 2023,Sarpy,NE,Passenger,1,0,1,65,66,1.52
January 31 2023,San Mateo,CA,Passenger,3,1,4,100,104,3.85
July 31 2023,Denton,TX,Passenger,1,0,1,66,67,1.49
August 31 2021,Cowlitz,WA,Truck,0,1,1,29060,29061,0.00
November 30 2020,Anne Arundel,MD,Passenger,1,1,2,398,400,0.50
October 31 2021,Missoula,MT,Passenger,1,0,1,63,64,1.56
April 30 2025,Pulaski,MO,Passenger,2,0,2,81,83,2.41
March 31 2023,St. Johns,FL,Passenger,1,0,1,42,43,2.33
October 31 2021,Lincoln,WA,Passenger,7,16,23,7688,7711,0.30
October 31 2022,Jefferson,WA,Truck,5,0,5,9377,9382,0.05
August 31 2019,Island,WA,Passenger,334,245,579,63332,63911,0.91
March 31 2017,Walla Walla,WA,Truck,0,0,0,13178,13178,0.00
November 30 2019,Spokane,WA,Passenger,631,469,1100,314387,315487,0.35
December 31 2023,Bay,FL,Passenger,1,0,1,29,30,3.33
September 30 2021,Nueces,TX,Passenger,1,0,1,77,78,1.28
December 31 2019,Hennepin,MN,Passenger,3,1,4,119,123,3.25
December 31 2021,Portsmouth,VA,Passenger,0,1,1,79,80,1.25
July 31 2020,Deschutes,OR,Passenger,3,0,3,153,156,1.92
February 28 2018,Hawaii,HI,Passenger,1,0,1,88,89,1.12
July 31 2020,Maui,HI,Passenger,2,0,2,35,37,5.41
September 30 2017,Tulare,CA,Passenger,1,0,1,197,198,0.51
June 30 2019,Guadalupe,TX,Passenger,1,0,1,75,76,1.32
October 31 2023,San Diego,CA,Passenger,21,8,29,2287,2316,1.25
February 28 2018,Island,WA,Passenger,165,172,337,61799,62136,0.54
January 31 2018,El Paso,CO,Passenger,2,1,3,780,783,0.38
September 30 2020,Wise,TX,Passenger,1,0,1,10,11,9.09
January 31 2023,Pima,AZ,Passenger,2,0,2,263,265,0.75
February 29 2024,Pacific,WA,Passenger,100,100,200,15519,15719,1.27
March 31 2024,Tooele,UT,Passenger,2,0,2,11,13,15.38
January 31 2018,Snohomish,WA,Passenger,2072,1091,3163,517858,521021,0.61
December 31 2018,Guadalupe,TX,Passenger,1,0,1,79,80,1.25
May 31 2017,Essex,NJ,Passenger,1,0,1,18,19,5.26
September 30 2018,Manassas,VA,Passenger,0,1,1,9,10,10.00
July 31 2023,Sussex,NJ,Passenger,1,0,1,2,3,33.33
September 30 2018,Caddo,LA,Passenger,0,1,1,25,26,3.85
January 31 2023,Bartow,GA,Passenger,0,1,1,4,5,20.00
May 31 2019,San Juan,PR,Passenger,0,1,1,4,5,20.00
September 30 2022,Pend Oreille,WA,Passenger,18,12,30,8986,9016,0.33
June 30 2020,Okanogan,WA,Passenger,36,33,69,25826,25895,0.27
May 31 2022,Hawaii,HI,Passenger,1,0,1,49,50,2.00
November 30 2021,Allegheny,PA,Passenger,2,1,3,78,81,3.70
January 31 2020,Jefferson,WA,Truck,0,0,0,9658,9658,0.00
February 28 2021,Adams,WA,Passenger,10,6,16,12961,12977,0.12
December 31 2021,San Francisco,CA,Passenger,2,2,4,107,111,3.60
July 31 2023,Essex,MA,Passenger,1,0,1,14,15,6.67
March 31 2021,Yakima,WA,Truck,0,0,0,61353,61353,0.00
July 31 2023,Wahkiakum,WA,Passenger,26,17,43,3016,3059,1.41
May 31 2024,Macomb,MI,Passenger,1,0,1,22,23,4.35
January 31 2021,Harris,TX,Passenger,1,1,2,271,273,0.73
October 31 2022,Hawaii,HI,Passenger,1,0,1,44,45,2.22
September 30 2024,Hamilton,IN,Passenger,1,0,1,22,23,4.35
February 28 2023,Loudoun,VA,Passenger,3,1,4,67,71,5.63
April 30 2025,Shelby,TN,Passenger,1,1,2,49,51,3.92
September 30 2024,Newport,RI,Passenger,0,2,2,46,48,4.17
January 31 2021,Portsmouth,VA,Passenger,0,1,1,77,78,1.28
October 31 2021,Lee,FL,Passenger,1,0,1,50,51,1.96
May 31 2018,Fairfax,VA,Passenger,3,1,4,837,841,0.48
January 31 2025,Rockingham,NH,Passenger,2,0,2,15,17,11.76
July 31 2024,Duval,FL,Passenger,2,1,3,227,230,1.30
June 30 2022,Okaloosa,FL,Passenger,0,2,2,114,116,1.72
July 31 2021,Middlesex,MA,Passenger,1,0,1,104,105,0.95
December 31 2019,Douglas,NE,Passenger,0,1,1,63,64,1.56
January 31 2020,Island,WA,Passenger,391,258,649,63428,64077,1.01
January 31 2023,San Luis Obispo,CA,Passenger,1,1,2,66,68,2.94
March 31 2024,Multnomah,OR,Passenger,6,1,7,495,502,1.39
December 31 2019,Lewis,WA,Truck,0,0,0,26083,26083,0.00
March 31 2019,DeKalb,GA,Passenger,1,0,1,86,87,1.15
March 31 2023,Walla Walla,WA,Truck,5,0,5,13774,13779,0.04
March 31 2023,Honolulu,HI,Passenger,4,3,7,379,386,1.81
June 30 2024,Dakota,MN,Passenger,0,1,1,11,12,8.33
January 31 2019,Salt Lake,UT,Passenger,1,0,1,232,233,0.43
June 30 2019,Lake,CA,Passenger,0,1,1,11,12,8.33
November 30 2017,Whatcom,WA,Truck,1,0,1,41914,41915,0.00
February 28 2019,Bexar,TX,Passenger,2,4,6,712,718,0.84
July 31 2023,Pinal,AZ,Passenger,1,1,2,117,119,1.68
January 31 2023,Charleston,SC,Passenger,1,2,3,67,70,4.29
October 31 2024,Macomb,MI,Passenger,4,0,4,18,22,18.18
March 31 2020,Stafford,VA,Passenger,1,1,2,100,102,1.96
July 31 2024,King,WA,Truck,1529,2,1531,170227,171758,0.89
July 31 2024,Kauai,HI,Passenger,0,1,1,19,20,5.00
March 31 2017,Benton,WA,Truck,0,0,0,39841,39841,0.00
June 30 2022,Ventura,CA,Passenger,1,2,3,276,279,1.08
April 30 2022,Klickitat,WA,Passenger,99,56,155,15209,15364,1.01
April 30 2022,Douglas,NE,Passenger,1,2,3,52,55,5.45
August 31 2017,Wahkiakum,WA,Truck,0,0,0,1655,1655,0.00
February 28 2018,Skamania,WA,Truck,0,0,0,3922,3922,0.00
August 31 2022,Prince William,VA,Passenger,0,3,3,191,194,1.55
October 31 2023,Bell,TX,Passenger,2,0,2,284,286,0.70
May 31 2021,San Juan,WA,Passenger,423,132,555,14197,14752,3.76
August 31 2021,Fulton,GA,Passenger,0,1,1,91,92,1.09
February 28 2025,Harnett,NC,Passenger,4,1,5,121,126,3.97
January 31 2019,Spokane,WA,Truck,1,0,1,93897,93898,0.00
November 30 2020,Honolulu,HI,Passenger,5,3,8,493,501,1.60
January 31 2020,Benton,WA,Truck,0,0,0,42530,42530,0.00
October 31 2024,Washtenaw,MI,Passenger,0,2,2,21,23,8.70
January 31 2022,,,Passenger,5,3,8,352,360,2.22
November 30 2019,Owyhee,ID,Passenger,1,0,1,3,4,25.00
October 31 2023,Pulaski,AR,Passenger,1,0,1,29,30,3.33
March 31 2024,Nassau,NY,Passenger,2,0,2,24,26,7.69
April 30 2022,Los Angeles,CA,Passenger,7,7,14,927,941,1.49
March 31 2025,Garfield,WA,Passenger,0,3,3,1278,1281,0.23
November 30 2022,Island,WA,Passenger,915,390,1305,60908,62213,2.10
December 31 2019,Salt Lake,UT,Passenger,1,0,1,217,218,0.46
August 31 2017,Okanogan,WA,Passenger,4,18,22,25659,25681,0.09
July 31 2020,Clallam,WA,Truck,1,0,1,21692,21693,0.00
March 31 2023,Fairfax,VA,Truck,1,0,1,96,97,1.03
October 31 2021,Douglas,NE,Passenger,1,1,2,57,59,3.39
June 30 2020,Cameron,TX,Passenger,1,0,1,24,25,4.00
April 30 2023,Mason,WA,Passenger,416,201,617,46238,46855,1.32
September 30 2022,Douglas,NE,Passenger,2,3,5,45,50,10.00
January 31 2024,Douglas,CO,Passenger,1,2,3,61,64,4.69
March 31 2025,,,Passenger,2,2,4,240,244,1.64
December 31 2024,Ferry,WA,Passenger,30,4,34,4187,4221,0.81
May 31 2019,Franklin,MA,Passenger,0,1,1,2,3,33.33
June 30 2023,Douglas,CO,Passenger,1,1,2,71,73,2.74
June 30 2022,Asotin,WA,Truck,0,0,0,6703,6703,0.00
April 30 2022,Cook,IL,Passenger,3,0,3,247,250,1.20
April 30 2017,Eagle,CO,Passenger,1,0,1,8,9,11.11
June 30 2022,Collier,FL,Passenger,1,0,1,19,20,5.00
June 30 2022,Mercer,NJ,Passenger,0,1,1,13,14,7.14
May 31 2021,Klickitat,WA,Passenger,66,48,114,15220,15334,0.74
November 30 2024,Otero,NM,Passenger,0,1,1,16,17,5.88
January 31 2019,Douglas,NE,Passenger,0,1,1,70,71,1.41
January 31 2024,El Dorado,CA,Passenger,2,0,2,24,26,7.69
April 30 2022,Spokane,WA,Truck,0,0,0,102200,102200,0.00
August 31 2022,King,WA,Truck,204,2,206,179700,179906,0.11
March 31 2020,Pima,AZ,Passenger,3,1,4,405,409,0.98
May 31 2021,Carson City,NV,Passenger,1,0,1,13,14,7.14
February 29 2020,Albemarle,VA,Passenger,1,0,1,29,30,3.33
March 31 2021,Lewis,WA,Passenger,130,136,266,59245,59511,0.45
July 31 2017,Walla Walla,WA,Passenger,27,26,53,34874,34927,0.15
April 30 2021,Douglas,WA,Truck,0,0,0,12619,12619,0.00
December 31 2019,Cumberland,NC,Passenger,1,2,3,491,494,0.61
August 31 2022,St. Lawrence,NY,Passenger,1,0,1,5,6,16.67
December 31 2023,San Luis Obispo,CA,Passenger,1,1,2,50,52,3.85
March 31 2020,Adams,WA,Passenger,7,7,14,12876,12890,0.11
November 30 2020,Richland,SC,Passenger,0,1,1,142,143,0.70
March 31 2025,Cochise,AZ,Passenger,1,0,1,55,56,1.79
August 31 2021,Botetourt,VA,Passenger,1,0,1,0,1,100.00
May 31 2017,Morris,NJ,Passenger,1,0,1,23,24,4.17
February 29 2020,,,Passenger,7,2,9,433,442,2.04
February 28 2025,Atlantic,NJ,Passenger,1,0,1,4,5,20.00
May 31 2018,Clark,WA,Passenger,963,696,1659,307026,308685,0.54
March 31 2022,King,WA,Truck,25,1,26,181755,181781,0.01
August 31 2018,Cook,IL,Passenger,1,0,1,264,265,0.38
June 30 2018,Alameda,CA,Passenger,0,1,1,360,361,0.28
September 30 2019,San Juan,WA,Truck,0,0,0,5910,5910,0.00
September 30 2020,District of Columbia,DC,Passenger,1,1,2,186,188,1.06
April 30 2023,Collin,TX,Passenger,6,0,6,82,88,6.82
August 31 2020,Saginaw,MI,Passenger,1,0,1,10,11,9.09
November 30 2024,Madison,IL,Passenger,1,0,1,9,10,10.00
June 30 2019,Chelan,WA,Truck,0,0,0,22271,22271,0.00
October 31 2019,Snohomish,WA,Passenger,3892,1683,5575,534777,540352,1.03
November 30 2021,Prince George's,MD,Passenger,2,1,3,160,163,1.84
June 30 2022,Franklin,WA,Truck,0,0,0,20871,20871,0.00
April 30 2019,Wise,TX,Passenger,1,0,1,4,5,20.00
April 30 2022,Harford,MD,Passenger,1,1,2,56,58,3.45
July 31 2023,Marion,OR,Passenger,1,0,1,94,95,1.05
December 31 2020,Thurston,WA,Passenger,1321,778,2099,196938,199037,1.05
December 31 2024,Whitman,WA,Passenger,276,138,414,21841,22255,1.86
July 31 2019,Spokane,WA,Truck,1,0,1,95182,95183,0.00
February 28 2021,Philadelphia,PA,Passenger,1,0,1,68,69,1.45
January 31 2025,Kitsap,WA,Truck,239,0,239,51459,51698,0.46
May 31 2017,Cowlitz,WA,Truck,0,0,0,27868,27868,0.00
December 31 2021,Hamilton,IN,Passenger,3,0,3,32,35,8.57
May 31 2025,Sarasota,FL,Passenger,1,0,1,15,16,6.25
December 31 2018,DuPage,IL,Passenger,1,0,1,62,63,1.59
May 31 2023,Jefferson,IL,Passenger,1,0,1,1,2,50.00
July 31 2017,Dale,AL,Passenger,0,1,1,63,64,1.56
October 31 2018,Travis,TX,Passenger,1,0,1,212,213,0.47
May 31 2023,Virginia Beach,VA,Passenger,5,1,6,515,521,1.15
February 29 2024,Santa Cruz,AZ,Passenger,1,0,1,4,5,20.00
April 30 2019,Travis,TX,Passenger,4,1,5,215,220,2.27
March 31 2023,Stevens,WA,Truck,2,0,2,18693,18695,0.01
February 28 2021,Pima,AZ,Passenger,2,1,3,363,366,0.82
March 31 2023,San Francisco,CA,Passenger,3,0,3,87,90,3.33
July 31 2023,Yolo,CA,Passenger,2,0,2,27,29,6.90
September 30 2017,Yakima,WA,Passenger,57,69,126,160573,160699,0.08
October 31 2019,Santa Cruz,CA,Passenger,1,0,1,38,39,2.56
July 31 2023,Charles,MD,Passenger,1,1,2,56,58,3.45
February 28 2019,Okanogan,WA,Truck,0,0,0,16463,16463,0.00
July 31 2024,Liberty,GA,Passenger,0,1,1,98,99,1.01
January 31 2025,Sacramento,CA,Truck,1,0,1,28,29,3.45
July 31 2019,Cook,IL,Passenger,1,0,1,263,264,0.38
March 31 2024,Orange,NC,Passenger,1,0,1,6,7,14.29
May 31 2020,Garfield,WA,Truck,0,0,0,965,965,0.00
April 30 2025,Anchorage,AK,Passenger,1,0,1,77,78,1.28
December 31 2023,DeKalb,GA,Passenger,2,0,2,41,43,4.65
March 31 2021,Douglas,CO,Passenger,1,1,2,84,86,2.33
January 31 2018,St. Clair,IL,Passenger,0,1,1,168,169,0.59
November 30 2024,King,WA,Passenger,88818,20882,109700,1301736,1411436,7.77
November 30 2024,Tom Green,TX,Passenger,0,1,1,19,20,5.00
August 31 2022,Leavenworth,KS,Passenger,1,2,3,87,90,3.33
November 30 2024,Kane,IL,Passenger,1,0,1,8,9,11.11
October 31 2024,Hunt,TX,Passenger,1,0,1,4,5,20.00
October 31 2017,San Diego,CA,Passenger,4,2,6,2618,2624,0.23
December 31 2018,Lewis,WA,Passenger,93,79,172,58315,58487,0.29
March 31 2024,Currituck,NC,Passenger,1,0,1,22,23,4.35
June 30 2019,Okanogan,WA,Passenger,22,25,47,26065,26112,0.18
May 31 2023,Hudson,NJ,Passenger,2,0,2,29,31,6.45
July 31 2021,Yamhill,OR,Passenger,1,0,1,43,44,2.27
October 31 2023,Plaquemines,LA,Passenger,1,1,2,17,19,10.53
January 31 2021,Pend Oreille,WA,Truck,0,0,0,5714,5714,0.00
April 30 2021,DuPage,IL,Passenger,4,1,5,61,66,7.58
March 31 2025,Maui,HI,Passenger,2,0,2,13,15,13.33
July 31 2018,Okanogan,WA,Passenger,9,20,29,26008,26037,0.11
May 31 2022,Orange,NC,Passenger,1,0,1,10,11,9.09
August 31 2024,Atlantic,NJ,Passenger,1,0,1,5,6,16.67
April 30 2024,Columbia,WA,Truck,0,0,0,1558,1558,0.00
May 31 2019,Asotin,WA,Passenger,12,8,20,12667,12687,0.16
August 31 2019,Kern,CA,Passenger,0,1,1,222,223,0.45
May 31 2018,Travis,TX,Passenger,1,0,1,207,208,0.48
April 30 2024,Grays Harbor,WA,Truck,21,0,21,20762,20783,0.10
June 30 2024,Lewis,WA,Passenger,469,390,859,59486,60345,1.42
February 28 2017,Franklin,WA,Passenger,26,42,68,55196,55264,0.12
August 31 2020,Valencia,NM,Passenger,1,0,1,10,11,9.09
December 31 2018,St. Clair,IL,Passenger,0,1,1,173,174,0.57
December 31 2023,Stevens,WA,Passenger,138,74,212,29434,29646,0.72
January 31 2019,Lewis,WA,Truck,0,0,0,25655,25655,0.00
November 30 2024,Kootenai,ID,Passenger,3,3,6,82,88,6.82
September 30 2024,Garfield,OK,Passenger,1,0,1,17,18,5.56
August 31 2023,Adams,WA,Truck,3,0,3,5364,5367,0.06
May 31 2025,Arlington,VA,Passenger,3,0,3,101,104,2.88
January 31 2018,Spokane,WA,Passenger,300,254,554,300659,301213,0.18
August 31 2022,Pinal,AZ,Passenger,0,1,1,152,153,0.65
February 28 2022,Douglas,CO,Passenger,1,1,2,95,97,2.06
March 31 2023,Chelan,WA,Truck,23,0,23,23133,23156,0.10
October 31 2018,Wise,TX,Passenger,1,0,1,5,6,16.67
January 31 2023,DeKalb,GA,Passenger,1,0,1,55,56,1.79
December 31 2024,Sacramento,CA,Passenger,1,0,1,145,146,0.68
September 30 2018,Douglas,WA,Passenger,48,33,81,27839,27920,0.29
August 31 2023,Gwinnett,GA,Passenger,1,0,1,58,59,1.69
March 31 2023,Williamson,TX,Passenger,0,1,1,100,101,0.99
February 28 2025,Multnomah,OR,Passenger,7,1,8,395,403,1.99
December 31 2024,Duval,FL,Passenger,2,1,3,212,215,1.40
October 31 2022,Anne Arundel,MD,Passenger,2,3,5,335,340,1.47
June 30 2018,Lincoln,WA,Passenger,2,7,9,7679,7688,0.12
May 31 2018,Norfolk,MA,Passenger,1,0,1,41,42,2.38
November 30 2018,Skamania,WA,Passenger,18,14,32,8724,8756,0.37
October 31 2018,San Juan,WA,Truck,0,0,0,5782,5782,0.00
August 31 2019,Jefferson,WA,Truck,0,0,0,9671,9671,0.00
December 31 2022,Shasta,CA,Passenger,1,0,1,31,32,3.12
November 30 2024,New York,NY,Passenger,4,0,4,28,32,12.50
July 31 2023,St. Lawrence,NY,Passenger,1,1,2,5,7,28.57
May 31 2018,Wise,TX,Passenger,1,0,1,5,6,16.67
May 31 2024,Marin,CA,Passenger,3,2,5,36,41,12.20
April 30 2019,Clark,WA,Passenger,1414,897,2311,312399,314710,0.73
August 31 2021,Spartanburg,SC,Passenger,0,1,1,51,52,1.92
April 30 2019,Marion,OR,Passenger,1,0,1,127,128,0.78
January 31 2020,Honolulu,HI,Passenger,4,2,6,522,528,1.14
October 31 2022,Harnett,NC,Passenger,3,0,3,178,181,1.66
November 30 2019,El Paso,CO,Passenger,3,2,5,764,769,0.65
April 30 2021,Clark,WA,Truck,0,0,0,84106,84106,0.00
July 31 2017,Ferry,WA,Passenger,1,1,2,4401,4403,0.05
April 30 2023,Anne Arundel,MD,Passenger,2,2,4,330,334,1.20
April 30 2024,Baltimore,MD,Passenger,1,0,1,73,74,1.35
April 30 2025,Manassas,VA,Passenger,1,0,1,6,7,14.29
February 29 2024,Jefferson,WA,Passenger,681,282,963,24027,24990,3.85
August 31 2020,Walla Walla,WA,Passenger,81,64,145,35851,35996,0.40
June 30 2021,Suffolk,MA,Passenger,1,2,3,37,40,7.50
August 31 2019,Anne Arundel,MD,Passenger,1,1,2,431,433,0.46
January 31 2018,Nassau,NY,Passenger,1,0,1,39,40,2.50
October 31 2019,Whitman,WA,Truck,0,0,0,8592,8592,0.00
January 31 2025,Jefferson,NY,Passenger,3,0,3,157,160,1.88
June 30 2022,Williams,ND,Passenger,0,1,1,8,9,11.11
February 29 2024,Hardin,KY,Truck,1,0,1,20,21,4.76
November 30 2019,Multnomah,OR,Passenger,4,6,10,792,802,1.25
January 31 2020,Placer,CA,Passenger,1,0,1,107,108,0.93
August 31 2021,Asotin,WA,Passenger,21,17,38,12700,12738,0.30
September 30 2019,Pinal,AZ,Passenger,2,0,2,216,218,0.92
July 31 2021,Milwaukee,WI,Passenger,1,0,1,52,53,1.89
May 31 2025,Pend Oreille,WA,Truck,6,0,6,5360,5366,0.11
January 31 2021,Philadelphia,PA,Passenger,1,0,1,68,69,1.45
October 31 2019,Adams,WA,Truck,0,0,0,5147,5147,0.00
May 31 2021,Jefferson,WA,Passenger,322,182,504,24849,25353,1.99
November 30 2020,Douglas,CO,Passenger,1,1,2,88,90,2.22
October 31 2022,Will,IL,Passenger,0,1,1,19,20,5.00
January 31 2023,Chesterfield,VA,Passenger,1,0,1,45,46,2.17
August 31 2020,Walla Walla,WA,Truck,0,0,0,13740,13740,0.00
October 31 2021,Allegheny,PA,Passenger,2,1,3,78,81,3.70
April 30 2023,Kern,CA,Passenger,2,1,3,215,218,1.38
December 31 2023,Chesterfield,VA,Passenger,1,0,1,41,42,2.38
July 31 2022,Allen,IN,Passenger,1,0,1,18,19,5.26
January 31 2019,Arlington,VA,Passenger,1,2,3,169,172,1.74
November 30 2020,Rockingham,NH,Passenger,1,0,1,28,29,3.45
September 30 2018,Los Angeles,CA,Passenger,6,6,12,1170,1182,1.02
September 30 2022,Allegheny,PA,Passenger,2,1,3,71,74,4.05
October 31 2022,Alexandria,VA,Passenger,4,0,4,116,120,3.33
December 31 2021,Sarasota,FL,Passenger,2,0,2,47,49,4.08
July 31 2023,St. Louis,MN,Passenger,0,1,1,7,8,12.50
October 31 2017,Los Angeles,CA,Passenger,4,3,7,1265,1272,0.55
October 31 2018,Prince William,VA,Passenger,0,5,5,250,255,1.96
May 31 2023,San Joaquin,CA,Passenger,0,1,1,97,98,1.02
June 30 2022,Dorchester,SC,Passenger,1,0,1,71,72,1.39
May 31 2023,Coryell,TX,Passenger,1,0,1,83,84,1.19
April 30 2023,Arapahoe,CO,Passenger,1,1,2,98,100,2.00
July 31 2021,Williams,ND,Passenger,0,1,1,8,9,11.11
May 31 2020,Wahkiakum,WA,Truck,0,0,0,1756,1756,0.00
July 31 2020,Henrico,VA,Passenger,0,1,1,21,22,4.55
March 31 2025,Newport,RI,Truck,1,0,1,9,10,10.00
September 30 2020,Skamania,WA,Passenger,32,21,53,8363,8416,0.63
April 30 2018,Frederick,MD,Passenger,0,1,1,85,86,1.16
January 31 2024,Saratoga,NY,Passenger,1,1,2,45,47,4.26
May 31 2018,Riverside,CA,Passenger,2,2,4,741,745,0.54
September 30 2017,Santa Fe,NM,Passenger,0,1,1,44,45,2.22
February 28 2021,Eagle,CO,Passenger,1,0,1,7,8,12.50
September 30 2024,Escambia,FL,Passenger,1,1,2,115,117,1.71
October 31 2023,King,WA,Passenger,66282,16157,82439,1316548,1398987,5.89
February 28 2017,Chelan,WA,Passenger,55,29,84,51757,51841,0.16
March 31 2023,Greene,OH,Passenger,1,0,1,29,30,3.33
April 30 2022,Montgomery,MD,Passenger,3,2,5,218,223,2.24
April 30 2021,Orange,NC,Passenger,1,0,1,12,13,7.69
April 30 2023,Sacramento,CA,Passenger,3,1,4,219,223,1.79
August 31 2022,Whatcom,WA,Passenger,1916,762,2678,148508,151186,1.77
June 30 2017,Stevens,WA,Truck,0,0,0,18255,18255,0.00
December 31 2018,Anne Arundel,MD,Passenger,0,1,1,449,450,0.22
June 30 2023,Garfield,WA,Passenger,1,3,4,1294,1298,0.31
July 31 2024,Plaquemines,LA,Passenger,1,1,2,17,19,10.53
October 31 2024,Newport News,VA,Passenger,1,0,1,91,92,1.09
July 31 2023,Washington,WI,Passenger,1,0,1,1,2,50.00
February 28 2018,Moore,NC,Passenger,0,1,1,198,199,0.50
February 29 2024,Clark,NV,Passenger,11,4,15,512,527,2.85
April 30 2020,Sumter,FL,Passenger,0,1,1,9,10,10.00
July 31 2020,Tarrant,TX,Passenger,1,0,1,191,192,0.52
December 31 2020,Bexar,TX,Passenger,2,5,7,618,625,1.12
April 30 2017,Northampton,PA,Passenger,2,0,2,189,191,1.05
March 31 2022,Franklin,OH,Passenger,1,0,1,69,70,1.43
August 31 2022,Douglas,NE,Passenger,1,2,3,44,47,6.38
May 31 2022,Richland,SC,Passenger,0,1,1,143,144,0.69
January 31 2023,Kittitas,WA,Truck,5,0,5,14543,14548,0.03
December 31 2023,Orange,FL,Passenger,5,0,5,76,81,6.17
September 30 2018,Grays Harbor,WA,Passenger,55,65,120,47151,47271,0.25
July 31 2022,El Paso,CO,Passenger,4,7,11,657,668,1.65
December 31 2018,Montgomery,AL,Passenger,1,1,2,46,48,4.17
February 29 2020,Yakima,WA,Truck,0,0,0,59597,59597,0.00
February 28 2022,Saratoga,NY,Passenger,1,0,1,46,47,2.13
October 31 2018,Yakima,WA,Passenger,71,96,167,164370,164537,0.10
March 31 2018,Shelby,TN,Passenger,0,1,1,107,108,0.93
August 31 2024,New Haven,CT,Passenger,1,2,3,22,25,12.00
September 30 2020,Pend Oreille,WA,Passenger,8,4,12,9177,9189,0.13
March 31 2021,Clinton,PA,Passenger,1,0,1,0,1,100.00
August 31 2024,Palm Beach,FL,Passenger,2,0,2,44,46,4.35
July 31 2020,Carroll,NH,Passenger,0,1,1,3,4,25.00
May 31 2021,Boulder,CO,Passenger,1,1,2,54,56,3.57
April 30 2022,Hillsborough,FL,Passenger,0,2,2,150,152,1.32
February 29 2024,Pueblo,CO,Passenger,1,0,1,19,20,5.00
November 30 2019,Montgomery,AL,Passenger,1,1,2,38,40,5.00
November 30 2017,Kent,MI,Passenger,0,1,1,36,37,2.70
May 31 2025,Yakima,WA,Passenger,1150,454,1604,163285,164889,0.97
June 30 2018,Norfolk,MA,Passenger,1,0,1,42,43,2.33
September 30 2024,Pinellas,FL,Passenger,1,0,1,50,51,1.96
July 31 2021,Walla Walla,WA,Truck,0,0,0,14042,14042,0.00
July 31 2019,Cochise,AZ,Passenger,0,1,1,117,118,0.85
April 30 2020,Whitman,WA,Passenger,44,48,92,22284,22376,0.41
February 29 2020,Santa Clara,CA,Passenger,11,2,13,370,383,3.39
December 31 2023,San Juan,WA,Truck,24,0,24,5900,5924,0.41
February 28 2023,Baltimore,MD,Passenger,1,0,1,78,79,1.27
July 31 2022,Garfield,WA,Passenger,1,3,4,1316,1320,0.30
January 31 2021,Montgomery,OH,Passenger,0,1,1,55,56,1.79
May 31 2025,Moore,NC,Passenger,2,0,2,84,86,2.33
May 31 2025,Douglas,NE,Passenger,1,2,3,11,14,21.43
April 30 2022,Prince William,VA,Passenger,0,4,4,204,208,1.92
January 31 2023,Chelan,WA,Passenger,555,147,702,54229,54931,1.28
March 31 2023,Montgomery,TX,Passenger,1,0,1,35,36,2.78
April 30 2025,Snohomish,WA,Passenger,24494,4869,29363,517239,546602,5.37
December 31 2019,Klickitat,WA,Passenger,45,38,83,15666,15749,0.53
January 31 2023,Alameda,CA,Passenger,9,1,10,232,242,4.13
November 30 2021,Botetourt,VA,Passenger,1,0,1,0,1,100.00
September 30 2021,Kings,NY,Passenger,2,0,2,76,78,2.56
August 31 2022,San Mateo,CA,Passenger,3,1,4,106,110,3.64
August 31 2024,Laramie,WY,Passenger,1,1,2,27,29,6.90
September 30 2024,Madison,AL,Passenger,1,0,1,33,34,2.94
February 28 2021,Island,WA,Passenger,546,295,841,62610,63451,1.33
January 31 2020,Moore,NC,Passenger,0,1,1,171,172,0.58
December 31 2019,Arlington,VA,Passenger,0,2,2,160,162,1.23
June 30 2024,King,WA,Passenger,78941,19208,98149,1306048,1404197,6.99
February 28 2022,Mason,WA,Truck,0,0,0,21132,21132,0.00
November 30 2021,King,WA,Truck,6,1,7,183094,183101,0.00
July 31 2023,San Mateo,CA,Passenger,6,1,7,96,103,6.80
February 28 2017,Allegheny,PA,Passenger,1,0,1,93,94,1.06
June 30 2017,Island,WA,Truck,0,0,0,20488,20488,0.00
September 30 2022,Fairbanks North Star,AK,Passenger,0,1,1,77,78,1.28
November 30 2022,Pima,AZ,Passenger,1,0,1,269,270,0.37
November 30 2017,Kitsap,WA,Truck,1,0,1,52633,52634,0.00
March 31 2019,Clay,FL,Passenger,0,1,1,89,90,1.11
September 30 2021,Ulster,NY,Passenger,1,0,1,15,16,6.25
February 29 2024,Monterey,CA,Truck,1,0,1,32,33,3.03
April 30 2019,DeKalb,GA,Passenger,1,0,1,86,87,1.15
July 31 2021,Thurston,WA,Truck,0,0,0,56358,56358,0.00
August 31 2019,Penobscot,ME,Passenger,0,1,1,15,16,6.25
June 30 2022,Mohave,AZ,Passenger,1,0,1,62,63,1.59
April 30 2022,Boulder,CO,Passenger,2,0,2,47,49,4.08
September 30 2022,Maricopa,AZ,Passenger,19,3,22,1184,1206,1.82
September 30 2018,Pierce,WA,Truck,0,0,0,138365,138365,0.00
August 31 2023,Jefferson,WA,Truck,11,0,11,9323,9334,0.12
August 31 2022,Lewis,WA,Truck,0,0,0,26294,26294,0.00
January 31 2023,Kern,CA,Passenger,2,1,3,225,228,1.32
August 31 2017,Norfolk,VA,Passenger,1,1,2,309,311,0.64
May 31 2022,Anne Arundel,MD,Passenger,2,3,5,369,374,1.34
April 30 2017,Klickitat,WA,Truck,0,0,0,7944,7944,0.00
June 30 2022,Medina,TX,Passenger,1,0,1,9,10,10.00
July 31 2017,Norfolk,MA,Passenger,1,0,1,40,41,2.44
September 30 2022,Clark,WA,Passenger,4473,1885,6358,314669,321027,1.98
September 30 2017,El Paso,CO,Passenger,2,1,3,792,795,0.38
February 28 2021,Montgomery,TX,Passenger,2,0,2,58,60,3.33
May 31 2024,Dakota,MN,Passenger,0,1,1,11,12,8.33
August 31 2019,Okanogan,WA,Passenger,25,26,51,26175,26226,0.19
June 30 2019,Collier,FL,Passenger,1,0,1,26,27,3.70
March 31 2018,Montgomery,PA,Passenger,1,0,1,36,37,2.70
August 31 2024,Clatsop,OR,Passenger,1,0,1,34,35,2.86
September 30 2021,Calvert,MD,Passenger,0,3,3,95,98,3.06
December 31 2022,Will,IL,Passenger,0,1,1,17,18,5.56
April 30 2023,Sacramento,CA,Truck,1,0,1,35,36,2.78
September 30 2018,Carson City,NV,Passenger,1,0,1,15,16,6.25
November 30 2022,Orange,NC,Passenger,1,0,1,7,8,12.50
January 31 2019,Maricopa,AZ,Passenger,5,3,8,1712,1720,0.47
May 31 2019,Cascade,MT,Passenger,0,1,1,68,69,1.45
June 30 2018,Klamath,OR,Passenger,1,0,1,39,40,2.50
April 30 2024,Whitman,WA,Passenger,224,126,350,21843,22193,1.58
January 31 2018,Anne Arundel,MD,Passenger,0,1,1,472,473,0.21
April 30 2023,Kittitas,WA,Truck,8,0,8,14517,14525,0.06
October 31 2024,Christian,MO,Passenger,0,1,1,8,9,11.11
August 31 2020,Fort Bend,TX,Passenger,1,0,1,48,49,2.04
January 31 2021,Benton,WA,Truck,0,0,0,43300,43300,0.00
June 30 2017,Grant,WA,Passenger,20,27,47,60830,60877,0.08
April 30 2019,Charles,MD,Passenger,0,1,1,86,87,1.15
February 29 2024,Skamania,WA,Passenger,143,56,199,7972,8171,2.44
October 31 2017,Grays Harbor,WA,Passenger,38,41,79,45366,45445,0.17
November 30 2020,Camden,NJ,Passenger,0,1,1,20,21,4.76
February 28 2023,Franklin,OH,Passenger,1,0,1,69,70,1.43
December 31 2022,Camden,NJ,Passenger,0,1,1,11,12,8.33
March 31 2022,Bartow,GA,Passenger,0,1,1,4,5,20.00
April 30 2020,Lincoln,WA,Passenger,4,12,16,7672,7688,0.21
October 31 2019,Manassas,VA,Passenger,0,1,1,7,8,12.50
April 30 2022,Sumter,SC,Passenger,0,1,1,27,28,3.57
March 31 2024,Santa Cruz,CA,Passenger,1,0,1,24,25,4.00
August 31 2023,Richmond,GA,Passenger,0,1,1,63,64,1.56
April 30 2022,Marion,IN,Passenger,1,0,1,50,51,1.96
May 31 2018,Flathead,MT,Passenger,1,0,1,60,61,1.64
March 31 2017,Essex,MA,Passenger,1,0,1,26,27,3.70
March 31 2021,Portsmouth,VA,Passenger,0,1,1,78,79,1.27
January 31 2023,Newport,RI,Passenger,0,1,1,61,62,1.61
February 29 2024,Cowlitz,WA,Truck,14,0,14,27812,27826,0.05
June 30 2020,Pierce,WA,Truck,0,0,0,142022,142022,0.00
October 31 2021,Pima,AZ,Passenger,1,1,2,319,321,0.62
January 31 2021,Kauai,HI,Passenger,1,0,1,22,23,4.35
November 30 2019,Valencia,NM,Passenger,1,0,1,8,9,11.11
November 30 2021,Island,WA,Truck,0,0,0,21429,21429,0.00
April 30 2024,Pinal,AZ,Passenger,3,1,4,96,100,4.00
October 31 2020,Mercer,NJ,Passenger,0,1,1,12,13,7.69
May 31 2018,Cowlitz,WA,Passenger,58,75,133,71504,71637,0.19
November 30 2023,Whatcom,WA,Passenger,2896,1025,3921,147556,151477,2.59
July 31 2022,Flathead,MT,Passenger,1,0,1,46,47,2.13
November 30 2017,Richland,SC,Passenger,0,1,1,179,180,0.56
September 30 2024,Johnson,MO,Passenger,1,0,1,28,29,3.45
February 28 2022,Thurston,WA,Passenger,1968,990,2958,195217,198175,1.49
August 31 2021,Maricopa,AZ,Passenger,10,5,15,1434,1449,1.04
March 31 2019,Jefferson,CO,Passenger,0,2,2,60,62,3.23
January 31 2018,Grant,WA,Passenger,29,37,66,62275,62341,0.11
January 31 2019,Travis,TX,Passenger,3,1,4,219,223,1.79
May 31 2022,El Paso,CO,Passenger,4,7,11,676,687,1.60
October 31 2023,King,WA,Truck,898,2,900,173336,174236,0.52
December 31 2024,Orange,NC,Passenger,1,0,1,5,6,16.67
February 28 2023,San Juan,WA,Truck,10,0,10,5892,5902,0.17
April 30 2023,Burlington,NJ,Passenger,2,2,4,97,101,3.96
May 31 2020,King,WA,Passenger,23994,7689,31683,1373384,1405067,2.25
February 29 2024,San Mateo,CA,Passenger,4,1,5,87,92,5.43
November 30 2017,San Juan,WA,Passenger,126,41,167,13778,13945,1.20
February 28 2021,Ferry,WA,Truck,0,0,0,3623,3623,0.00
May 31 2023,Jefferson,WA,Passenger,551,261,812,24251,25063,3.24
April 30 2025,Franklin,WA,Passenger,695,215,910,62233,63143,1.44
September 30 2023,Adams,WA,Passenger,26,13,39,13093,13132,0.30
April 30 2019,Lee,AL,Passenger,1,0,1,36,37,2.70
March 31 2021,Frederick,MD,Passenger,1,1,2,65,67,2.99
September 30 2024,Falls Church,VA,Passenger,1,0,1,6,7,14.29
March 31 2017,Pierce,WA,Truck,0,0,0,138122,138122,0.00
April 30 2025,Brevard,FL,Passenger,1,0,1,51,52,1.92
February 28 2018,Lane,OR,Passenger,0,1,1,205,206,0.49
January 31 2025,Chesterfield,VA,Passenger,1,0,1,37,38,2.63
May 31 2022,Asotin,WA,Passenger,23,19,42,12685,12727,0.33
May 31 2025,Walla Walla,WA,Truck,28,0,28,13331,13359,0.21
December 31 2022,Sacramento,CA,Truck,1,0,1,40,41,2.44
February 28 2025,Pulaski,AR,Truck,1,0,1,4,5,20.00
February 29 2024,Bexar,TX,Passenger,4,4,8,405,413,1.94
January 31 2018,Ramsey,MN,Passenger,1,0,1,40,41,2.44
February 28 2025,Laramie,WY,Passenger,1,1,2,21,23,8.70
August 31 2021,Sonoma,CA,Passenger,0,1,1,96,97,1.03
March 31 2019,Douglas,WA,Truck,0,0,0,12156,12156,0.00
March 31 2021,Hennepin,MN,Passenger,2,0,2,98,100,2.00
April 30 2019,Skamania,WA,Truck,0,0,0,4041,4041,0.00
July 31 2019,Nueces,TX,Passenger,1,1,2,95,97,2.06
June 30 2023,Plaquemines,LA,Passenger,1,1,2,16,18,11.11
July 31 2019,Sarasota,FL,Passenger,1,0,1,39,40,2.50
August 31 2017,District of Columbia,DC,Passenger,0,2,2,202,204,0.98
September 30 2023,Fulton,GA,Passenger,1,1,2,75,77,2.60
March 31 2024,Wise,TX,Passenger,2,0,2,5,7,28.57
August 31 2018,Walla Walla,WA,Passenger,34,47,81,35857,35938,0.23
August 31 2024,Howard,MD,Passenger,0,2,2,53,55,3.64
July 31 2020,Calvert,MD,Passenger,0,2,2,91,93,2.15
December 31 2022,Orange,NY,Passenger,0,1,1,47,48,2.08
July 31 2023,,,Passenger,6,2,8,322,330,2.42
January 31 2018,Contra Costa,CA,Passenger,0,1,1,460,461,0.22
March 31 2018,Duval,FL,Passenger,1,2,3,376,379,0.79
August 31 2023,Middlesex,CT,Passenger,1,0,1,10,11,9.09
November 30 2024,Washington,WI,Passenger,1,0,1,0,1,100.00
December 31 2018,Suffolk,MA,Passenger,0,1,1,43,44,2.27
June 30 2024,Thurston,WA,Passenger,4444,1571,6015,189148,195163,3.08
May 31 2023,Spotsylvania,VA,Passenger,1,0,1,29,30,3.33
February 28 2017,Cowlitz,WA,Truck,0,0,0,27865,27865,0.00
March 31 2024,Walla Walla,WA,Passenger,279,144,423,35332,35755,1.18
August 31 2021,Skamania,WA,Truck,0,0,0,4034,4034,0.00
January 31 2022,Loudoun,VA,Passenger,1,0,1,76,77,1.30
December 31 2020,Putnam,TN,Passenger,0,1,1,5,6,16.67
November 30 2017,Utah,UT,Passenger,0,1,1,151,152,0.66
December 31 2024,Washtenaw,MI,Passenger,0,2,2,18,20,10.00
April 30 2019,Vigo,IN,Passenger,1,0,1,5,6,16.67
February 28 2023,Monroe,WI,Passenger,1,0,1,11,12,8.33
May 31 2024,Walla Walla,WA,Truck,12,0,12,13634,13646,0.09
August 31 2019,Asotin,WA,Passenger,12,7,19,12634,12653,0.15
August 31 2018,Kootenai,ID,Passenger,0,1,1,227,228,0.44
January 31 2018,Volusia,FL,Passenger,0,1,1,35,36,2.78
May 31 2024,Atlantic,NJ,Passenger,1,0,1,6,7,14.29
June 30 2017,Honolulu,HI,Passenger,3,2,5,609,614,0.81
June 30 2019,Fulton,GA,Passenger,1,3,4,109,113,3.54
May 31 2018,Pierce,WA,Passenger,1185,1126,2311,530178,532489,0.43
January 31 2021,Arlington,VA,Passenger,0,1,1,149,150,0.67
December 31 2022,Allen,IN,Passenger,1,0,1,17,18,5.56
December 31 2022,Owyhee,ID,Passenger,1,0,1,3,4,25.00
November 30 2020,Chesapeake,VA,Passenger,0,2,2,425,427,0.47
December 31 2019,Riverside,CA,Passenger,6,1,7,680,687,1.02
December 31 2019,Franklin,WA,Truck,0,0,0,19769,19769,0.00
May 31 2022,Clark,NV,Passenger,10,4,14,670,684,2.05
May 31 2021,King,WA,Passenger,30008,8927,38935,1366610,1405545,2.77
February 28 2022,Clackamas,OR,Passenger,2,0,2,197,199,1.01
May 31 2021,Clallam,WA,Passenger,321,209,530,50369,50899,1.04
February 28 2022,Orange,FL,Passenger,3,0,3,119,122,2.46
April 30 2023,New Haven,CT,Passenger,0,2,2,28,30,6.67
September 30 2020,Harford,MD,Passenger,0,1,1,62,63,1.59
July 31 2023,Harris,TX,Passenger,2,2,4,201,205,1.95
November 30 2019,Botetourt,VA,Passenger,1,0,1,0,1,100.00
January 31 2024,Hardin,KY,Truck,1,0,1,20,21,4.76
September 30 2023,Stafford,VA,Passenger,3,0,3,78,81,3.70
January 31 2020,Polk,FL,Passenger,1,0,1,81,82,1.22
May 31 2017,Spokane,WA,Truck,1,0,1,90309,90310,0.00
March 31 2024,San Bernardino,CA,Passenger,6,1,7,328,335,2.09
March 31 2020,Goochland,VA,Passenger,2,1,3,287,290,1.03
April 30 2018,Wahkiakum,WA,Truck,0,0,0,1668,1668,0.00
May 31 2022,Sevier,AR,Passenger,0,1,1,1,2,50.00
November 30 2023,Benton,AR,Passenger,1,0,1,25,26,3.85
November 30 2022,Alameda,CA,Passenger,7,2,9,234,243,3.70
January 31 2018,Douglas,WA,Passenger,43,33,76,27219,27295,0.28
December 31 2020,Fresno,CA,Passenger,2,0,2,197,199,1.01
October 31 2023,Rockingham,NH,Passenger,1,0,1,16,17,5.88
September 30 2022,Riverside,CA,Passenger,10,1,11,543,554,1.99
June 30 2022,Clark,WA,Truck,7,0,7,82693,82700,0.01
October 31 2022,Marion,OR,Passenger,1,0,1,107,108,0.93
August 31 2018,Clallam,WA,Passenger,128,115,243,50103,50346,0.48
August 31 2022,Cowlitz,WA,Passenger,351,172,523,70294,70817,0.74
February 28 2023,Carroll,MD,Passenger,0,1,1,22,23,4.35
May 31 2023,Rockingham,NH,Passenger,1,0,1,20,21,4.76
April 30 2022,Riverside,CA,Passenger,10,0,10,570,580,1.72
February 28 2025,Whatcom,WA,Truck,160,0,160,42148,42308,0.38
December 31 2024,Montgomery,TX,Passenger,1,0,1,19,20,5.00
January 31 2020,Spokane,WA,Passenger,684,467,1151,316492,317643,0.36
October 31 2022,Stevens,WA,Passenger,83,56,139,29900,30039,0.46
December 31 2022,El Dorado,CA,Passenger,1,0,1,29,30,3.33
December 31 2024,Lee,AL,Passenger,1,0,1,15,16,6.25
January 31 2017,Mason,WA,Passenger,48,58,106,42793,42899,0.25
September 30 2022,San Juan,WA,Truck,6,0,6,5943,5949,0.10
December 31 2023,El Paso,TX,Passenger,3,2,5,320,325,1.54
September 30 2017,Whatcom,WA,Truck,2,0,2,41822,41824,0.00
August 31 2023,Virginia Beach,VA,Passenger,6,2,8,502,510,1.57
April 30 2022,Adams,WA,Passenger,16,10,26,12948,12974,0.20
September 30 2022,Franklin,WA,Truck,2,0,2,20900,20902,0.01
July 31 2020,Grant,WA,Truck,0,0,0,27163,27163,0.00
January 31 2025,Carroll,MD,Passenger,0,1,1,10,11,9.09
August 31 2020,Adams,WA,Truck,0,0,0,5299,5299,0.00
May 31 2024,Sacramento,CA,Truck,1,0,1,29,30,3.33
February 29 2024,Columbia,WA,Truck,0,0,0,1551,1551,0.00
January 31 2019,Middlesex,MA,Passenger,1,0,1,119,120,0.83
July 31 2020,Sussex,NJ,Passenger,1,0,1,3,4,25.00
November 30 2022,Duval,FL,Passenger,1,1,2,302,304,0.66
July 31 2018,Thurston,WA,Truck,0,0,0,54364,54364,0.00
October 31 2018,Nassau,NY,Passenger,3,0,3,38,41,7.32
June 30 2021,El Dorado,CA,Passenger,1,0,1,39,40,2.50
June 30 2019,Wise,TX,Passenger,1,0,1,5,6,16.67
October 31 2024,Benton,AR,Passenger,1,0,1,16,17,5.88
October 31 2024,DuPage,IL,Passenger,6,0,6,29,35,17.14
June 30 2017,Ferry,WA,Truck,0,0,0,3539,3539,0.00
May 31 2025,Hennepin,MN,Passenger,1,0,1,34,35,2.86
April 30 2017,Madison,ID,Passenger,1,0,1,39,40,2.50
December 31 2021,Chelan,WA,Passenger,409,115,524,54631,55155,0.95
August 31 2019,Rogers,OK,Passenger,1,0,1,10,11,9.09
September 30 2021,Prince George's,MD,Passenger,2,1,3,158,161,1.86
February 28 2019,Wahkiakum,WA,Passenger,1,1,2,3017,3019,0.07
March 31 2017,New Haven,CT,Passenger,0,1,1,60,61,1.64
December 31 2024,Saratoga,NY,Passenger,1,1,2,38,40,5.00
July 31 2022,Clackamas,OR,Passenger,2,0,2,179,181,1.10
October 31 2020,Yakima,WA,Passenger,157,122,279,166768,167047,0.17
August 31 2024,Jefferson,NY,Passenger,3,0,3,173,176,1.70
January 31 2024,Flathead,MT,Passenger,1,0,1,33,34,2.94
October 31 2018,Cameron,TX,Passenger,1,0,1,34,35,2.86
December 31 2019,Kootenai,ID,Passenger,1,2,3,238,241,1.24
August 31 2021,Multnomah,OR,Passenger,3,7,10,725,735,1.36
April 30 2024,Chelan,WA,Passenger,839,235,1074,54265,55339,1.94
December 31 2024,San Francisco,CA,Passenger,2,1,3,60,63,4.76
September 30 2022,Anne Arundel,MD,Truck,1,0,1,47,48,2.08
March 31 2020,Maricopa,AZ,Passenger,9,9,18,1686,1704,1.06
September 30 2019,Douglas,NE,Passenger,0,1,1,65,66,1.52
July 31 2017,Montgomery,TN,Passenger,1,0,1,281,282,0.35
January 31 2024,Caddo,LA,Passenger,2,0,2,14,16,12.50
June 30 2024,Middlesex,NJ,Passenger,1,0,1,23,24,4.17
October 31 2018,Madison,ID,Passenger,1,0,1,35,36,2.78
February 28 2021,Flathead,MT,Passenger,2,0,2,61,63,3.17
October 31 2024,Monterey,CA,Truck,1,0,1,28,29,3.45
December 31 2017,Walla Walla,WA,Truck,0,0,0,13287,13287,0.00
February 28 2025,San Mateo,CA,Passenger,3,1,4,67,71,5.63
November 30 2024,Santa Clara,CA,Passenger,18,7,25,175,200,12.50
June 30 2018,Franklin,WA,Truck,0,0,0,18654,18654,0.00
August 31 2021,Lincoln,WA,Passenger,7,15,22,7677,7699,0.29
May 31 2022,Rogers,OK,Passenger,1,0,1,8,9,11.11
September 30 2024,Grant,WA,Truck,36,0,36,28111,28147,0.13
October 31 2022,Ada,ID,Passenger,2,0,2,194,196,1.02
June 30 2021,Charles,MD,Passenger,1,1,2,73,75,2.67
March 31 2023,Adams,WA,Passenger,22,11,33,13005,13038,0.25
December 31 2024,Kittitas,WA,Passenger,630,155,785,29379,30164,2.60
May 31 2024,Kittitas,WA,Passenger,521,141,662,29435,30097,2.20
May 31 2018,Island,WA,Passenger,187,178,365,62370,62735,0.58
June 30 2020,Shasta,CA,Passenger,1,0,1,36,37,2.70
March 31 2024,Arlington,VA,Passenger,5,0,5,119,124,4.03
June 30 2019,District of Columbia,DC,Passenger,1,1,2,194,196,1.02
November 30 2021,Essex,NJ,Passenger,2,0,2,16,18,11.11
June 30 2021,Douglas,WA,Truck,0,0,0,12678,12678,0.00
March 31 2022,,,Passenger,5,3,8,357,365,2.19
October 31 2019,Harrison,MS,Passenger,1,0,1,59,60,1.67
July 31 2019,Wahkiakum,WA,Passenger,2,2,4,3005,3009,0.13
February 28 2023,Forsyth,GA,Passenger,1,0,1,14,15,6.67
December 31 2019,Whatcom,WA,Truck,2,0,2,43160,43162,0.00
June 30 2022,Douglas,NE,Passenger,1,2,3,48,51,5.88
May 31 2023,Fredericksburg,VA,Passenger,1,0,1,5,6,16.67
November 30 2024,Lincoln,WA,Passenger,34,32,66,7530,7596,0.87
December 31 2020,Henrico,VA,Passenger,0,1,1,20,21,4.76
January 31 2023,Newport News,VA,Passenger,1,0,1,121,122,0.82
December 31 2018,Prince George's,MD,Passenger,1,1,2,194,196,1.02
April 30 2024,Prince William,VA,Passenger,1,4,5,137,142,3.52
May 31 2017,Gwinnett,GA,Passenger,0,1,1,91,92,1.09
November 30 2020,Platte,MO,Passenger,1,0,1,19,20,5.00
May 31 2025,Klickitat,WA,Passenger,285,128,413,14918,15331,2.69
March 31 2021,Spokane,WA,Truck,0,0,0,101321,101321,0.00
September 30 2021,Deschutes,OR,Passenger,1,0,1,140,141,0.71
September 30 2020,Garfield,WA,Truck,0,0,0,985,985,0.00
June 30 2020,Douglas,CO,Passenger,1,0,1,91,92,1.09
March 31 2018,El Paso,CO,Passenger,2,1,3,774,777,0.39
March 31 2020,Montgomery,PA,Passenger,1,0,1,38,39,2.56
July 31 2018,Howard,MD,Passenger,0,1,1,93,94,1.06
March 31 2023,Eagle,CO,Passenger,1,0,1,7,8,12.50
August 31 2024,Kane,IL,Passenger,1,0,1,7,8,12.50
October 31 2022,Yakima,WA,Truck,5,0,5,61172,61177,0.01
August 31 2017,Pima,AZ,Passenger,1,2,3,448,451,0.67
June 30 2019,Larimer,CO,Passenger,1,0,1,65,66,1.52
December 31 2021,Yavapai,AZ,Passenger,0,1,1,41,42,2.38
April 30 2025,Kings,CA,Passenger,3,0,3,219,222,1.35
December 31 2020,Morris,NJ,Passenger,1,0,1,16,17,5.88
November 30 2021,Boulder,CO,Passenger,2,1,3,47,50,6.00
July 31 2024,Grays Harbor,WA,Truck,25,0,25,20719,20744,0.12
April 30 2023,St. Lawrence,NY,Passenger,1,0,1,5,6,16.67
January 31 2017,St. Mary's,MD,Passenger,0,1,1,209,210,0.48
April 30 2024,Virginia Beach,VA,Truck,1,0,1,114,115,0.87
September 30 2020,Island,WA,Passenger,444,280,724,62665,63389,1.14
December 31 2019,Montgomery,OH,Passenger,0,1,1,48,49,2.04
June 30 2018,Marin,CA,Passenger,1,0,1,58,59,1.69
May 31 2020,Dallas,IA,Passenger,0,1,1,10,11,9.09
September 30 2021,Platte,MO,Passenger,1,1,2,17,19,10.53
April 30 2018,Snohomish,WA,Truck,1,0,1,121239,121240,0.00
June 30 2024,Prince George's,MD,Passenger,4,2,6,117,123,4.88
July 31 2023,Thurston,WA,Passenger,3175,1248,4423,189189,193612,2.28
January 31 2023,Clark,WA,Truck,62,0,62,81639,81701,0.08
March 31 2023,Hanover,VA,Passenger,1,0,1,3,4,25.00
January 31 2021,Rockingham,NH,Passenger,1,0,1,28,29,3.45
March 31 2020,Greene,MO,Passenger,0,1,1,36,37,2.70
May 31 2021,Benton,WA,Passenger,502,387,889,135941,136830,0.65
July 31 2024,Ventura,CA,Passenger,3,2,5,223,228,2.19
August 31 2021,Hennepin,MN,Passenger,3,0,3,91,94,3.19
November 30 2021,Cowlitz,WA,Truck,0,1,1,28996,28997,0.00
September 30 2021,Portsmouth,VA,Passenger,0,1,1,80,81,1.23
May 31 2023,Salt Lake,UT,Passenger,3,1,4,152,156,2.56
May 31 2024,Los Angeles,CA,Passenger,16,3,19,666,685,2.77
June 30 2019,King,WA,Passenger,19064,7010,26074,1387910,1413984,1.84
February 28 2022,Davidson,TN,Passenger,1,0,1,68,69,1.45
March 31 2024,St. Clair,IL,Passenger,0,1,1,112,113,0.88
September 30 2023,Adams,CO,Passenger,1,0,1,33,34,2.94
March 31 2023,Lincoln,WA,Truck,0,0,0,4832,4832,0.00
June 30 2020,Fairfax,VA,Passenger,6,2,8,745,753,1.06
August 31 2017,Bexar,TX,Passenger,1,1,2,865,867,0.23
May 31 2023,Clay,FL,Passenger,1,0,1,81,82,1.22
September 30 2020,Fairbanks North Star,AK,Passenger,0,1,1,100,101,0.99
July 31 2018,Essex,NJ,Passenger,1,0,1,14,15,6.67
January 31 2019,Ferry,WA,Passenger,3,2,5,4388,4393,0.11
December 31 2022,Sonoma,CA,Passenger,2,1,3,85,88,3.41
March 31 2017,Marion,OR,Passenger,1,0,1,202,203,0.49
August 31 2017,Moore,NC,Passenger,0,1,1,199,200,0.50
January 31 2021,Douglas,CO,Passenger,1,1,2,87,89,2.25
February 28 2025,Arapahoe,CO,Passenger,1,1,2,47,49,4.08
February 28 2025,Williamsburg,VA,Passenger,0,1,1,2,3,33.33
March 31 2021,Harford,MD,Passenger,0,1,1,63,64,1.56
September 30 2024,Larimer,CO,Passenger,1,0,1,33,34,2.94
April 30 2023,St. Clair,IL,Passenger,1,0,1,126,127,0.79
March 31 2019,Dale,AL,Passenger,0,1,1,55,56,1.79
February 28 2023,Madison,IL,Passenger,2,0,2,16,18,11.11
November 30 2019,Placer,CA,Passenger,1,0,1,109,110,0.91
November 30 2021,Polk,FL,Passenger,1,0,1,78,79,1.27
January 31 2024,Galveston,TX,Passenger,1,1,2,20,22,9.09
March 31 2019,Anne Arundel,MD,Passenger,0,1,1,448,449,0.22
August 31 2024,Kern,CA,Passenger,2,1,3,167,170,1.76
December 31 2022,Stevens,WA,Truck,2,0,2,18764,18766,0.01
April 30 2021,Deschutes,OR,Passenger,2,0,2,147,149,1.34
September 30 2018,Camden,NJ,Passenger,0,1,1,23,24,4.17
January 31 2017,Hamilton,IN,Passenger,1,0,1,73,74,1.35
November 30 2018,Allegheny,PA,Passenger,1,0,1,92,93,1.08
March 31 2018,Chelan,WA,Passenger,96,41,137,53330,53467,0.26
August 31 2020,Salt Lake,UT,Passenger,1,1,2,210,212,0.94
February 28 2018,Howard,MD,Passenger,0,1,1,90,91,1.10
December 31 2019,Orange,CA,Passenger,8,2,10,554,564,1.77
February 29 2020,Douglas,WA,Truck,0,0,0,12312,12312,0.00
August 31 2020,Solano,CA,Passenger,1,0,1,219,220,0.45
May 31 2019,Montgomery,TX,Passenger,2,0,2,66,68,2.94
June 30 2018,Manassas,VA,Passenger,0,1,1,9,10,10.00
September 30 2023,Mason,WA,Truck,16,0,16,20574,20590,0.08
November 30 2023,Kauai,HI,Passenger,0,1,1,21,22,4.55
January 31 2023,Montgomery,PA,Passenger,1,0,1,27,28,3.57
April 30 2024,Churchill,NV,Passenger,0,1,1,39,40,2.50
January 31 2025,Macomb,MI,Passenger,4,0,4,17,21,19.05
September 30 2018,Nueces,TX,Passenger,1,1,2,90,92,2.17
May 31 2025,Contra Costa,CA,Passenger,4,1,5,111,116,4.31
April 30 2024,Rockingham,NH,Passenger,1,0,1,15,16,6.25
February 28 2017,Garfield,WA,Passenger,0,0,0,1290,1290,0.00
July 31 2018,Sumter,FL,Passenger,0,1,1,10,11,9.09
August 31 2024,Macomb,MI,Passenger,4,0,4,22,26,15.38
April 30 2019,Clallam,WA,Truck,0,0,0,21681,21681,0.00
October 31 2022,Cowlitz,WA,Truck,4,0,4,28405,28409,0.01
June 30 2018,Montgomery,MD,Passenger,1,0,1,295,296,0.34
February 29 2024,Geary,KS,Passenger,1,0,1,73,74,1.35
June 30 2024,District of Columbia,DC,Truck,1,0,1,15,16,6.25
June 30 2023,Saratoga,NY,Passenger,1,1,2,48,50,4.00
March 31 2020,Snohomish,WA,Truck,0,0,0,123644,123644,0.00
September 30 2024,San Diego,CA,Truck,1,0,1,415,416,0.24
May 31 2017,Douglas,WA,Truck,0,0,0,11486,11486,0.00
September 30 2024,Dallas,TX,Truck,1,0,1,11,12,8.33
April 30 2019,Benton,WA,Truck,0,0,0,41638,41638,0.00
July 31 2022,Spokane,WA,Truck,8,0,8,101787,101795,0.01
February 28 2021,Harnett,NC,Passenger,1,0,1,209,210,0.48
July 31 2022,Stevens,WA,Truck,1,0,1,18860,18861,0.01
July 31 2020,Asotin,WA,Passenger,16,12,28,12362,12390,0.23
November 30 2019,Kern,CA,Passenger,0,1,1,223,224,0.45
February 28 2023,Pima,AZ,Passenger,2,0,2,260,262,0.76
March 31 2023,Miami-Dade,FL,Passenger,1,0,1,91,92,1.09
June 30 2018,Latah,ID,Passenger,0,1,1,80,81,1.23
October 31 2021,Chesapeake,VA,Passenger,1,1,2,414,416,0.48
March 31 2017,DeKalb,GA,Passenger,1,0,1,86,87,1.15
November 30 2018,Cumberland,NC,Passenger,1,1,2,528,530,0.38
February 28 2018,Thurston,WA,Truck,0,0,0,53877,53877,0.00
March 31 2020,Clark,WA,Truck,0,0,0,81997,81997,0.00
April 30 2019,Snohomish,WA,Truck,1,0,1,121958,121959,0.00
February 28 2022,Hamilton,OH,Passenger,1,0,1,44,45,2.22
May 31 2019,Columbia,WA,Truck,0,0,0,1532,1532,0.00
March 31 2024,Calvert,MD,Passenger,1,2,3,77,80,3.75
July 31 2022,San Juan,WA,Passenger,520,161,681,13999,14680,4.64
April 30 2020,Jefferson,WA,Truck,0,0,0,9527,9527,0.00
February 29 2020,King,WA,Truck,6,1,7,182488,182495,0.00
June 30 2020,Williams,ND,Passenger,0,1,1,11,12,8.33
November 30 2020,Benton,WA,Passenger,425,351,776,134662,135438,0.57
September 30 2022,Hanover,VA,Passenger,1,0,1,3,4,25.00
February 28 2017,St. Lucie,FL,Passenger,1,0,1,30,31,3.23
June 30 2023,Washtenaw,MI,Passenger,0,2,2,31,33,6.06
February 28 2017,San Juan,WA,Truck,0,0,0,5568,5568,0.00
January 31 2023,Washoe,NV,Passenger,2,0,2,72,74,2.70
June 30 2020,Kitsap,WA,Passenger,1331,688,2019,179565,181584,1.11
July 31 2017,Jackson,MO,Passenger,1,0,1,63,64,1.56
April 30 2022,San Luis Obispo,CA,Passenger,2,1,3,74,77,3.90
August 31 2024,Stafford,VA,Passenger,3,0,3,65,68,4.41
September 30 2024,Burlington,NJ,Passenger,0,1,1,71,72,1.39
December 31 2022,Kings,CA,Passenger,2,0,2,293,295,0.68
September 30 2018,Stevens,WA,Truck,0,0,0,18660,18660,0.00
October 31 2023,Lane,OR,Passenger,0,1,1,82,83,1.20
September 30 2018,Jefferson,WA,Passenger,153,99,252,24674,24926,1.01
August 31 2022,Klickitat,WA,Passenger,105,55,160,15144,15304,1.05
November 30 2020,Okanogan,WA,Truck,0,0,0,16563,16563,0.00
May 31 2024,Pend Oreille,WA,Passenger,37,19,56,8713,8769,0.64
November 30 2021,Marion,IN,Passenger,1,0,1,49,50,2.00
April 30 2025,Sarpy,NE,Truck,1,0,1,16,17,5.88
May 31 2018,Washington,OR,Passenger,0,1,1,501,502,0.20
August 31 2023,Kittitas,WA,Truck,10,0,10,14608,14618,0.07
July 31 2022,Harford,MD,Passenger,1,1,2,54,56,3.57
February 28 2019,DuPage,IL,Passenger,1,0,1,64,65,1.54
February 29 2020,Owyhee,ID,Passenger,1,0,1,3,4,25.00
October 31 2022,Oldham,KY,Passenger,0,1,1,5,6,16.67
September 30 2019,Twin Falls,ID,Passenger,0,1,1,29,30,3.33
June 30 2023,Mason,WA,Passenger,442,202,644,46192,46836,1.38
April 30 2018,Los Angeles,CA,Passenger,4,5,9,1211,1220,0.74
May 31 2019,Collin,TX,Passenger,2,1,3,156,159,1.89
April 30 2023,Walla Walla,WA,Passenger,213,114,327,35371,35698,0.92
January 31 2021,Bradley,TN,Passenger,1,0,1,0,1,100.00
July 31 2017,Columbia,WA,Truck,0,0,0,1534,1534,0.00
April 30 2021,Collin,TX,Passenger,2,1,3,137,140,2.14
November 30 2018,Muskogee,OK,Passenger,0,1,1,2,3,33.33
July 31 2023,Deschutes,OR,Passenger,2,0,2,98,100,2.00
October 31 2017,Juneau,AK,Passenger,0,1,1,48,49,2.04
May 31 2018,Ferry,WA,Truck,0,0,0,3501,3501,0.00
February 28 2018,Clark,NV,Passenger,2,3,5,799,804,0.62
February 28 2023,Charlottesville,VA,Passenger,0,1,1,6,7,14.29
February 28 2019,Skamania,WA,Passenger,20,15,35,8707,8742,0.40
July 31 2022,Franklin,WA,Passenger,201,110,311,61739,62050,0.50
August 31 2018,Fairfax,VA,Passenger,3,1,4,821,825,0.48
August 31 2017,Monterey,CA,Passenger,0,2,2,200,202,0.99
March 31 2020,Guadalupe,TX,Passenger,1,0,1,67,68,1.47
June 30 2021,Bucks,PA,Passenger,1,0,1,22,23,4.35
December 31 2024,Plaquemines,LA,Passenger,1,0,1,16,17,5.88
March 31 2025,Johnson,MO,Passenger,1,0,1,26,27,3.70
October 31 2022,Calvert,MD,Passenger,0,3,3,87,90,3.33
February 29 2024,Kittitas,WA,Truck,24,0,24,14637,14661,0.16
June 30 2018,Cochise,AZ,Passenger,0,1,1,120,121,0.83
November 30 2018,Hamilton,IN,Passenger,1,0,1,47,48,2.08
November 30 2020,Ferry,WA,Passenger,8,3,11,4344,4355,0.25
July 31 2019,Charleston,SC,Passenger,1,0,1,119,120,0.83
February 29 2024,Okanogan,WA,Truck,10,0,10,16353,16363,0.06
July 31 2022,Fairbanks North Star,AK,Passenger,0,1,1,81,82,1.22
June 30 2019,Fresno,CA,Passenger,2,0,2,206,208,0.96
November 30 2019,Ramsey,MN,Passenger,1,0,1,49,50,2.00
March 31 2019,Alameda,CA,Passenger,2,2,4,334,338,1.18
April 30 2021,Island,WA,Truck,0,0,0,21472,21472,0.00
August 31 2018,Norfolk,MA,Passenger,1,0,1,39,40,2.50
July 31 2024,Kittitas,WA,Truck,34,0,34,14654,14688,0.23
September 30 2022,Escambia,FL,Passenger,0,1,1,150,151,0.66
March 31 2025,Richmond,VA,Passenger,1,0,1,7,8,12.50
April 30 2022,Lincoln,WA,Truck,0,0,0,4840,4840,0.00
September 30 2021,Cowlitz,WA,Passenger,246,154,400,71974,72374,0.55
February 28 2025,Shelby,AL,Passenger,1,0,1,2,3,33.33
July 31 2024,Collier,FL,Passenger,1,0,1,9,10,10.00
August 31 2019,Clark,NV,Passenger,5,3,8,768,776,1.03
July 31 2024,Portsmouth,VA,Passenger,0,3,3,65,68,4.41
August 31 2019,Spokane,WA,Passenger,575,438,1013,312910,313923,0.32
June 30 2022,Alameda,CA,Passenger,8,2,10,239,249,4.02
November 30 2017,Salt Lake,UT,Passenger,1,0,1,251,252,0.40
October 31 2023,Douglas,CO,Passenger,1,2,3,61,64,4.69
December 31 2024,Dallas,TX,Passenger,1,0,1,70,71,1.41
October 31 2021,Middlesex,MA,Passenger,1,0,1,101,102,0.98
December 31 2022,Fredericksburg,VA,Passenger,1,0,1,5,6,16.67
January 31 2021,Nueces,TX,Passenger,1,0,1,88,89,1.12
November 30 2017,Anne Arundel,MD,Passenger,0,1,1,488,489,0.20
June 30 2023,Hamilton,OH,Passenger,1,0,1,45,46,2.17
January 31 2023,Santa Clara,CA,Passenger,18,7,25,276,301,8.31
September 30 2019,Carson City,NV,Passenger,1,0,1,11,12,8.33
June 30 2019,Moore,NC,Passenger,0,1,1,187,188,0.53
June 30 2020,Pulaski,MO,Passenger,1,0,1,142,143,0.70
April 30 2025,Gwinnett,GA,Passenger,1,0,1,44,45,2.22
March 31 2019,Columbia,WA,Passenger,2,2,4,2428,2432,0.16
September 30 2021,Klickitat,WA,Passenger,83,52,135,15366,15501,0.87
August 31 2020,DuPage,IL,Passenger,4,0,4,63,67,5.97
February 28 2017,Latah,ID,Passenger,0,1,1,135,136,0.74
August 31 2018,Whatcom,WA,Truck,2,0,2,42378,42380,0.00
April 30 2019,Nassau,NY,Passenger,3,0,3,43,46,6.52
February 28 2018,Jefferson,NY,Passenger,1,0,1,230,231,0.43
February 29 2020,Wilson,TX,Passenger,0,1,1,8,9,11.11
March 31 2020,Walla Walla,WA,Truck,0,0,0,13634,13634,0.00
January 31 2024,San Diego,CA,Passenger,22,7,29,2222,2251,1.29
April 30 2019,Twin Falls,ID,Passenger,0,1,1,24,25,4.00
September 30 2023,Essex,NJ,Passenger,2,0,2,10,12,16.67
October 31 2023,Duval,FL,Passenger,2,1,3,261,264,1.14
October 31 2021,Anchorage,AK,Passenger,1,0,1,158,159,0.63
April 30 2024,Marin,CA,Truck,1,0,1,7,8,12.50
February 28 2017,Columbia,WA,Truck,0,0,0,1529,1529,0.00
September 30 2021,Collier,FL,Passenger,1,0,1,21,22,4.55
November 30 2017,Sedgwick,KS,Passenger,0,1,1,111,112,0.89
January 31 2021,Camden,NJ,Passenger,0,1,1,16,17,5.88
August 31 2021,Wilson,TX,Passenger,0,1,1,4,5,20.00
December 31 2022,Gwinnett,GA,Passenger,1,0,1,60,61,1.64
July 31 2024,Galveston,TX,Passenger,1,1,2,20,22,9.09
September 30 2017,Clallam,WA,Passenger,95,83,178,48592,48770,0.36
February 29 2024,Anchorage,AK,Passenger,1,0,1,105,106,0.94
July 31 2017,Skagit,WA,Passenger,142,104,246,88167,88413,0.28
August 31 2018,Shelby,TN,Passenger,0,1,1,108,109,0.92
January 31 2019,Mecklenburg,NC,Passenger,1,0,1,90,91,1.10
April 30 2024,Horry,SC,Passenger,1,0,1,16,17,5.88
October 31 2021,Jefferson,IL,Passenger,1,0,1,1,2,50.00
September 30 2022,Pierce,WA,Truck,46,0,46,140038,140084,0.03
April 30 2018,Grays Harbor,WA,Passenger,47,52,99,46275,46374,0.21
January 31 2022,Yellowstone,MT,Passenger,0,1,1,36,37,2.70
April 30 2022,Clark,WA,Passenger,3862,1691,5553,317204,322757,1.72
May 31 2023,Adams,WA,Truck,2,0,2,5333,5335,0.04
June 30 2024,Jefferson,WA,Truck,24,0,24,9127,9151,0.26
December 31 2024,Clallam,WA,Truck,41,0,41,21301,21342,0.19
July 31 2020,Yakima,WA,Truck,0,0,0,60174,60174,0.00
June 30 2019,Bexar,TX,Passenger,2,5,7,691,698,1.00
May 31 2019,Mason,WA,Passenger,121,117,238,46984,47222,0.50
August 31 2018,Sacramento,CA,Passenger,0,1,1,323,324,0.31
January 31 2025,Isle of Wight,VA,Passenger,0,1,1,14,15,6.67
September 30 2023,Montgomery,AL,Passenger,1,1,2,32,34,5.88
September 30 2019,Honolulu,HI,Passenger,4,2,6,527,533,1.13
May 31 2019,Jefferson,WA,Truck,0,0,0,9662,9662,0.00
December 31 2024,Galveston,TX,Passenger,1,1,2,17,19,10.53
December 31 2024,Maricopa,AZ,Passenger,8,1,9,660,669,1.35
January 31 2019,Shelby,TN,Passenger,0,1,1,104,105,0.95
November 30 2019,Lake,IL,Passenger,1,0,1,175,176,0.57
January 31 2025,Orange,FL,Passenger,4,1,5,48,53,9.43
September 30 2023,Otero,NM,Passenger,0,1,1,22,23,4.35
December 31 2024,Pend Oreille,WA,Truck,5,0,5,5550,5555,0.09
September 30 2020,Multnomah,OR,Passenger,5,6,11,771,782,1.41
June 30 2024,Spokane,WA,Truck,112,0,112,101210,101322,0.11
January 31 2017,Snohomish,WA,Truck,1,0,1,122801,122802,0.00
October 31 2024,Skamania,WA,Passenger,167,58,225,7869,8094,2.78
August 31 2018,Wise,TX,Passenger,1,0,1,5,6,16.67
July 31 2017,Pacific,WA,Truck,0,0,0,7492,7492,0.00
August 31 2021,Wahkiakum,WA,Truck,0,0,0,1797,1797,0.00
March 31 2020,Cumberland,NC,Passenger,1,2,3,483,486,0.62
March 31 2025,Talladega,AL,Passenger,0,1,1,1,2,50.00
July 31 2020,Spokane,WA,Passenger,753,489,1242,316100,317342,0.39
April 30 2021,Pacific,WA,Truck,0,0,0,7911,7911,0.00
November 30 2020,Island,WA,Truck,0,0,0,21239,21239,0.00
January 31 2018,Clallam,WA,Truck,0,0,0,21284,21284,0.00
August 31 2021,Vigo,IN,Passenger,1,0,1,5,6,16.67
October 31 2024,Cobb,GA,Passenger,1,0,1,38,39,2.56
February 28 2022,Deschutes,OR,Passenger,2,0,2,129,131,1.53
December 31 2024,Davidson,TN,Passenger,1,0,1,32,33,3.03
July 31 2023,Saginaw,MI,Passenger,0,1,1,4,5,20.00
March 31 2020,Williamson,TX,Passenger,0,2,2,173,175,1.14
October 31 2017,Grant,WA,Truck,0,0,0,25454,25454,0.00
November 30 2024,Penobscot,ME,Passenger,0,1,1,4,5,20.00
October 31 2019,Muskogee,OK,Passenger,0,1,1,1,2,50.00
September 30 2023,Albemarle,VA,Passenger,3,0,3,19,22,13.64
May 31 2022,Franklin,OH,Passenger,1,0,1,73,74,1.35
July 31 2019,Snohomish,WA,Passenger,3551,1617,5168,532423,537591,0.96
November 30 2022,Williamsburg,VA,Passenger,0,1,1,8,9,11.11
October 31 2020,San Francisco,CA,Passenger,1,2,3,99,102,2.94
January 31 2023,Currituck,NC,Passenger,1,0,1,23,24,4.17
January 31 2025,Franklin,WA,Truck,27,0,27,20951,20978,0.13
August 31 2018,Skagit,WA,Truck,1,0,1,32216,32217,0.00
June 30 2024,Flathead,MT,Passenger,1,0,1,30,31,3.23
January 31 2025,Prince George,VA,Passenger,2,0,2,53,55,3.64
March 31 2020,Lincoln,WA,Passenger,2,12,14,7747,7761,0.18
July 31 2017,Portsmouth,VA,Passenger,0,1,1,68,69,1.45
May 31 2025,Multnomah,OR,Passenger,6,1,7,357,364,1.92
February 29 2024,Dallas,TX,Truck,1,0,1,13,14,7.14
January 31 2018,Prince George,VA,Passenger,0,1,1,72,73,1.37
May 31 2022,Palm Beach,FL,Passenger,2,1,3,61,64,4.69
June 30 2024,Bell,TX,Passenger,2,0,2,243,245,0.82
August 31 2018,San Mateo,CA,Passenger,1,1,2,142,144,1.39
July 31 2022,Solano,CA,Passenger,1,0,1,177,178,0.56
August 31 2022,Montgomery,MD,Passenger,3,2,5,212,217,2.30
February 28 2025,New York,NY,Passenger,4,0,4,25,29,13.79
October 31 2024,Clark,WA,Truck,278,0,278,80751,81029,0.34
February 28 2023,Hanover,VA,Passenger,1,0,1,3,4,25.00
November 30 2019,Manassas,VA,Passenger,0,1,1,7,8,12.50
May 31 2018,Thurston,WA,Passenger,547,467,1014,192202,193216,0.52
March 31 2017,Yakima,WA,Truck,0,0,0,57256,57256,0.00
January 31 2022,Carroll,NH,Passenger,0,1,1,3,4,25.00
February 28 2025,Camden,NJ,Passenger,1,0,1,9,10,10.00
October 31 2021,Frederick,MD,Passenger,1,1,2,70,72,2.78
April 30 2019,Cameron,TX,Passenger,1,0,1,35,36,2.78
July 31 2022,Anne Arundel,MD,Passenger,2,3,5,359,364,1.37
November 30 2022,St. Lawrence,NY,Passenger,1,0,1,5,6,16.67
October 31 2021,Ventura,CA,Passenger,2,2,4,290,294,1.36
August 31 2020,Richland,SC,Passenger,0,1,1,148,149,0.67
February 28 2019,Charles,MD,Passenger,0,1,1,81,82,1.22
April 30 2024,Jefferson,WA,Passenger,721,297,1018,23997,25015,4.07
May 31 2022,Fairfax,VA,Passenger,7,3,10,683,693,1.44
February 29 2024,Suffolk,MA,Passenger,4,1,5,35,40,12.50
April 30 2023,Yellowstone,MT,Passenger,0,1,1,27,28,3.57
May 31 2024,Wahkiakum,WA,Truck,5,0,5,1752,1757,0.28
June 30 2021,Boulder,CO,Passenger,1,1,2,54,56,3.57
December 31 2024,Hamilton,IN,Passenger,1,0,1,19,20,5.00
August 31 2019,Boone,MO,Passenger,0,1,1,10,11,9.09
November 30 2024,Texas,MO,Passenger,1,0,1,2,3,33.33
June 30 2019,Ada,ID,Passenger,0,2,2,332,334,0.60
October 31 2020,Pend Oreille,WA,Truck,0,0,0,5716,5716,0.00
October 31 2022,King,WA,Passenger,45258,11905,57163,1338060,1395223,4.10
June 30 2020,Polk,FL,Passenger,1,0,1,81,82,1.22
January 31 2021,Tulsa,OK,Passenger,1,0,1,56,57,1.75
February 28 2023,Orange,CA,Passenger,12,3,15,436,451,3.33
August 31 2022,Placer,CA,Passenger,2,0,2,86,88,2.27
September 30 2019,Whatcom,WA,Passenger,922,458,1380,151208,152588,0.90
January 31 2017,Oklahoma,OK,Passenger,0,1,1,221,222,0.45
May 31 2025,Garfield,OK,Passenger,1,0,1,14,15,6.67
June 30 2018,Beaufort,SC,Passenger,1,0,1,43,44,2.27
March 31 2020,Pend Oreille,WA,Passenger,8,7,15,9359,9374,0.16
November 30 2023,Solano,CA,Passenger,4,0,4,155,159,2.52
August 31 2018,Essex,MA,Passenger,1,0,1,28,29,3.45
April 30 2021,Philadelphia,PA,Passenger,1,0,1,64,65,1.54
March 31 2020,Lewis,WA,Truck,0,0,0,26028,26028,0.00
September 30 2021,Hawaii,HI,Passenger,1,0,1,53,54,1.85
July 31 2023,Muscogee,GA,Passenger,1,2,3,127,130,2.31
June 30 2019,Whitman,WA,Passenger,31,46,77,22691,22768,0.34
March 31 2021,San Joaquin,CA,Passenger,1,0,1,119,120,0.83
September 30 2023,Marion,IN,Passenger,1,0,1,32,33,3.03
September 30 2024,New Haven,CT,Passenger,1,2,3,22,25,12.00
April 30 2019,Alexandria,VA,Passenger,1,0,1,150,151,0.66
June 30 2019,Grays Harbor,WA,Truck,0,0,0,20447,20447,0.00
October 31 2024,Denton,TX,Passenger,1,0,1,37,38,2.63
June 30 2021,Kauai,HI,Passenger,1,0,1,25,26,3.85
July 31 2024,Maui,HI,Passenger,2,0,2,19,21,9.52
June 30 2018,Asotin,WA,Truck,0,0,0,6612,6612,0.00
May 31 2024,Goochland,VA,Passenger,3,0,3,63,66,4.55
November 30 2021,Shelby,OH,Passenger,0,1,1,4,5,20.00
April 30 2022,Adams,CO,Passenger,1,0,1,48,49,2.04
April 30 2020,Harford,MD,Passenger,0,1,1,63,64,1.56
January 31 2024,Cowlitz,WA,Passenger,614,255,869,69422,70291,1.24
December 31 2017,San Diego,CA,Passenger,5,2,7,2572,2579,0.27
August 31 2018,Travis,TX,Passenger,1,0,1,213,214,0.47
October 31 2022,Travis,TX,Passenger,3,2,5,129,134,3.73
November 30 2017,Hamilton,TN,Passenger,1,0,1,22,23,4.35
January 31 2022,Solano,CA,Passenger,1,0,1,189,190,0.53
January 31 2022,Anne Arundel,MD,Passenger,2,1,3,374,377,0.80
September 30 2020,Penobscot,ME,Passenger,0,2,2,14,16,12.50
July 31 2018,Klickitat,WA,Truck,0,0,0,8118,8118,0.00
April 30 2019,Maui,HI,Passenger,2,0,2,48,50,4.00
August 31 2024,Prince George,VA,Passenger,2,0,2,55,57,3.51
June 30 2020,Cascade,MT,Passenger,0,1,1,66,67,1.49
July 31 2023,Currituck,NC,Passenger,1,0,1,23,24,4.17
November 30 2020,San Mateo,CA,Passenger,2,1,3,134,137,2.19
June 30 2017,Clallam,WA,Truck,0,0,0,21016,21016,0.00
October 31 2022,Doña Ana,NM,Passenger,1,0,1,16,17,5.88
November 30 2024,Spokane,WA,Truck,167,0,167,101191,101358,0.16
April 30 2022,Lexington,SC,Passenger,1,0,1,24,25,4.00
September 30 2021,Rockdale,GA,Passenger,1,0,1,7,8,12.50
December 31 2023,Chatham,NC,Passenger,1,0,1,5,6,16.67
May 31 2024,Lincoln,WA,Passenger,26,26,52,7533,7585,0.69
December 31 2021,Richmond,NY,Passenger,1,0,1,3,4,25.00
June 30 2023,Harris,TX,Passenger,2,2,4,200,204,1.96
March 31 2024,DeKalb,GA,Passenger,1,0,1,39,40,2.50
April 30 2022,Moore,NC,Passenger,0,1,1,136,137,0.73
March 31 2021,Maui,HI,Passenger,2,0,2,29,31,6.45
May 31 2024,Garfield,WA,Truck,0,0,0,994,994,0.00
September 30 2022,Carroll,MD,Passenger,0,1,1,20,21,4.76
January 31 2025,Middlesex,NJ,Passenger,1,0,1,19,20,5.00
March 31 2025,Allen,IN,Passenger,1,1,2,5,7,28.57
December 31 2021,Sussex,NJ,Passenger,1,0,1,2,3,33.33
October 31 2023,Yolo,CA,Passenger,2,0,2,24,26,7.69
March 31 2023,Kitsap,WA,Passenger,2957,1201,4158,175436,179594,2.32
February 28 2019,San Juan,PR,Passenger,0,1,1,4,5,20.00
December 31 2020,Sacramento,CA,Passenger,2,1,3,269,272,1.10
September 30 2017,Stevens,WA,Passenger,8,22,30,31530,31560,0.10
May 31 2024,Lewis,WA,Truck,15,0,15,25638,25653,0.06
October 31 2022,San Mateo,CA,Passenger,2,1,3,104,107,2.80
November 30 2022,Columbia,OR,Passenger,1,0,1,20,21,4.76
February 28 2025,Tom Green,TX,Passenger,0,1,1,17,18,5.56
November 30 2024,Whitman,WA,Truck,13,0,13,8602,8615,0.15
March 31 2023,Garfield,WA,Passenger,1,3,4,1310,1314,0.30
October 31 2022,Wise,TX,Passenger,2,0,2,10,12,16.67
August 31 2024,Fresno,CA,Passenger,1,1,2,132,134,1.49
June 30 2019,Monterey,CA,Passenger,1,2,3,196,199,1.51
January 31 2024,San Francisco,CA,Passenger,3,1,4,69,73,5.48
June 30 2017,Allegheny,PA,Passenger,1,0,1,94,95,1.05
February 28 2023,Henrico,VA,Passenger,0,1,1,19,20,5.00
February 28 2017,Benton,WA,Passenger,134,133,267,127609,127876,0.21
October 31 2017,Hardin,KY,Passenger,0,1,1,117,118,0.85
April 30 2024,Brevard,FL,Passenger,1,0,1,62,63,1.59
August 31 2024,Madison,AL,Passenger,1,0,1,34,35,2.86
February 28 2023,New London,CT,Passenger,2,4,6,199,205,2.93
May 31 2024,Cumberland,NC,Passenger,3,2,5,323,328,1.52
October 31 2018,Walla Walla,WA,Truck,0,0,0,13504,13504,0.00
November 30 2019,Grays Harbor,WA,Truck,0,0,0,20741,20741,0.00
March 31 2020,Davidson,TN,Passenger,1,0,1,87,88,1.14
November 30 2020,Cowlitz,WA,Truck,0,0,0,28851,28851,0.00
February 28 2018,Sumter,FL,Passenger,0,1,1,10,11,9.09
December 31 2024,Montgomery,MD,Passenger,7,1,8,171,179,4.47
March 31 2018,Pinal,AZ,Passenger,2,0,2,222,224,0.89
January 31 2019,Pima,AZ,Passenger,1,1,2,442,444,0.45
August 31 2022,Hennepin,MN,Passenger,1,0,1,73,74,1.35
March 31 2025,Churchill,NV,Passenger,0,1,1,34,35,2.86
November 30 2023,Osceola,FL,Passenger,1,0,1,23,24,4.17
March 31 2022,Sumter,SC,Passenger,0,1,1,28,29,3.45
December 31 2021,Allen,IN,Passenger,1,0,1,19,20,5.00
November 30 2023,Richmond,VA,Passenger,1,0,1,11,12,8.33
December 31 2019,New London,CT,Passenger,0,1,1,236,237,0.42
June 30 2018,San Diego,CA,Passenger,7,2,9,2590,2599,0.35
August 31 2019,Boulder,CO,Passenger,1,0,1,57,58,1.72
June 30 2020,Cowlitz,WA,Truck,0,0,0,28850,28850,0.00
May 31 2022,Duval,FL,Passenger,0,2,2,323,325,0.62
April 30 2024,Williamson,TX,Passenger,1,1,2,76,78,2.56
July 31 2023,Montgomery,TX,Passenger,1,0,1,33,34,2.94
April 30 2022,Wilson,NC,Passenger,1,0,1,1,2,50.00
January 31 2020,Juneau,AK,Passenger,0,2,2,35,37,5.41
April 30 2025,Williamson,TN,Passenger,0,1,1,6,7,14.29
March 31 2021,Skagit,WA,Passenger,540,260,800,91460,92260,0.87
November 30 2024,Okanogan,WA,Passenger,210,103,313,25950,26263,1.19
January 31 2021,Norfolk,VA,Passenger,2,3,5,319,324,1.54
June 30 2023,San Francisco,CA,Passenger,4,1,5,87,92,5.43
May 31 2023,Stevens,WA,Truck,1,0,1,18690,18691,0.01
September 30 2018,Salt Lake,UT,Passenger,1,0,1,240,241,0.41
December 31 2023,New Castle,DE,Passenger,1,0,1,19,20,5.00
June 30 2018,Santa Fe,NM,Passenger,0,1,1,45,46,2.17
March 31 2022,Collin,TX,Passenger,5,0,5,121,126,3.97
July 31 2019,Jefferson,NY,Passenger,0,1,1,215,216,0.46
August 31 2021,Okanogan,WA,Passenger,64,45,109,26444,26553,0.41
January 31 2023,Snohomish,WA,Truck,112,0,112,122190,122302,0.09
December 31 2024,Los Angeles,CA,Passenger,15,3,18,538,556,3.24
October 31 2024,Wahkiakum,WA,Passenger,43,27,70,3052,3122,2.24
October 31 2019,Oklahoma,OK,Passenger,0,1,1,141,142,0.70
December 31 2023,Spokane,WA,Truck,62,0,62,101371,101433,0.06
February 28 2023,Asotin,WA,Truck,0,0,0,6635,6635,0.00
April 30 2022,Spartanburg,SC,Passenger,0,1,1,41,42,2.38
August 31 2024,Pima,AZ,Passenger,2,0,2,180,182,1.10
February 28 2019,Alameda,CA,Passenger,0,2,2,335,337,0.59
May 31 2022,Chelan,WA,Passenger,450,127,577,54296,54873,1.05
April 30 2023,Ada,ID,Passenger,3,0,3,175,178,1.69
July 31 2020,King,WA,Truck,7,1,8,182820,182828,0.00
June 30 2017,Los Angeles,CA,Passenger,2,1,3,1337,1340,0.22
March 31 2017,Manatee,FL,Passenger,1,0,1,55,56,1.79
February 28 2021,Chatham,NC,Passenger,1,0,1,7,8,12.50
November 30 2022,Prince William,VA,Passenger,0,4,4,188,192,2.08
July 31 2018,Lincoln,WA,Truck,0,0,0,4555,4555,0.00
February 28 2023,Grant,WA,Passenger,242,114,356,66750,67106,0.53
July 31 2023,Ferry,WA,Truck,0,0,0,3582,3582,0.00
May 31 2020,Douglas,WA,Passenger,69,40,109,27946,28055,0.39
June 30 2018,Orange,FL,Passenger,2,1,3,187,190,1.58
April 30 2019,Walla Walla,WA,Truck,0,0,0,13597,13597,0.00
May 31 2019,Kern,CA,Passenger,0,1,1,224,225,0.44
May 31 2020,Collier,FL,Passenger,1,0,1,27,28,3.57
October 31 2021,Monterey,CA,Passenger,1,2,3,166,169,1.78
February 28 2018,Lincoln,WA,Truck,0,0,0,4511,4511,0.00
February 28 2025,Baltimore,MD,Passenger,1,0,1,63,64,1.56
March 31 2024,Sarasota,FL,Passenger,1,0,1,31,32,3.12
November 30 2019,Maui,HI,Passenger,2,0,2,44,46,4.35
April 30 2025,Kootenai,ID,Truck,1,0,1,18,19,5.26
April 30 2018,Saratoga,NY,Passenger,1,1,2,67,69,2.90
December 31 2023,Texas,MO,Passenger,1,0,1,2,3,33.33
January 31 2017,Franklin,WA,Passenger,27,42,69,55377,55446,0.12
December 31 2017,Canyon,ID,Passenger,0,1,1,103,104,0.96
August 31 2019,Dale,AL,Passenger,0,1,1,55,56,1.79
April 30 2022,Thurston,WA,Truck,3,0,3,55408,55411,0.01
April 30 2019,Mason,WA,Passenger,117,115,232,46836,47068,0.49
October 31 2020,Douglas,WA,Passenger,80,43,123,28056,28179,0.44
May 31 2020,Henrico,VA,Passenger,0,1,1,20,21,4.76
February 28 2019,Lee,FL,Passenger,1,0,1,53,54,1.85
August 31 2022,Flathead,MT,Passenger,1,0,1,45,46,2.17
February 28 2018,Fulton,GA,Passenger,1,0,1,109,110,0.91
May 31 2022,Lane,OR,Passenger,0,1,1,126,127,0.79
June 30 2017,Clackamas,OR,Passenger,0,1,1,297,298,0.34
July 31 2024,Placer,CA,Passenger,2,0,2,70,72,2.78
January 31 2024,Hunt,TX,Passenger,1,0,1,3,4,25.00
September 30 2020,San Joaquin,CA,Passenger,1,0,1,129,130,0.77
February 28 2017,Adams,WA,Passenger,2,2,4,12122,12126,0.03
January 31 2024,Pierce,WA,Passenger,9786,3258,13044,523385,536429,2.43
February 28 2023,Pend Oreille,WA,Truck,0,0,0,5573,5573,0.00
November 30 2021,Whatcom,WA,Truck,4,0,4,43644,43648,0.01
July 31 2018,Eagle,CO,Passenger,1,0,1,6,7,14.29
March 31 2021,Prince George's,MD,Passenger,2,1,3,159,162,1.85
October 31 2018,Chelan,WA,Truck,0,0,0,22046,22046,0.00
May 31 2021,Virginia Beach,VA,Passenger,2,0,2,648,650,0.31
July 31 2024,Alexandria,VA,Passenger,3,0,3,93,96,3.12
November 30 2024,Walla Walla,WA,Truck,21,0,21,13629,13650,0.15
June 30 2024,Harnett,NC,Passenger,4,1,5,137,142,3.52
April 30 2025,Polk,OR,Passenger,1,1,2,12,14,14.29
November 30 2020,Miami-Dade,FL,Passenger,1,0,1,114,115,0.87
September 30 2024,Whitman,WA,Passenger,257,136,393,21938,22331,1.76
August 31 2021,Saratoga,NY,Passenger,1,0,1,48,49,2.04
February 28 2025,Dakota,MN,Passenger,0,1,1,10,11,9.09
April 30 2019,Sangamon,IL,Passenger,2,0,2,7,9,22.22
August 31 2022,Douglas,WA,Passenger,141,60,201,28362,28563,0.70
April 30 2025,San Juan,WA,Passenger,836,265,1101,13203,14304,7.70
January 31 2024,Skagit,WA,Passenger,1373,493,1866,88482,90348,2.07
October 31 2023,Richmond,NY,Passenger,1,0,1,4,5,20.00
April 30 2025,Clackamas,OR,Passenger,1,1,2,84,86,2.33
February 29 2024,Virginia Beach,VA,Passenger,6,3,9,476,485,1.86
October 31 2024,Adams,WA,Truck,5,0,5,5390,5395,0.09
December 31 2017,Skagit,WA,Passenger,168,138,306,89521,89827,0.34
February 29 2020,Rogers,OK,Passenger,1,0,1,11,12,8.33
March 31 2019,Adams,WA,Truck,0,0,0,5098,5098,0.00
July 31 2024,Montgomery,MD,Passenger,6,1,7,180,187,3.74
February 28 2023,Prince George,VA,Passenger,1,0,1,56,57,1.75
April 30 2021,Montgomery,AL,Passenger,1,0,1,37,38,2.63
March 31 2024,Essex,MA,Passenger,2,0,2,15,17,11.76
July 31 2023,Dorchester,SC,Passenger,1,0,1,53,54,1.85
April 30 2023,Oldham,KY,Passenger,0,1,1,5,6,16.67
September 30 2021,Randolph,NC,Passenger,1,0,1,5,6,16.67
August 31 2020,Lee,FL,Passenger,1,0,1,55,56,1.79
April 30 2019,Ramsey,MN,Passenger,1,0,1,47,48,2.08
July 31 2024,Cochise,AZ,Passenger,1,0,1,62,63,1.59
October 31 2022,Dakota,MN,Passenger,0,1,1,20,21,4.76
October 31 2020,Alexandria,VA,Passenger,3,0,3,136,139,2.16
December 31 2020,Whitman,WA,Passenger,51,44,95,21864,21959,0.43
March 31 2020,Multnomah,OR,Passenger,4,7,11,802,813,1.35
February 28 2021,St. Mary's,MD,Passenger,1,0,1,230,231,0.43
December 31 2020,DeKalb,GA,Passenger,1,0,1,79,80,1.25
March 31 2023,Thurston,WA,Truck,52,0,52,54094,54146,0.10
April 30 2022,Monterey,CA,Passenger,1,2,3,157,160,1.88
January 31 2023,Penobscot,ME,Passenger,0,1,1,9,10,10.00
June 30 2020,Benton,WA,Passenger,358,324,682,134127,134809,0.51
May 31 2020,Grant,WA,Passenger,59,71,130,65164,65294,0.20
June 30 2020,Boone,MO,Passenger,0,1,1,10,11,9.09
May 31 2021,Polk,FL,Passenger,1,0,1,75,76,1.32
April 30 2022,Jefferson,IL,Passenger,1,0,1,1,2,50.00
April 30 2022,Mason,WA,Truck,0,0,0,21078,21078,0.00
July 31 2024,Grant,WA,Passenger,461,205,666,67859,68525,0.97
October 31 2020,Washtenaw,MI,Passenger,1,1,2,35,37,5.41
September 30 2019,Salt Lake,UT,Passenger,1,0,1,225,226,0.44
December 31 2024,Allegheny,PA,Passenger,2,0,2,47,49,4.08
October 31 2017,Walla Walla,WA,Passenger,28,28,56,35130,35186,0.16
September 30 2022,Island,WA,Truck,9,0,9,21138,21147,0.04
July 31 2021,Garfield,WA,Truck,0,0,0,1001,1001,0.00
June 30 2023,Osceola,FL,Passenger,1,0,1,24,25,4.00
December 31 2021,St. Louis,MO,Passenger,1,0,1,80,81,1.23
February 29 2024,Ferry,WA,Passenger,27,4,31,4278,4309,0.72
August 31 2021,Grays Harbor,WA,Passenger,177,147,324,49449,49773,0.65
February 28 2017,DeKalb,IN,Passenger,1,0,1,1,2,50.00
March 31 2024,Burlington,NJ,Passenger,0,2,2,77,79,2.53
July 31 2017,Collier,FL,Passenger,1,0,1,27,28,3.57
April 30 2021,Saginaw,MI,Passenger,2,0,2,11,13,15.38
October 31 2020,Harris,TX,Passenger,1,0,1,283,284,0.35
January 31 2023,Maricopa,AZ,Passenger,19,5,24,1095,1119,2.14
April 30 2019,Wayne,MI,Passenger,0,1,1,71,72,1.39
October 31 2019,St. Mary's,MD,Passenger,1,0,1,226,227,0.44
October 31 2024,Kauai,HI,Passenger,0,1,1,17,18,5.56
November 30 2021,Stevens,WA,Passenger,54,43,97,30248,30345,0.32
October 31 2024,Charles,MD,Passenger,1,1,2,47,49,4.08
July 31 2021,Queens,NY,Passenger,2,0,2,56,58,3.45
November 30 2021,Franklin,OH,Passenger,1,0,1,69,70,1.43
November 30 2022,Charles,MD,Passenger,1,1,2,58,60,3.33
August 31 2018,Polk,FL,Passenger,1,0,1,70,71,1.41
May 31 2018,Portsmouth,VA,Passenger,0,1,1,75,76,1.32
May 31 2022,Lincoln,OR,Passenger,0,1,1,36,37,2.70
February 29 2020,Guadalupe,TX,Passenger,1,0,1,68,69,1.45
November 30 2020,Ventura,CA,Passenger,1,1,2,304,306,0.65
April 30 2018,Honolulu,HI,Passenger,2,2,4,550,554,0.72
April 30 2021,New London,CT,Passenger,1,2,3,225,228,1.32
August 31 2024,Monterey,CA,Passenger,1,6,7,131,138,5.07
December 31 2017,Lee,AL,Passenger,1,0,1,37,38,2.63
May 31 2019,Santa Fe,NM,Passenger,0,1,1,42,43,2.33
December 31 2019,Adams,WA,Passenger,6,7,13,12920,12933,0.10
December 31 2024,Hillsborough,FL,Passenger,2,1,3,89,92,3.26
March 31 2023,Douglas,CO,Passenger,1,1,2,80,82,2.44
April 30 2019,Volusia,FL,Passenger,0,1,1,38,39,2.56
March 31 2019,Franklin,WA,Passenger,51,67,118,59337,59455,0.20
April 30 2023,San Bernardino,CA,Passenger,3,1,4,369,373,1.07
December 31 2023,Columbia,WA,Passenger,12,0,12,2407,2419,0.50
February 28 2023,Douglas,WA,Passenger,178,58,236,28581,28817,0.82
May 31 2024,Grays Harbor,WA,Passenger,437,238,675,47818,48493,1.39
August 31 2017,Fulton,GA,Passenger,1,0,1,112,113,0.88
April 30 2018,San Juan,WA,Passenger,141,53,194,13951,14145,1.37
August 31 2020,Tulsa,OK,Passenger,1,0,1,58,59,1.69
December 31 2019,San Juan,WA,Truck,0,0,0,5929,5929,0.00
April 30 2024,Liberty,GA,Passenger,0,1,1,105,106,0.94
September 30 2018,Utah,UT,Passenger,0,1,1,157,158,0.63
September 30 2019,Wahkiakum,WA,Truck,0,0,0,1758,1758,0.00
November 30 2017,Brevard,FL,Passenger,0,1,1,110,111,0.90
April 30 2021,Yamhill,OR,Passenger,1,0,1,46,47,2.13
August 31 2024,Hoke,NC,Passenger,1,0,1,70,71,1.41
March 31 2024,Volusia,FL,Truck,1,0,1,5,6,16.67
September 30 2023,Franklin,OH,Passenger,1,0,1,59,60,1.67
May 31 2023,Orange,NY,Passenger,0,1,1,44,45,2.22
January 31 2020,Sacramento,CA,Passenger,1,1,2,306,308,0.65
December 31 2018,,,Passenger,3,2,5,430,435,1.15
August 31 2021,Los Angeles,CA,Passenger,11,9,20,966,986,2.03
July 31 2024,Anchorage,AK,Passenger,1,0,1,104,105,0.95
February 28 2023,Yakima,WA,Passenger,441,240,681,165939,166620,0.41
March 31 2021,Pierce,WA,Passenger,3121,1846,4967,555713,560680,0.89
July 31 2024,Okanogan,WA,Truck,17,0,17,16368,16385,0.10
January 31 2025,Jefferson,KY,Passenger,1,0,1,29,30,3.33
October 31 2018,Douglas,WA,Truck,0,0,0,12075,12075,0.00
October 31 2023,Cascade,MT,Passenger,0,1,1,41,42,2.38
July 31 2024,Hartford,CT,Passenger,1,0,1,19,20,5.00
June 30 2023,Newport News,VA,Passenger,1,0,1,120,121,0.83
April 30 2025,Orange,NY,Passenger,1,1,2,34,36,5.56
February 29 2024,Sacramento,CA,Passenger,2,1,3,181,184,1.63
December 31 2021,Burlington,NJ,Passenger,0,1,1,115,116,0.86
November 30 2024,Sacramento,CA,Truck,1,0,1,26,27,3.70
August 31 2021,Carroll,NH,Passenger,0,1,1,3,4,25.00
December 31 2017,Multnomah,OR,Passenger,3,3,6,913,919,0.65
July 31 2023,Greene,OH,Passenger,2,0,2,23,25,8.00
December 31 2023,Wichita,TX,Passenger,1,0,1,34,35,2.86
February 28 2018,Snohomish,WA,Passenger,2087,1117,3204,517066,520270,0.62
June 30 2023,Davidson,TN,Passenger,1,0,1,52,53,1.89
February 28 2018,Orleans,LA,Passenger,0,1,1,46,47,2.13
December 31 2019,DeKalb,IN,Passenger,1,0,1,1,2,50.00
April 30 2020,Pierce,WA,Passenger,2346,1681,4027,548198,552225,0.73
February 29 2024,Klickitat,WA,Truck,15,0,15,8161,8176,0.18
May 31 2023,El Dorado,CA,Passenger,1,0,1,26,27,3.70
October 31 2020,Saginaw,MI,Passenger,1,0,1,10,11,9.09
May 31 2022,King,WA,Truck,43,1,44,180897,180941,0.02
May 31 2019,New London,CT,Passenger,0,1,1,238,239,0.42
March 31 2022,Bexar,TX,Passenger,4,4,8,541,549,1.46
June 30 2021,Rogers,OK,Passenger,1,0,1,9,10,10.00
December 31 2022,Asotin,WA,Passenger,29,20,49,12401,12450,0.39
March 31 2017,Skagit,WA,Truck,1,0,1,31415,31416,0.00
November 30 2018,St. Mary's,MD,Passenger,1,0,1,221,222,0.45
May 31 2021,Burlington,NJ,Passenger,0,1,1,127,128,0.78
August 31 2024,Tom Green,TX,Passenger,0,1,1,19,20,5.00
May 31 2020,Pend Oreille,WA,Truck,0,0,0,5737,5737,0.00
March 31 2024,Larimer,CO,Passenger,1,0,1,35,36,2.78
September 30 2020,Okanogan,WA,Passenger,43,36,79,25943,26022,0.30
January 31 2023,Nassau,NY,Passenger,4,0,4,31,35,11.43
February 28 2019,Essex,MA,Passenger,1,0,1,30,31,3.23
April 30 2024,Stevens,WA,Truck,6,0,6,18657,18663,0.03
September 30 2020,Prince George's,MD,Passenger,2,1,3,164,167,1.80
December 31 2024,Lewis,WA,Truck,25,0,25,25791,25816,0.10
February 28 2025,Island,WA,Truck,94,0,94,20642,20736,0.45
May 31 2025,Okanogan,WA,Passenger,232,113,345,25293,25638,1.35
June 30 2017,Benton,WA,Truck,0,0,0,40045,40045,0.00
February 29 2024,Middlesex,CT,Passenger,1,0,1,9,10,10.00
December 31 2020,Suffolk,VA,Passenger,1,0,1,126,127,0.79
February 29 2024,Whatcom,WA,Truck,101,0,101,42420,42521,0.24
September 30 2023,Columbia,GA,Passenger,1,1,2,83,85,2.35
October 31 2017,Franklin,MA,Passenger,0,1,1,5,6,16.67
May 31 2022,Pinal,AZ,Passenger,0,1,1,159,160,0.62
March 31 2018,Fairfax,VA,Passenger,3,1,4,826,830,0.48
February 28 2019,Sussex,NJ,Passenger,1,0,1,1,2,50.00
July 31 2024,Brown,WI,Passenger,1,0,1,3,4,25.00
February 29 2020,El Paso,TX,Passenger,2,0,2,435,437,0.46
December 31 2021,Lee,FL,Passenger,1,0,1,46,47,2.13
September 30 2023,Providence,RI,Passenger,1,0,1,20,21,4.76
February 28 2021,Stevens,WA,Truck,0,0,0,18697,18697,0.00
January 31 2019,Okanogan,WA,Truck,0,0,0,16473,16473,0.00
April 30 2019,San Francisco,CA,Passenger,2,2,4,115,119,3.36
June 30 2021,Duval,FL,Passenger,0,2,2,362,364,0.55
May 31 2021,Cowlitz,WA,Truck,0,0,0,29120,29120,0.00
March 31 2024,Clark,WA,Passenger,7767,2803,10570,312880,323450,3.27
February 28 2017,Orange,CA,Passenger,3,1,4,694,698,0.57
July 31 2021,Palm Beach,FL,Passenger,1,1,2,76,78,2.56
November 30 2022,Rockingham,NH,Passenger,2,0,2,19,21,9.52
September 30 2023,Lincoln,OR,Passenger,1,1,2,24,26,7.69
April 30 2021,Asotin,WA,Truck,0,0,0,6758,6758,0.00
February 28 2018,Nantucket,MA,Passenger,1,0,1,4,5,20.00
August 31 2019,Pinal,AZ,Passenger,2,0,2,218,220,0.91
September 30 2023,Pima,AZ,Passenger,2,0,2,219,221,0.90
December 31 2024,Cumberland,NC,Passenger,3,2,5,296,301,1.66
February 28 2023,Frederick,MD,Passenger,1,0,1,59,60,1.67
June 30 2017,Sedgwick,KS,Passenger,0,1,1,116,117,0.85
June 30 2024,Chatham,NC,Passenger,1,0,1,4,5,20.00
February 28 2021,Klickitat,WA,Passenger,65,45,110,14988,15098,0.73
June 30 2021,Lake,FL,Passenger,1,0,1,27,28,3.57
February 28 2019,Snohomish,WA,Passenger,3144,1499,4643,527369,532012,0.87
February 28 2025,Clallam,WA,Passenger,930,419,1349,48336,49685,2.72
May 31 2020,Placer,CA,Passenger,2,0,2,103,105,1.90
March 31 2024,Grant,WA,Truck,22,0,22,28010,28032,0.08
June 30 2021,Santa Cruz,CA,Passenger,1,0,1,27,28,3.57
July 31 2022,San Joaquin,CA,Passenger,1,1,2,107,109,1.83
July 31 2017,Kittitas,WA,Truck,0,0,0,13586,13586,0.00
September 30 2019,Clackamas,OR,Passenger,2,1,3,232,235,1.28
January 31 2018,Franklin,WA,Truck,0,0,0,18554,18554,0.00
April 30 2024,Camden,GA,Passenger,1,0,1,105,106,0.94
August 31 2022,Randolph,NC,Passenger,1,0,1,4,5,20.00
August 31 2024,Asotin,WA,Truck,3,0,3,6552,6555,0.05
November 30 2019,Clallam,WA,Truck,1,0,1,21839,21840,0.00
August 31 2022,Yakima,WA,Passenger,364,204,568,166259,166827,0.34
November 30 2018,Snohomish,WA,Truck,1,0,1,121914,121915,0.00
November 30 2024,Brevard,FL,Passenger,1,0,1,56,57,1.75
April 30 2017,Missoula,MT,Passenger,1,0,1,78,79,1.27
September 30 2023,Jefferson,IL,Passenger,1,0,1,1,2,50.00
October 31 2020,Frederick,MD,Passenger,1,1,2,64,66,3.03
June 30 2023,Currituck,NC,Passenger,1,0,1,23,24,4.17
July 31 2017,Bexar,TX,Passenger,1,1,2,901,903,0.22
November 30 2021,Kootenai,ID,Passenger,1,2,3,214,217,1.38
December 31 2021,St. Clair,IL,Passenger,1,0,1,137,138,0.72
September 30 2018,Tulsa,OK,Passenger,1,0,1,54,55,1.82
February 28 2021,Franklin,WA,Passenger,92,86,178,61561,61739,0.29
March 31 2024,Travis,TX,Passenger,4,3,7,87,94,7.45
August 31 2022,Skamania,WA,Truck,0,0,0,3900,3900,0.00
August 31 2019,Lake,FL,Passenger,1,0,1,27,28,3.57
May 31 2024,Berkeley,SC,Passenger,2,0,2,104,106,1.89
April 30 2024,Kootenai,ID,Truck,1,0,1,26,27,3.70
September 30 2020,Klickitat,WA,Passenger,57,42,99,15013,15112,0.66
February 28 2025,Lincoln,WA,Truck,1,0,1,4738,4739,0.02
November 30 2024,Garfield,WA,Truck,0,0,0,990,990,0.00
June 30 2022,St. Johns,FL,Passenger,1,0,1,47,48,2.08
March 31 2022,Collier,FL,Passenger,1,0,1,22,23,4.35
December 31 2017,Chelan,WA,Truck,0,0,0,21609,21609,0.00
September 30 2023,Baltimore,MD,Passenger,1,0,1,72,73,1.37
June 30 2021,Lane,OR,Passenger,0,1,1,154,155,0.65
May 31 2022,Rockingham,NH,Passenger,2,0,2,22,24,8.33
April 30 2025,Harnett,NC,Passenger,2,1,3,116,119,2.52
December 31 2017,Douglas,WA,Passenger,38,33,71,27166,27237,0.26
November 30 2022,El Dorado,CA,Passenger,1,0,1,30,31,3.23
January 31 2019,King,WA,Passenger,17157,6674,23831,1379882,1403713,1.70
April 30 2018,Klamath,OR,Passenger,1,0,1,38,39,2.56
December 31 2023,Klickitat,WA,Passenger,178,76,254,15018,15272,1.66
August 31 2018,Island,WA,Truck,0,0,0,21019,21019,0.00
March 31 2021,Nassau,NY,Passenger,5,0,5,36,41,12.20
September 30 2023,Sarasota,FL,Passenger,1,0,1,35,36,2.78
August 31 2020,Anne Arundel,MD,Passenger,0,1,1,398,399,0.25
March 31 2017,Cascade,MT,Passenger,0,1,1,67,68,1.47
June 30 2020,Dakota,MN,Passenger,0,1,1,34,35,2.86
September 30 2017,Lane,OR,Passenger,0,1,1,224,225,0.44
September 30 2020,San Francisco,CA,Passenger,2,2,4,99,103,3.88
April 30 2022,St. Lawrence,NY,Passenger,1,0,1,6,7,14.29
September 30 2019,Snohomish,WA,Truck,0,0,0,122906,122906,0.00
February 28 2018,Clark,WA,Passenger,888,616,1504,305187,306691,0.49
January 31 2024,Newport News,VA,Passenger,1,0,1,109,110,0.91
April 30 2020,Klickitat,WA,Passenger,52,41,93,15417,15510,0.60
April 30 2019,Carson City,NV,Passenger,1,0,1,15,16,6.25
February 28 2019,Franklin,MA,Passenger,0,1,1,2,3,33.33
February 28 2022,Newport,RI,Passenger,0,1,1,75,76,1.32
August 31 2024,Columbia,GA,Passenger,1,1,2,80,82,2.44
January 31 2017,Clallam,WA,Truck,0,0,0,21042,21042,0.00
December 31 2018,Pacific,WA,Truck,0,0,0,7606,7606,0.00
February 28 2023,Middlesex,MA,Passenger,3,0,3,93,96,3.12
July 31 2018,Santa Fe,NM,Passenger,0,1,1,46,47,2.13
December 31 2024,Geary,KS,Truck,1,0,1,21,22,4.55
August 31 2023,Platte,MO,Passenger,2,1,3,18,21,14.29
July 31 2017,Prince George's,MD,Passenger,0,1,1,189,190,0.53
January 31 2020,Skagit,WA,Truck,1,0,1,32574,32575,0.00
February 28 2021,Clackamas,OR,Passenger,3,0,3,201,204,1.47
October 31 2022,DeKalb,GA,Passenger,1,0,1,56,57,1.75
May 31 2017,Stevens,WA,Truck,0,0,0,18239,18239,0.00
July 31 2018,Riverside,CA,Passenger,2,2,4,732,736,0.54
July 31 2018,Skagit,WA,Truck,1,0,1,32105,32106,0.00
January 31 2025,Marin,CA,Passenger,1,2,3,33,36,8.33
September 30 2022,Columbia,WA,Truck,0,0,0,1570,1570,0.00
May 31 2022,Douglas,CO,Passenger,1,1,2,90,92,2.17
March 31 2024,Mason,WA,Truck,22,0,22,20376,20398,0.11
March 31 2021,Montgomery,MD,Passenger,1,0,1,248,249,0.40
October 31 2022,Benton,WA,Passenger,864,488,1352,135383,136735,0.99
February 28 2023,Jefferson,IL,Passenger,1,0,1,1,2,50.00
July 31 2018,Kitsap,WA,Passenger,808,473,1281,178735,180016,0.71
November 30 2019,Dallas,TX,Passenger,1,0,1,221,222,0.45
August 31 2024,New London,CT,Passenger,3,5,8,174,182,4.40
March 31 2020,Whatcom,WA,Passenger,1056,488,1544,151073,152617,1.01
January 31 2022,Denton,TX,Passenger,2,0,2,92,94,2.13
April 30 2020,,,Passenger,7,1,8,409,417,1.92
April 30 2018,Carroll,NH,Passenger,0,1,1,1,2,50.00
January 31 2024,Placer,CA,Passenger,2,0,2,75,77,2.60
October 31 2018,Kittitas,WA,Passenger,58,35,93,29265,29358,0.32
October 31 2020,Maricopa,AZ,Passenger,8,9,17,1583,1600,1.06
March 31 2020,Wilson,TX,Passenger,0,1,1,8,9,11.11
March 31 2021,Hampshire,MA,Passenger,1,0,1,10,11,9.09
July 31 2024,Frederick,MD,Passenger,1,1,2,47,49,4.08
February 28 2022,Orange,NC,Passenger,1,0,1,12,13,7.69
March 31 2023,Kane,IL,Passenger,1,0,1,14,15,6.67
July 31 2018,Columbia,WA,Truck,0,0,0,1530,1530,0.00
October 31 2024,Richmond,VA,Passenger,1,0,1,8,9,11.11
October 31 2023,Fairfax,VA,Passenger,13,5,18,620,638,2.82
August 31 2021,Harris,TX,Passenger,1,1,2,242,244,0.82
April 30 2019,Cumberland,NC,Passenger,1,2,3,517,520,0.58
April 30 2019,Montgomery,MD,Passenger,1,0,1,286,287,0.35
April 30 2021,Botetourt,VA,Passenger,1,0,1,0,1,100.00
March 31 2019,Salt Lake,UT,Passenger,1,0,1,230,231,0.43
February 28 2023,Hudson,NJ,Passenger,2,0,2,38,40,5.00
January 31 2019,Ventura,CA,Passenger,0,2,2,337,339,0.59
January 31 2024,El Paso,CO,Truck,1,0,1,147,148,0.68
May 31 2025,Portsmouth,VA,Passenger,0,2,2,55,57,3.51
May 31 2025,Cook,IL,Passenger,1,2,3,148,151,1.99
April 30 2021,Columbia,WA,Truck,0,0,0,1557,1557,0.00
February 29 2024,Skagit,WA,Truck,39,0,39,31560,31599,0.12
May 31 2018,Jefferson,WA,Truck,0,0,0,9529,9529,0.00
September 30 2024,Sacramento,CA,Passenger,1,0,1,155,156,0.64
August 31 2021,Goochland,VA,Passenger,4,2,6,263,269,2.23
October 31 2020,San Diego,CA,Passenger,15,2,17,2736,2753,0.62
May 31 2024,Okanogan,WA,Passenger,183,88,271,26034,26305,1.03
July 31 2023,Tooele,UT,Passenger,1,0,1,12,13,7.69
May 31 2021,New York,NY,Passenger,4,0,4,59,63,6.35
November 30 2023,Denton,TX,Passenger,1,0,1,56,57,1.75
July 31 2021,Sonoma,CA,Passenger,0,1,1,92,93,1.08
October 31 2021,Henrico,VA,Passenger,0,1,1,21,22,4.55
August 31 2017,Shelby,TN,Passenger,0,1,1,109,110,0.91
March 31 2020,Hennepin,MN,Passenger,3,1,4,114,118,3.39
June 30 2018,Clallam,WA,Truck,0,0,0,21445,21445,0.00
August 31 2021,Currituck,NC,Passenger,1,0,1,26,27,3.70
February 28 2017,Skagit,WA,Truck,1,0,1,31394,31395,0.00
November 30 2018,Wahkiakum,WA,Truck,0,0,0,1704,1704,0.00
July 31 2019,Clark,NV,Passenger,5,3,8,763,771,1.04
October 31 2022,Burlington,NJ,Passenger,0,2,2,98,100,2.00
May 31 2023,Kent,DE,Passenger,1,0,1,50,51,1.96
March 31 2020,Santa Clara,CA,Passenger,11,2,13,359,372,3.49
June 30 2019,Middlesex,MA,Passenger,1,0,1,115,116,0.86
April 30 2022,Lincoln,OR,Passenger,0,1,1,40,41,2.44
June 30 2023,Wahkiakum,WA,Truck,2,0,2,1773,1775,0.11
February 28 2021,Wichita,TX,Passenger,1,0,1,45,46,2.17
March 31 2017,Fairfax,VA,Passenger,3,2,5,866,871,0.57
April 30 2023,Grant,WA,Truck,10,0,10,27947,27957,0.04
August 31 2024,Mason,WA,Truck,33,0,33,20429,20462,0.16
March 31 2023,Arapahoe,CO,Passenger,1,1,2,99,101,1.98
March 31 2022,Okaloosa,FL,Passenger,0,2,2,118,120,1.67
April 30 2024,Gwinnett,GA,Passenger,1,0,1,49,50,2.00
September 30 2020,Washington,WI,Passenger,1,0,1,3,4,25.00
December 31 2021,King,WA,Truck,6,1,7,182790,182797,0.00
September 30 2023,Monterey,CA,Passenger,1,3,4,129,133,3.01
November 30 2023,Berkeley,SC,Passenger,2,0,2,122,124,1.61
February 29 2024,Island,WA,Truck,41,0,41,20672,20713,0.20
February 28 2021,Pacific,WA,Passenger,37,38,75,15791,15866,0.47
December 31 2019,Montgomery,AL,Passenger,1,1,2,38,40,5.00
July 31 2019,Fulton,GA,Passenger,0,3,3,106,109,2.75
July 31 2020,El Paso,CO,Passenger,3,1,4,741,745,0.54
November 30 2021,San Mateo,CA,Passenger,3,0,3,110,113,2.65
March 31 2021,Yakima,WA,Passenger,189,135,324,168096,168420,0.19
April 30 2022,Henrico,VA,Passenger,0,1,1,23,24,4.17
July 31 2017,,,Passenger,3,0,3,453,456,0.66
December 31 2021,Owyhee,ID,Passenger,1,0,1,2,3,33.33
May 31 2025,Jackson,MS,Passenger,1,0,1,8,9,11.11
February 28 2021,Klamath,OR,Passenger,1,0,1,36,37,2.70
April 30 2022,Orange,CA,Passenger,8,3,11,458,469,2.35
May 31 2017,Garfield,WA,Truck,0,0,0,931,931,0.00
July 31 2020,New Haven,CT,Passenger,0,2,2,34,36,5.56
September 30 2022,Kootenai,ID,Passenger,1,2,3,181,184,1.63
February 28 2022,Harris,TX,Passenger,1,1,2,225,227,0.88
January 31 2021,El Dorado,CA,Passenger,1,0,1,40,41,2.44
March 31 2023,Lincoln,OR,Passenger,1,1,2,25,27,7.41
July 31 2019,Fresno,CA,Passenger,2,0,2,209,211,0.95
September 30 2021,Sumter,SC,Passenger,0,1,1,34,35,2.86
October 31 2023,Palm Beach,FL,Passenger,2,1,3,48,51,5.88
May 31 2022,Broward,FL,Passenger,2,0,2,92,94,2.13
January 31 2023,Garfield,WA,Truck,0,0,0,969,969,0.00
November 30 2022,Lewis,WA,Passenger,257,181,438,59840,60278,0.73
December 31 2017,Columbia,WA,Passenger,2,1,3,2404,2407,0.12
September 30 2020,Chelan,WA,Truck,0,0,0,22707,22707,0.00
March 31 2017,Clallam,WA,Passenger,77,65,142,48060,48202,0.29
October 31 2021,Kings,NY,Passenger,2,0,2,79,81,2.47
November 30 2023,Clark,WA,Truck,134,0,134,80865,80999,0.17
March 31 2017,Travis,TX,Passenger,1,0,1,201,202,0.50
October 31 2024,Lewis,WA,Passenger,552,420,972,59864,60836,1.60
June 30 2023,Weld,CO,Passenger,1,0,1,23,24,4.17
June 30 2023,Montgomery,PA,Passenger,1,0,1,25,26,3.85
June 30 2023,Orange,NC,Passenger,1,0,1,8,9,11.11
June 30 2023,Nassau,NY,Passenger,2,0,2,31,33,6.06
March 31 2017,Grant,WA,Truck,0,0,0,25045,25045,0.00
January 31 2024,Medina,TX,Passenger,1,0,1,6,7,14.29
February 28 2018,Duval,FL,Passenger,1,2,3,371,374,0.80
December 31 2022,Montgomery,PA,Passenger,1,0,1,27,28,3.57
August 31 2022,Louisa,VA,Passenger,0,1,1,2,3,33.33
May 31 2022,Boulder,CO,Passenger,2,0,2,49,51,3.92
July 31 2021,Wilson,TX,Passenger,0,1,1,4,5,20.00
December 31 2021,Asotin,WA,Passenger,22,17,39,12685,12724,0.31
May 31 2025,Island,WA,Passenger,1894,670,2564,58928,61492,4.17
January 31 2020,Pierce,WA,Truck,0,0,0,141208,141208,0.00
February 28 2019,Clay,FL,Passenger,0,1,1,90,91,1.10
September 30 2023,Shelby,AL,Passenger,1,0,1,4,5,20.00
April 30 2022,Stafford,VA,Passenger,2,1,3,99,102,2.94
October 31 2024,Wasco,OR,Passenger,0,1,1,15,16,6.25
November 30 2022,Adams,CO,Passenger,1,0,1,46,47,2.13
December 31 2022,Douglas,WA,Truck,3,0,3,12807,12810,0.02
June 30 2023,Contra Costa,CA,Passenger,2,3,5,190,195,2.56
June 30 2024,Portsmouth,VA,Passenger,0,3,3,64,67,4.48
March 31 2024,San Diego,CA,Truck,1,0,1,449,450,0.22
December 31 2024,Placer,CA,Passenger,3,0,3,58,61,4.92
July 31 2024,Yuba,CA,Passenger,1,0,1,54,55,1.82
April 30 2025,Honolulu,HI,Passenger,1,2,3,227,230,1.30
June 30 2018,Ramsey,MN,Passenger,1,0,1,43,44,2.27
November 30 2021,Providence,RI,Passenger,1,0,1,23,24,4.17
October 31 2019,Prince George's,MD,Passenger,1,1,2,186,188,1.06
January 31 2019,Fulton,GA,Passenger,1,3,4,111,115,3.48
July 31 2020,St. Louis,MO,Passenger,1,0,1,102,103,0.97
December 31 2023,Harford,MD,Passenger,1,1,2,48,50,4.00
March 31 2018,Lane,OR,Passenger,0,1,1,194,195,0.51
February 29 2024,Wise,TX,Passenger,2,0,2,5,7,28.57
February 28 2018,DeKalb,IN,Passenger,1,0,1,1,2,50.00
October 31 2024,St. Clair,IL,Passenger,0,1,1,108,109,0.92
August 31 2021,Walla Walla,WA,Truck,0,0,0,14066,14066,0.00
March 31 2023,San Mateo,CA,Passenger,4,1,5,103,108,4.63
January 31 2019,Fresno,CA,Passenger,2,0,2,202,204,0.98
January 31 2021,Nassau,FL,Passenger,1,0,1,39,40,2.50
December 31 2020,Bradley,TN,Passenger,1,0,1,0,1,100.00
February 28 2018,Arlington,VA,Passenger,1,2,3,182,185,1.62
August 31 2023,Suffolk,VA,Passenger,1,0,1,110,111,0.90
October 31 2024,Clay,FL,Passenger,1,0,1,63,64,1.56
April 30 2022,Ray,MO,Passenger,0,1,1,1,2,50.00
March 31 2021,Klickitat,WA,Passenger,65,47,112,15014,15126,0.74
February 29 2024,Pierce,WA,Truck,258,0,258,133862,134120,0.19
February 29 2024,King,WA,Passenger,73586,17856,91442,1308250,1399692,6.53
February 28 2023,San Diego,CA,Passenger,23,7,30,2479,2509,1.20
June 30 2021,Charleston,SC,Passenger,1,1,2,93,95,2.11
May 31 2017,Whitman,WA,Truck,0,0,0,8392,8392,0.00
November 30 2019,Garfield,WA,Passenger,0,1,1,1303,1304,0.08
May 31 2024,Douglas,NE,Passenger,1,1,2,26,28,7.14
August 31 2017,Ferry,WA,Passenger,1,1,2,4396,4398,0.05
December 31 2020,Clark,WA,Passenger,2357,1182,3539,319188,322727,1.10
February 28 2019,Grant,WA,Truck,0,0,0,26308,26308,0.00
June 30 2020,New York,NY,Passenger,2,0,2,70,72,2.78
July 31 2018,Garfield,WA,Passenger,1,1,2,1321,1323,0.15
February 28 2025,Montgomery,OH,Passenger,0,1,1,33,34,2.94
March 31 2019,DuPage,IL,Passenger,1,0,1,64,65,1.54
February 28 2025,Providence,RI,Passenger,1,0,1,17,18,5.56
October 31 2020,Maui,HI,Passenger,2,0,2,31,33,6.06
February 28 2023,Louisa,VA,Passenger,0,1,1,1,2,50.00
March 31 2017,Stevens,WA,Passenger,6,20,26,31268,31294,0.08
May 31 2024,Whitman,WA,Truck,11,0,11,8598,8609,0.13
July 31 2021,Asotin,WA,Passenger,21,17,38,12679,12717,0.30
May 31 2023,Anne Arundel,MD,Passenger,3,3,6,329,335,1.79
July 31 2022,Ferry,WA,Truck,0,0,0,3560,3560,0.00
August 31 2018,Grant,WA,Truck,0,0,0,25998,25998,0.00
January 31 2019,Monterey,CA,Passenger,0,1,1,197,198,0.51
May 31 2025,Lee,AL,Passenger,1,0,1,15,16,6.25
August 31 2024,Providence,RI,Passenger,1,0,1,20,21,4.76
January 31 2023,Saratoga,NY,Passenger,1,1,2,52,54,3.70
November 30 2020,DeKalb,GA,Passenger,1,0,1,80,81,1.23
March 31 2017,Whitman,WA,Passenger,9,18,27,21927,21954,0.12
August 31 2021,San Francisco,CA,Passenger,1,2,3,102,105,2.86
May 31 2023,Loudoun,VA,Passenger,2,1,3,67,70,4.29
May 31 2017,Madison,ID,Passenger,1,0,1,39,40,2.50
December 31 2020,Sarasota,FL,Passenger,2,0,2,43,45,4.44
July 31 2022,Columbia,WA,Passenger,7,0,7,2429,2436,0.29
May 31 2025,Spokane,WA,Truck,237,0,237,98276,98513,0.24
September 30 2018,Charles,MD,Passenger,0,1,1,86,87,1.15
March 31 2018,Utah,UT,Passenger,0,1,1,154,155,0.65
September 30 2022,Orange,CA,Passenger,8,3,11,440,451,2.44
November 30 2023,San Juan,WA,Passenger,678,191,869,13664,14533,5.98
August 31 2017,Okanogan,WA,Truck,0,0,0,16234,16234,0.00
October 31 2019,Sedgwick,KS,Passenger,1,1,2,104,106,1.89
March 31 2022,Pacific,WA,Truck,0,0,0,8000,8000,0.00
March 31 2023,Franklin,OH,Passenger,1,0,1,67,68,1.47
April 30 2022,Clinton,PA,Passenger,1,0,1,1,2,50.00
October 31 2021,Grant,WA,Passenger,133,95,228,66743,66971,0.34
November 30 2021,Howard,MD,Passenger,0,2,2,64,66,3.03
January 31 2023,Lee,AL,Passenger,1,0,1,21,22,4.55
June 30 2022,Pend Oreille,WA,Passenger,17,11,28,9029,9057,0.31
February 28 2023,Grays Harbor,WA,Truck,2,0,2,21022,21024,0.01
March 31 2019,Klamath,OR,Passenger,1,0,1,44,45,2.22
August 31 2022,San Francisco,CA,Passenger,2,0,2,97,99,2.02
October 31 2019,Klickitat,WA,Passenger,42,37,79,15659,15738,0.50
March 31 2021,San Francisco,CA,Passenger,2,2,4,103,107,3.74
July 31 2022,Dorchester,SC,Passenger,1,0,1,68,69,1.45
October 31 2023,El Dorado,CA,Passenger,2,0,2,22,24,8.33
August 31 2019,Bucks,PA,Passenger,1,0,1,28,29,3.45
February 28 2021,Spokane,WA,Truck,0,0,0,100898,100898,0.00
July 31 2021,Allen,IN,Passenger,1,0,1,20,21,4.76
September 30 2024,Spokane,WA,Passenger,3798,1766,5564,320436,326000,1.71
January 31 2017,Thurston,WA,Passenger,335,299,634,184846,185480,0.34
May 31 2019,Clallam,WA,Truck,0,0,0,21743,21743,0.00
November 30 2021,Geary,KS,Passenger,1,0,1,101,102,0.98
January 31 2024,Maui,HI,Passenger,2,0,2,20,22,9.09
April 30 2020,Muskogee,OK,Passenger,0,1,1,1,2,50.00
April 30 2017,Douglas,OR,Passenger,0,1,1,75,76,1.32
September 30 2022,Tarrant,TX,Passenger,4,0,4,143,147,2.72
January 31 2023,Whitman,WA,Truck,3,0,3,8623,8626,0.03
April 30 2019,Contra Costa,CA,Passenger,2,2,4,381,385,1.04
December 31 2020,Travis,TX,Passenger,4,2,6,197,203,2.96
September 30 2023,Kitsap,WA,Passenger,3603,1407,5010,174619,179629,2.79
August 31 2021,Montgomery,PA,Passenger,2,0,2,24,26,7.69
January 31 2021,Santa Cruz,CA,Passenger,1,0,1,31,32,3.12
July 31 2019,Montgomery,AL,Passenger,1,1,2,42,44,4.55
June 30 2021,Williams,ND,Passenger,0,1,1,8,9,11.11
December 31 2021,Sevier,AR,Passenger,0,1,1,1,2,50.00
March 31 2017,Chelan,WA,Passenger,55,30,85,51683,51768,0.16
October 31 2022,Richmond,NY,Passenger,1,0,1,3,4,25.00
July 31 2022,Klickitat,WA,Passenger,105,57,162,15158,15320,1.06
May 31 2019,,,Passenger,4,2,6,425,431,1.39
September 30 2024,Whatcom,WA,Truck,134,0,134,42257,42391,0.32
June 30 2020,Howard,MD,Passenger,0,1,1,84,85,1.18
October 31 2023,Liberty,GA,Passenger,0,1,1,108,109,0.92
May 31 2025,Kittitas,WA,Passenger,679,167,846,28571,29417,2.88
June 30 2021,Camden,NJ,Passenger,0,1,1,13,14,7.14
May 31 2020,Williams,ND,Passenger,0,1,1,11,12,8.33
July 31 2017,Morris,NJ,Passenger,1,0,1,24,25,4.00
July 31 2019,Collier,FL,Passenger,1,0,1,25,26,3.85
May 31 2025,Loudoun,VA,Passenger,1,1,2,48,50,4.00
April 30 2024,St. Lawrence,NY,Passenger,1,2,3,5,8,37.50
October 31 2017,Thurston,WA,Truck,0,0,0,53539,53539,0.00
June 30 2024,Whatcom,WA,Passenger,3372,1215,4587,147701,152288,3.01
July 31 2017,District of Columbia,DC,Passenger,0,3,3,207,210,1.43
January 31 2017,Lewis,NY,Passenger,0,1,1,10,11,9.09
July 31 2023,Ferry,WA,Passenger,21,4,25,4303,4328,0.58
January 31 2021,Whitman,WA,Passenger,51,46,97,21802,21899,0.44
June 30 2024,Skamania,WA,Passenger,157,51,208,7896,8104,2.57
May 31 2025,Marin,CA,Passenger,1,2,3,31,34,8.82
December 31 2024,Island,WA,Truck,83,0,83,20666,20749,0.40
March 31 2018,Whatcom,WA,Passenger,574,259,833,146040,146873,0.57
April 30 2025,Dallas,TX,Passenger,1,0,1,61,62,1.61
November 30 2019,Randolph,NC,Passenger,1,0,1,6,7,14.29
December 31 2023,Grant,WA,Passenger,370,164,534,67324,67858,0.79
July 31 2020,Salt Lake,UT,Passenger,1,1,2,207,209,0.96
May 31 2024,Sedgwick,KS,Passenger,0,1,1,55,56,1.79
September 30 2024,Prince George,VA,Passenger,2,0,2,55,57,3.51
July 31 2021,Columbia,OR,Passenger,1,0,1,25,26,3.85
February 28 2019,Flathead,MT,Passenger,1,0,1,68,69,1.45
April 30 2021,Maui,HI,Passenger,2,0,2,30,32,6.25
March 31 2023,New Haven,CT,Passenger,0,2,2,29,31,6.45
March 31 2022,Norfolk,VA,Passenger,2,3,5,315,320,1.56
May 31 2021,Tulsa,OK,Passenger,1,0,1,55,56,1.79
December 31 2021,Lexington,SC,Passenger,1,0,1,27,28,3.57
June 30 2022,Sevier,AR,Passenger,0,1,1,1,2,50.00
March 31 2025,Kane,IL,Passenger,1,0,1,8,9,11.11
June 30 2023,Olmsted,MN,Passenger,1,0,1,7,8,12.50
August 31 2020,Clallam,WA,Passenger,239,171,410,49906,50316,0.81
September 30 2024,San Juan,WA,Passenger,778,224,1002,13551,14553,6.89
December 31 2024,El Paso,TX,Passenger,2,2,4,273,277,1.44
March 31 2022,Spartanburg,SC,Passenger,0,1,1,44,45,2.22
February 29 2020,Wayne,MI,Passenger,0,1,1,58,59,1.69
October 31 2022,Kitsap,WA,Truck,25,0,25,52921,52946,0.05
January 31 2021,Penobscot,ME,Passenger,0,2,2,11,13,15.38
October 31 2020,Pinellas,FL,Passenger,1,1,2,118,120,1.67
September 30 2023,Bristol,MA,Passenger,1,0,1,7,8,12.50
July 31 2021,Ray,MO,Passenger,0,1,1,1,2,50.00
July 31 2018,Montgomery,MD,Passenger,1,0,1,298,299,0.33
September 30 2017,Jefferson,NY,Passenger,1,0,1,243,244,0.41
August 31 2021,Rockdale,GA,Passenger,1,0,1,8,9,11.11
June 30 2020,Henrico,VA,Passenger,0,1,1,20,21,4.76
February 29 2024,Orange,NC,Passenger,1,0,1,6,7,14.29
October 31 2019,Pima,AZ,Passenger,2,1,3,424,427,0.70
April 30 2020,Goochland,VA,Passenger,2,1,3,285,288,1.04
May 31 2024,Fredericksburg,VA,Passenger,1,0,1,3,4,25.00
September 30 2022,Yakima,WA,Truck,3,0,3,61327,61330,0.00
July 31 2020,Solano,CA,Passenger,1,0,1,218,219,0.46
March 31 2020,Pacific,WA,Truck,0,0,0,7704,7704,0.00
November 30 2017,Skamania,WA,Passenger,10,7,17,8574,8591,0.20
October 31 2020,Denver,CO,Passenger,1,0,1,126,127,0.79
September 30 2017,Carroll,NH,Passenger,0,1,1,1,2,50.00
October 31 2023,Santa Cruz,AZ,Passenger,1,0,1,5,6,16.67
September 30 2024,Essex,NJ,Passenger,1,1,2,8,10,20.00
June 30 2019,Muskogee,OK,Passenger,0,1,1,1,2,50.00
October 31 2023,Atlantic,NJ,Passenger,1,0,1,7,8,12.50
July 31 2023,Kittitas,WA,Truck,10,0,10,14591,14601,0.07
February 29 2020,Spartanburg,SC,Passenger,0,1,1,51,52,1.92
June 30 2020,Yakima,WA,Passenger,132,119,251,165257,165508,0.15
March 31 2023,Marion,OR,Passenger,1,0,1,94,95,1.05
April 30 2017,King,WA,Passenger,9555,3880,13435,1377725,1391160,0.97
February 28 2018,Collier,FL,Passenger,1,0,1,27,28,3.57
May 31 2020,Sumter,FL,Passenger,0,1,1,9,10,10.00
November 30 2022,Lincoln,WA,Passenger,12,19,31,7744,7775,0.40
August 31 2019,Monroe,IL,Passenger,1,0,1,4,5,20.00
July 31 2022,Grant,WA,Truck,0,0,0,27928,27928,0.00
April 30 2019,Pacific,WA,Truck,0,0,0,7652,7652,0.00
July 31 2022,New Haven,CT,Passenger,0,2,2,32,34,5.88
December 31 2018,Lewis,WA,Truck,0,0,0,25628,25628,0.00
February 28 2022,Montgomery,PA,Passenger,2,0,2,27,29,6.90
May 31 2025,Anne Arundel,MD,Truck,1,0,1,36,37,2.70
April 30 2025,Pend Oreille,WA,Truck,6,0,6,5444,5450,0.11
July 31 2017,Tulare,CA,Passenger,1,0,1,196,197,0.51
August 31 2022,Botetourt,VA,Passenger,1,0,1,0,1,100.00
November 30 2021,Louisa,VA,Passenger,0,1,1,1,2,50.00
January 31 2024,Polk,OR,Passenger,1,1,2,18,20,10.00
August 31 2019,Cumberland,NC,Passenger,1,2,3,501,504,0.60
March 31 2021,Riverside,CA,Passenger,7,0,7,637,644,1.09
December 31 2024,Tarrant,TX,Passenger,2,0,2,83,85,2.35
August 31 2022,Marion,IN,Passenger,1,0,1,46,47,2.13
April 30 2020,Wahkiakum,WA,Truck,0,0,0,1757,1757,0.00
November 30 2021,Juneau,AK,Passenger,0,1,1,34,35,2.86
December 31 2024,Guam,GU,Passenger,0,1,1,28,29,3.45
December 31 2018,Cumberland,NC,Passenger,1,1,2,531,533,0.38
October 31 2022,Carroll,MD,Passenger,0,1,1,21,22,4.55
May 31 2021,Lake,IL,Passenger,2,0,2,164,166,1.20
January 31 2021,Bexar,TX,Passenger,2,5,7,617,624,1.12
April 30 2024,Grays Harbor,WA,Passenger,422,235,657,47868,48525,1.35
October 31 2024,Escambia,FL,Passenger,1,1,2,115,117,1.71
June 30 2017,Jackson,MO,Passenger,1,0,1,66,67,1.49
October 31 2020,New York,NY,Passenger,4,0,4,66,70,5.71
November 30 2024,Norfolk,VA,Passenger,0,1,1,228,229,0.44
May 31 2025,Asotin,WA,Truck,5,0,5,6397,6402,0.08
April 30 2020,Monroe,IL,Passenger,1,0,1,3,4,25.00
February 29 2024,Muscogee,GA,Passenger,2,2,4,109,113,3.54
January 31 2025,Whitman,WA,Truck,17,0,17,8597,8614,0.20
January 31 2024,Anne Arundel,MD,Passenger,3,3,6,312,318,1.89
March 31 2025,Stafford,VA,Passenger,3,0,3,57,60,5.00
May 31 2023,Skamania,WA,Truck,1,0,1,3843,3844,0.03
May 31 2020,Lincoln,WA,Truck,0,0,0,4611,4611,0.00
January 31 2021,Santa Clara,CA,Passenger,10,2,12,307,319,3.76
May 31 2021,Loudoun,VA,Passenger,1,0,1,78,79,1.27
April 30 2021,Skamania,WA,Truck,0,0,0,4020,4020,0.00
July 31 2021,Mason,WA,Passenger,215,137,352,48039,48391,0.73
January 31 2022,Bristol,MA,Passenger,1,0,1,15,16,6.25
November 30 2024,Hoke,NC,Passenger,1,0,1,66,67,1.49
March 31 2022,Columbia,OR,Passenger,1,0,1,29,30,3.33
May 31 2019,Guadalupe,TX,Passenger,1,0,1,77,78,1.28
May 31 2023,Sussex,NJ,Passenger,1,0,1,2,3,33.33
June 30 2017,Montgomery,TN,Passenger,1,0,1,284,285,0.35
March 31 2017,Asotin,WA,Truck,0,0,0,6507,6507,0.00
December 31 2021,Champaign,IL,Passenger,1,0,1,14,15,6.67
August 31 2024,Stevens,WA,Passenger,159,82,241,29409,29650,0.81
July 31 2021,Clallam,WA,Truck,1,0,1,22014,22015,0.00
August 31 2023,Lake,IL,Passenger,6,0,6,131,137,4.38
October 31 2022,Kauai,HI,Passenger,1,0,1,22,23,4.35
June 30 2018,Flathead,MT,Passenger,1,0,1,60,61,1.64
March 31 2017,Eagle,CO,Passenger,1,0,1,8,9,11.11
April 30 2023,Middlesex,CT,Passenger,1,0,1,10,11,9.09
October 31 2021,Wake,NC,Passenger,1,0,1,141,142,0.70
April 30 2025,Falls Church,VA,Passenger,1,0,1,5,6,16.67
January 31 2020,Jones,GA,Passenger,1,0,1,0,1,100.00
January 31 2025,Kittitas,WA,Passenger,639,159,798,29386,30184,2.64
October 31 2022,Salt Lake,UT,Passenger,2,1,3,162,165,1.82
January 31 2023,Rockingham,NH,Passenger,2,0,2,19,21,9.52
April 30 2017,Multnomah,OR,Passenger,0,3,3,1091,1094,0.27
August 31 2023,Jefferson,NY,Passenger,2,0,2,198,200,1.00
September 30 2024,DuPage,IL,Passenger,6,0,6,28,34,17.65
January 31 2024,Monroe,WI,Passenger,1,0,1,9,10,10.00
September 30 2024,Montgomery,AL,Passenger,1,1,2,25,27,7.41
May 31 2023,San Francisco,CA,Passenger,4,0,4,87,91,4.40
December 31 2017,Charles,MD,Passenger,0,1,1,86,87,1.15
December 31 2022,Washoe,NV,Passenger,2,0,2,72,74,2.70
February 28 2019,Pierce,WA,Truck,0,0,0,138848,138848,0.00
November 30 2017,Walla Walla,WA,Passenger,29,31,60,35221,35281,0.17
May 31 2022,San Luis Obispo,CA,Passenger,2,1,3,73,76,3.95
February 28 2023,Portsmouth,VA,Passenger,0,1,1,70,71,1.41
November 30 2018,King,WA,Passenger,15775,6394,22169,1376083,1398252,1.59
March 31 2022,Davidson,TN,Passenger,1,0,1,64,65,1.54
September 30 2024,Carroll,MD,Passenger,0,1,1,12,13,7.69
September 30 2024,Orange,FL,Passenger,4,1,5,53,58,8.62
September 30 2021,Spartanburg,SC,Passenger,0,1,1,49,50,2.00
April 30 2021,Whitman,WA,Passenger,59,44,103,21943,22046,0.47
August 31 2020,Dakota,MN,Passenger,0,1,1,35,36,2.78
November 30 2024,DuPage,IL,Passenger,5,0,5,29,34,14.71
January 31 2018,Pacific,WA,Passenger,15,13,28,15442,15470,0.18
March 31 2025,Howard,MD,Passenger,1,2,3,49,52,5.77
February 28 2022,Washington,MD,Passenger,2,0,2,12,14,14.29
May 31 2019,Wise,TX,Passenger,1,0,1,4,5,20.00
July 31 2024,Honolulu,HI,Passenger,5,1,6,273,279,2.15
July 31 2024,Wake,NC,Passenger,5,2,7,93,100,7.00
February 28 2023,Lake,IN,Passenger,0,1,1,13,14,7.14
February 29 2020,Allegheny,PA,Passenger,2,0,2,83,85,2.35
November 30 2022,Wilson,TX,Passenger,0,1,1,3,4,25.00
December 31 2017,Thurston,WA,Truck,0,0,0,53716,53716,0.00
November 30 2024,Marin,CA,Passenger,1,2,3,36,39,7.69
December 31 2017,Essex,NJ,Passenger,1,0,1,13,14,7.14
December 31 2023,Tompkins,NY,Passenger,1,0,1,13,14,7.14
December 31 2024,San Mateo,CA,Passenger,4,1,5,68,73,6.85
October 31 2017,Franklin,OH,Passenger,0,1,1,113,114,0.88
May 31 2023,Ada,ID,Passenger,3,0,3,176,179,1.68
December 31 2018,Monroe,IL,Passenger,1,0,1,3,4,25.00
July 31 2017,Pima,AZ,Passenger,1,2,3,454,457,0.66
July 31 2022,Essex,MA,Passenger,3,0,3,20,23,13.04
September 30 2024,Charles,MD,Passenger,1,1,2,50,52,3.85
September 30 2021,Grays Harbor,WA,Truck,0,0,0,21382,21382,0.00
July 31 2022,Denton,TX,Passenger,2,0,2,84,86,2.33
September 30 2022,Ada,ID,Passenger,2,0,2,199,201,1.00
October 31 2021,Clackamas,OR,Passenger,2,0,2,201,203,0.99
April 30 2017,Virginia Beach,VA,Passenger,2,1,3,645,648,0.46
November 30 2021,Denton,TX,Passenger,1,0,1,93,94,1.06
March 31 2025,Clackamas,OR,Passenger,1,1,2,83,85,2.35
May 31 2018,Lee,FL,Passenger,1,0,1,58,59,1.69
January 31 2021,Whitman,WA,Truck,0,0,0,8509,8509,0.00
December 31 2024,Cowlitz,WA,Truck,33,0,33,27914,27947,0.12
December 31 2022,Jackson,OK,Passenger,0,1,1,40,41,2.44
May 31 2022,Goochland,VA,Passenger,5,2,7,198,205,3.41
July 31 2019,King,WA,Truck,5,1,6,182150,182156,0.00
May 31 2023,Maui,HI,Passenger,1,0,1,21,22,4.55
January 31 2020,Salt Lake,UT,Passenger,1,0,1,218,219,0.46
January 31 2020,New London,CT,Passenger,0,1,1,239,240,0.42
January 31 2020,Clallam,WA,Truck,1,0,1,21848,21849,0.00
July 31 2021,Mason,WA,Truck,0,0,0,21313,21313,0.00
July 31 2020,Baltimore,MD,Passenger,1,0,1,111,112,0.89
January 31 2018,Madison,ID,Passenger,1,0,1,37,38,2.63
January 31 2018,Lake,CA,Passenger,0,1,1,9,10,10.00
January 31 2017,Whitman,WA,Truck,0,0,0,8402,8402,0.00
February 28 2017,Marion,OR,Passenger,1,0,1,210,211,0.47
November 30 2020,Lake,IL,Passenger,2,0,2,168,170,1.18
November 30 2023,Montgomery,OH,Passenger,0,1,1,44,45,2.22
October 31 2018,Nueces,TX,Passenger,1,1,2,93,95,2.11
August 31 2024,Island,WA,Passenger,1586,560,2146,60399,62545,3.43
November 30 2019,Kootenai,ID,Passenger,1,2,3,238,241,1.24
July 31 2021,Fresno,CA,Passenger,2,0,2,195,197,1.02
October 31 2024,Washington,WI,Passenger,1,0,1,0,1,100.00
November 30 2022,Williamson,TX,Passenger,0,2,2,108,110,1.82
December 31 2021,Stafford,VA,Passenger,2,1,3,105,108,2.78
November 30 2024,Asotin,WA,Truck,3,0,3,6565,6568,0.05
May 31 2024,Bell,TX,Passenger,2,0,2,246,248,0.81
February 29 2024,Alameda,CA,Passenger,7,2,9,193,202,4.46
July 31 2022,Grant,WA,Passenger,183,99,282,66524,66806,0.42
September 30 2022,Placer,CA,Passenger,2,0,2,87,89,2.25
June 30 2020,Grant,WA,Passenger,59,72,131,65194,65325,0.20
June 30 2018,Pierce,WA,Truck,0,0,0,137749,137749,0.00
May 31 2018,Whatcom,WA,Passenger,612,280,892,147122,148014,0.60
April 30 2024,Bannock,ID,Passenger,1,0,1,8,9,11.11
March 31 2018,Wahkiakum,WA,Truck,0,0,0,1667,1667,0.00
December 31 2023,Grant,WA,Truck,15,0,15,28026,28041,0.05
July 31 2024,Howard,MD,Passenger,0,2,2,54,56,3.57
September 30 2020,Nueces,TX,Passenger,1,0,1,94,95,1.05
November 30 2018,DeKalb,GA,Passenger,1,0,1,81,82,1.22
July 31 2024,Lincoln,OR,Passenger,1,0,1,25,26,3.85
August 31 2022,Montgomery,AL,Passenger,1,1,2,35,37,5.41
January 31 2022,Broward,FL,Passenger,2,0,2,107,109,1.83
October 31 2022,Manassas,VA,Passenger,0,1,1,8,9,11.11
January 31 2020,Berkshire,MA,Passenger,0,1,1,7,8,12.50
December 31 2021,Anne Arundel,MD,Passenger,2,1,3,375,378,0.79
November 30 2021,Hudson,NJ,Passenger,1,0,1,47,48,2.08
December 31 2023,Milwaukee,WI,Passenger,1,0,1,42,43,2.33
August 31 2024,Pierce,WA,Passenger,11854,3741,15595,519601,535196,2.91
August 31 2023,Atlantic,NJ,Passenger,1,0,1,9,10,10.00
November 30 2020,Orange,NC,Passenger,1,0,1,13,14,7.14
July 31 2020,Klamath,OR,Passenger,1,0,1,39,40,2.50
May 31 2025,Macomb,MI,Passenger,4,0,4,10,14,28.57
November 30 2019,Spokane,WA,Truck,1,0,1,96156,96157,0.00
October 31 2021,Lincoln,WA,Truck,0,0,0,4796,4796,0.00
August 31 2018,Clallam,WA,Truck,0,0,0,21478,21478,0.00
April 30 2021,Contra Costa,CA,Passenger,3,5,8,273,281,2.85
February 29 2020,Goochland,VA,Passenger,2,1,3,285,288,1.04
August 31 2022,Eagle,CO,Passenger,1,0,1,6,7,14.29
March 31 2020,Collin,TX,Passenger,2,1,3,148,151,1.99
March 31 2022,Currituck,NC,Passenger,1,0,1,24,25,4.00
May 31 2022,Ray,MO,Passenger,0,1,1,2,3,33.33
May 31 2021,Mason,WA,Passenger,207,134,341,48063,48404,0.70
April 30 2023,Columbia,WA,Truck,0,0,0,1550,1550,0.00
August 31 2019,Pima,AZ,Passenger,1,1,2,431,433,0.46
March 31 2017,Alameda,CA,Passenger,3,1,4,385,389,1.03
February 29 2024,Clark,WA,Passenger,7553,2758,10311,312802,323113,3.19
December 31 2017,Franklin,WA,Truck,0,0,0,18483,18483,0.00
March 31 2018,Twin Falls,ID,Passenger,0,1,1,26,27,3.70
May 31 2024,Williamsburg,VA,Passenger,0,1,1,2,3,33.33
July 31 2021,Plaquemines,LA,Passenger,0,1,1,17,18,5.56
December 31 2022,Wahkiakum,WA,Passenger,26,13,39,3027,3066,1.27
November 30 2024,Beaufort,SC,Passenger,1,0,1,22,23,4.35
October 31 2024,Island,WA,Passenger,1657,579,2236,60374,62610,3.57
October 31 2021,Franklin,OH,Passenger,1,0,1,71,72,1.39
December 31 2018,Grays Harbor,WA,Passenger,62,72,134,47453,47587,0.28
January 31 2023,El Dorado,CA,Passenger,1,0,1,29,30,3.33
November 30 2022,Sacramento,CA,Passenger,2,1,3,243,246,1.22
September 30 2024,Loudoun,VA,Passenger,2,1,3,58,61,4.92
February 28 2025,Osceola,FL,Passenger,1,0,1,20,21,4.76
March 31 2024,Pacific,WA,Passenger,103,104,207,15485,15692,1.32
April 30 2023,Miami-Dade,FL,Passenger,2,0,2,88,90,2.22
June 30 2017,King,WA,Passenger,10023,4101,14124,1374509,1388633,1.02
January 31 2024,Harnett,NC,Passenger,4,1,5,154,159,3.14
May 31 2017,Hamilton,IN,Passenger,1,0,1,62,63,1.59
November 30 2023,New Castle,DE,Passenger,1,0,1,19,20,5.00
September 30 2023,Williamson,TX,Passenger,1,1,2,85,87,2.30
February 29 2024,Charles,MD,Passenger,1,1,2,54,56,3.57
May 31 2021,San Juan,WA,Truck,0,0,0,5918,5918,0.00
April 30 2023,Stevens,WA,Truck,1,0,1,18694,18695,0.01
August 31 2024,Meade,KY,Passenger,1,0,1,17,18,5.56
March 31 2020,Brevard,FL,Passenger,0,1,1,95,96,1.04
January 31 2019,Rogers,OK,Passenger,1,0,1,8,9,11.11
March 31 2023,Placer,CA,Passenger,1,0,1,83,84,1.19
March 31 2022,Carson City,NV,Passenger,1,0,1,11,12,8.33
May 31 2023,Contra Costa,CA,Passenger,2,3,5,190,195,2.56
November 30 2022,San Francisco,CA,Passenger,3,0,3,91,94,3.19
April 30 2023,Pinellas,FL,Passenger,1,0,1,71,72,1.39
November 30 2019,Flathead,MT,Passenger,1,0,1,76,77,1.30
March 31 2022,Arlington,VA,Passenger,3,0,3,149,152,1.97
February 29 2020,Lewis,WA,Truck,0,0,0,26099,26099,0.00
June 30 2024,Mesa,CO,Passenger,0,1,1,8,9,11.11
February 28 2025,Milwaukee,WI,Passenger,1,0,1,35,36,2.78
January 31 2019,Ferry,WA,Truck,0,0,0,3590,3590,0.00
November 30 2017,San Diego,CA,Passenger,4,2,6,2595,2601,0.23
April 30 2020,Middlesex,MA,Passenger,1,0,1,99,100,1.00
December 31 2021,Lincoln,OR,Passenger,0,1,1,40,41,2.44
December 31 2024,Skagit,WA,Truck,70,0,70,31447,31517,0.22
January 31 2020,Charles,MD,Passenger,0,1,1,83,84,1.19
October 31 2020,Stevens,WA,Truck,0,0,0,18674,18674,0.00
November 30 2018,Guadalupe,TX,Passenger,1,0,1,80,81,1.23
March 31 2021,Franklin,WA,Truck,0,0,0,20597,20597,0.00
June 30 2020,Placer,CA,Passenger,2,0,2,104,106,1.89
October 31 2017,Franklin,WA,Passenger,31,49,80,56490,56570,0.14
June 30 2018,Hawaii,HI,Passenger,1,0,1,78,79,1.27
November 30 2024,Hamilton,IN,Passenger,1,0,1,21,22,4.55
November 30 2020,Wahkiakum,WA,Truck,0,0,0,1763,1763,0.00
January 31 2024,Alameda,CA,Passenger,8,2,10,197,207,4.83
December 31 2020,Jefferson,WA,Passenger,286,156,442,24779,25221,1.75
August 31 2023,Currituck,NC,Passenger,1,0,1,23,24,4.17
March 31 2024,Fairfax,VA,Truck,1,0,1,85,86,1.16
September 30 2020,Asotin,WA,Truck,0,0,0,6689,6689,0.00
October 31 2024,Geary,KS,Passenger,1,0,1,66,67,1.49
July 31 2022,Placer,CA,Passenger,2,0,2,86,88,2.27
March 31 2023,Grant,WA,Truck,8,0,8,28040,28048,0.03
August 31 2022,St. Johns,FL,Passenger,1,0,1,47,48,2.08
June 30 2024,San Luis Obispo,CA,Passenger,0,2,2,42,44,4.55
August 31 2024,Fairfax,VA,Passenger,16,10,26,564,590,4.41
April 30 2024,Fresno,CA,Passenger,1,1,2,138,140,1.43
July 31 2018,Essex,MA,Passenger,1,0,1,28,29,3.45
May 31 2022,Pend Oreille,WA,Passenger,16,11,27,8989,9016,0.30
April 30 2021,Milwaukee,WI,Passenger,1,0,1,49,50,2.00
October 31 2020,Polk,FL,Passenger,1,0,1,79,80,1.25
June 30 2023,Prince William,VA,Passenger,0,4,4,171,175,2.29
February 28 2021,Maui,HI,Passenger,2,0,2,30,32,6.25
August 31 2023,Leavenworth,KS,Passenger,1,2,3,84,87,3.45
May 31 2020,Washington,OR,Passenger,1,0,1,483,484,0.21
December 31 2021,Solano,CA,Passenger,1,0,1,191,192,0.52
May 31 2024,Isle of Wight,VA,Passenger,0,1,1,17,18,5.56
November 30 2024,Kent,RI,Truck,1,0,1,3,4,25.00
January 31 2021,Chesapeake,VA,Passenger,0,2,2,423,425,0.47
January 31 2025,Travis,TX,Passenger,4,1,5,57,62,8.06
August 31 2023,Snohomish,WA,Truck,198,0,198,121039,121237,0.16
December 31 2024,Collin,TX,Passenger,2,1,3,42,45,6.67
May 31 2018,Monterey,CA,Passenger,0,2,2,194,196,1.02
March 31 2021,Mercer,NJ,Passenger,0,1,1,10,11,9.09
March 31 2021,Adams,WA,Passenger,10,7,17,12981,12998,0.13
March 31 2025,Lincoln,OR,Passenger,1,0,1,15,16,6.25
September 30 2024,Mercer,NJ,Passenger,0,1,1,6,7,14.29
September 30 2022,Whitman,WA,Passenger,96,64,160,21848,22008,0.73
June 30 2018,Klickitat,WA,Truck,0,0,0,8109,8109,0.00
February 29 2024,Charleston,SC,Passenger,0,2,2,59,61,3.28
February 29 2024,Maricopa,AZ,Passenger,17,3,20,864,884,2.26
August 31 2021,Kings,CA,Passenger,1,0,1,321,322,0.31
August 31 2023,Wayne,MI,Passenger,0,1,1,42,43,2.33
April 30 2019,Shasta,CA,Passenger,1,0,1,42,43,2.33
April 30 2025,Yakima,WA,Truck,41,0,41,59851,59892,0.07
September 30 2022,Travis,TX,Passenger,3,2,5,136,141,3.55
March 31 2022,Mason,WA,Truck,0,0,0,21117,21117,0.00
February 28 2021,Skamania,WA,Passenger,37,24,61,8281,8342,0.73
February 28 2022,Okanogan,WA,Truck,0,0,0,16691,16691,0.00
July 31 2018,Santa Rosa,FL,Passenger,1,0,1,96,97,1.03
January 31 2018,Spokane,WA,Truck,1,0,1,91714,91715,0.00
May 31 2020,Howard,MD,Passenger,0,1,1,83,84,1.19
May 31 2024,Wake,NC,Passenger,5,2,7,94,101,6.93
July 31 2021,Spartanburg,SC,Passenger,0,1,1,53,54,1.85
July 31 2022,Yakima,WA,Passenger,353,198,551,166429,166980,0.33
June 30 2017,Montgomery,PA,Passenger,1,0,1,41,42,2.38
May 31 2017,Mason,WA,Passenger,51,64,115,43282,43397,0.26
March 31 2020,Boulder,CO,Passenger,1,1,2,54,56,3.57
June 30 2024,Richmond,VA,Passenger,1,0,1,11,12,8.33
December 31 2021,Garfield,WA,Passenger,0,3,3,1343,1346,0.22
September 30 2024,Monroe,WI,Passenger,2,0,2,8,10,20.00
August 31 2021,Boone,MO,Passenger,0,1,1,11,12,8.33
March 31 2017,New London,CT,Passenger,1,0,1,258,259,0.39
April 30 2021,Juneau,AK,Passenger,0,1,1,31,32,3.12
March 31 2022,Adams,CO,Passenger,1,0,1,50,51,1.96
October 31 2024,Orange,NY,Passenger,0,1,1,34,35,2.86
November 30 2023,Columbia,WA,Passenger,12,0,12,2410,2422,0.50
April 30 2022,King,WA,Truck,26,1,27,181468,181495,0.01
October 31 2024,Cowlitz,WA,Passenger,805,303,1108,69807,70915,1.56
January 31 2025,Skamania,WA,Truck,9,0,9,3825,3834,0.23
October 31 2020,Kootenai,ID,Passenger,0,1,1,230,231,0.43
January 31 2019,,,Passenger,3,2,5,432,437,1.14
March 31 2017,Santa Fe,NM,Passenger,0,1,1,47,48,2.08
June 30 2024,Grant,WA,Passenger,444,193,637,67773,68410,0.93
July 31 2022,Middlesex,MA,Passenger,2,0,2,99,101,1.98
January 31 2022,Pinellas,FL,Passenger,0,1,1,102,103,0.97
July 31 2023,Washington,MD,Passenger,1,0,1,15,16,6.25
February 29 2024,Plaquemines,LA,Passenger,1,1,2,17,19,10.53
September 30 2024,Hoke,NC,Passenger,1,0,1,68,69,1.45
September 30 2018,Marion,OR,Passenger,1,0,1,132,133,0.75
December 31 2020,Stevens,WA,Truck,0,0,0,18695,18695,0.00
September 30 2020,DuPage,IL,Passenger,4,1,5,61,66,7.58
January 31 2020,Asotin,WA,Truck,0,0,0,6719,6719,0.00
June 30 2021,Whitman,WA,Truck,0,0,0,8582,8582,0.00
August 31 2022,Adams,WA,Truck,1,0,1,5428,5429,0.02
September 30 2020,Franklin,WA,Truck,0,0,0,20272,20272,0.00
January 31 2019,Jefferson,WA,Truck,0,0,0,9611,9611,0.00
November 30 2022,Virginia Beach,VA,Passenger,1,1,2,544,546,0.37
June 30 2017,Santa Clara,CA,Passenger,5,2,7,422,429,1.63
October 31 2018,Charleston,SC,Passenger,1,0,1,128,129,0.78
March 31 2021,Orange,CA,Passenger,6,3,9,496,505,1.78
July 31 2022,Yellowstone,MT,Passenger,0,1,1,29,30,3.33
May 31 2019,San Francisco,CA,Passenger,2,2,4,111,115,3.48
March 31 2023,Sussex,NJ,Passenger,1,0,1,2,3,33.33
December 31 2024,Jefferson,KY,Passenger,1,0,1,30,31,3.23
November 30 2023,Bristol,MA,Passenger,1,0,1,7,8,12.50
October 31 2024,Klickitat,WA,Truck,22,0,22,8263,8285,0.27
June 30 2020,Maui,HI,Passenger,2,0,2,34,36,5.56
January 31 2017,Shelby,TN,Passenger,0,1,1,119,120,0.83
March 31 2020,Deschutes,OR,Passenger,4,0,4,164,168,2.38
May 31 2019,Shelby,TN,Passenger,0,1,1,101,102,0.98
December 31 2022,Columbia,GA,Passenger,0,1,1,96,97,1.03
October 31 2020,Cowlitz,WA,Truck,0,0,0,28873,28873,0.00
May 31 2023,Medina,TX,Passenger,1,0,1,7,8,12.50
January 31 2020,Richland,SC,Passenger,0,1,1,155,156,0.64
October 31 2023,Cumberland,NC,Passenger,2,3,5,349,354,1.41
December 31 2017,Kitsap,WA,Passenger,693,377,1070,175798,176868,0.60
August 31 2018,DuPage,IL,Passenger,1,0,1,59,60,1.67
January 31 2022,Columbia,WA,Passenger,6,2,8,2448,2456,0.33
April 30 2023,Gwinnett,GA,Passenger,1,0,1,65,66,1.52
November 30 2024,San Bernardino,CA,Passenger,6,0,6,304,310,1.94
June 30 2022,San Joaquin,CA,Passenger,1,1,2,110,112,1.79
October 31 2020,San Mateo,CA,Passenger,2,1,3,131,134,2.24
July 31 2018,Contra Costa,CA,Passenger,0,1,1,440,441,0.23
February 29 2020,Washtenaw,MI,Passenger,1,0,1,41,42,2.38
May 31 2024,Camden,GA,Passenger,1,0,1,105,106,0.94
September 30 2024,Kitsap,WA,Truck,191,0,191,51489,51680,0.37
July 31 2018,Pend Oreille,WA,Truck,0,0,0,5700,5700,0.00
February 28 2022,Lincoln,WA,Passenger,7,17,24,7665,7689,0.31
March 31 2022,Plaquemines,LA,Passenger,0,1,1,19,20,5.00
May 31 2025,Anne Arundel,MD,Passenger,5,2,7,242,249,2.81
January 31 2021,DeKalb,GA,Passenger,1,0,1,74,75,1.33
January 31 2022,San Mateo,CA,Passenger,3,0,3,108,111,2.70
May 31 2025,Solano,CA,Passenger,3,0,3,131,134,2.24
June 30 2017,Kittitas,WA,Truck,0,0,0,13567,13567,0.00
July 31 2020,Orange,CA,Passenger,8,2,10,534,544,1.84
October 31 2022,St. Lawrence,NY,Passenger,1,0,1,5,6,16.67
July 31 2022,Pend Oreille,WA,Truck,0,0,0,5629,5629,0.00
November 30 2023,Dakota,MN,Passenger,0,1,1,13,14,7.14
February 28 2022,Whitman,WA,Truck,0,0,0,8566,8566,0.00
May 31 2020,Harnett,NC,Passenger,1,0,1,216,217,0.46
July 31 2022,Walla Walla,WA,Passenger,175,98,273,35756,36029,0.76
June 30 2021,Dallas,IA,Passenger,0,1,1,11,12,8.33
December 31 2022,Orange,NC,Passenger,1,0,1,7,8,12.50
May 31 2021,Columbia,OR,Passenger,1,0,1,21,22,4.55
April 30 2024,Hamilton,IN,Passenger,1,0,1,25,26,3.85
August 31 2020,Prince George's,MD,Passenger,2,1,3,169,172,1.74
May 31 2019,Norfolk,MA,Passenger,1,0,1,40,41,2.44
January 31 2025,Yakima,WA,Truck,31,0,31,60841,60872,0.05
May 31 2024,Pulaski,AR,Passenger,1,0,1,27,28,3.57
January 31 2021,Suffolk,VA,Passenger,1,0,1,126,127,0.79
May 31 2025,Polk,OR,Passenger,1,1,2,12,14,14.29
December 31 2018,Maricopa,AZ,Passenger,2,3,5,1703,1708,0.29
October 31 2024,Pinellas,FL,Passenger,1,0,1,51,52,1.92
December 31 2018,Clark,WA,Passenger,1246,841,2087,311244,313331,0.67
April 30 2024,Newport,RI,Truck,1,0,1,8,9,11.11
February 28 2023,Spokane,WA,Passenger,2031,975,3006,322696,325702,0.92
April 30 2023,Fairbanks North Star,AK,Passenger,0,1,1,66,67,1.49
February 28 2023,Meade,KY,Passenger,1,0,1,18,19,5.26
January 31 2018,Dakota,MN,Passenger,0,2,2,43,45,4.44
July 31 2022,San Diego,CA,Passenger,20,9,29,2541,2570,1.13
June 30 2022,Fairfax,VA,Passenger,7,3,10,681,691,1.45
December 31 2022,Chesterfield,VA,Passenger,1,0,1,45,46,2.17
October 31 2019,Douglas,WA,Passenger,63,38,101,28255,28356,0.36
October 31 2017,Kitsap,WA,Passenger,661,355,1016,174821,175837,0.58
October 31 2021,Lane,OR,Passenger,0,1,1,143,144,0.69
July 31 2024,Charlottesville,VA,Passenger,0,2,2,5,7,28.57
September 30 2024,Kauai,HI,Passenger,0,1,1,17,18,5.56
March 31 2023,Yellowstone,MT,Passenger,0,1,1,26,27,3.70
May 31 2019,Oldham,KY,Passenger,0,1,1,5,6,16.67
June 30 2022,Hawaii,HI,Passenger,1,0,1,51,52,1.92
June 30 2021,Montgomery,PA,Passenger,1,0,1,27,28,3.57
July 31 2017,Fulton,GA,Passenger,1,0,1,116,117,0.85
August 31 2023,Columbia,GA,Passenger,1,1,2,84,86,2.33
January 31 2024,Albemarle,VA,Passenger,3,0,3,19,22,13.64
May 31 2020,Bucks,PA,Passenger,1,0,1,26,27,3.70
February 29 2024,Wahkiakum,WA,Passenger,35,23,58,3058,3116,1.86
February 28 2025,Richmond,VA,Passenger,1,0,1,7,8,12.50
September 30 2022,Fort Bend,TX,Passenger,1,0,1,31,32,3.12
March 31 2019,Hennepin,MN,Passenger,2,0,2,118,120,1.67
February 28 2021,Grays Harbor,WA,Truck,0,0,0,21228,21228,0.00
July 31 2024,Bergen,NJ,Passenger,1,0,1,10,11,9.09
April 30 2023,Orange,NY,Passenger,0,1,1,46,47,2.13
October 31 2024,Pacific,WA,Passenger,129,123,252,15552,15804,1.59
May 31 2021,DuPage,IL,Passenger,3,1,4,58,62,6.45
August 31 2018,Beaufort,SC,Passenger,1,0,1,43,44,2.27
April 30 2024,Cumberland,PA,Passenger,1,0,1,48,49,2.04
February 28 2023,Prince George's,MD,Passenger,3,2,5,145,150,3.33
March 31 2024,Camden,GA,Passenger,1,0,1,108,109,0.92
October 31 2018,Santa Cruz,CA,Passenger,1,0,1,42,43,2.33
January 31 2023,Olmsted,MN,Passenger,1,0,1,8,9,11.11
June 30 2024,Cochise,AZ,Passenger,1,0,1,63,64,1.56
November 30 2022,Whitman,WA,Passenger,109,65,174,21856,22030,0.79
June 30 2023,Fredericksburg,VA,Passenger,1,0,1,5,6,16.67
July 31 2024,Stafford,VA,Passenger,3,0,3,66,69,4.35
April 30 2019,Pacific,WA,Passenger,23,28,51,15911,15962,0.32
February 28 2023,Autauga,AL,Passenger,2,1,3,14,17,17.65
April 30 2024,Leavenworth,KS,Passenger,3,2,5,73,78,6.41
April 30 2021,Okanogan,WA,Passenger,58,36,94,26389,26483,0.35
February 28 2025,Berkeley,SC,Passenger,1,0,1,86,87,1.15
December 31 2021,Botetourt,VA,Passenger,1,0,1,0,1,100.00
April 30 2025,Galveston,TX,Passenger,1,0,1,14,15,6.67
February 28 2019,Stevens,WA,Passenger,18,28,46,31701,31747,0.14
May 31 2023,Yakima,WA,Truck,12,0,12,61048,61060,0.02
June 30 2021,Garfield,WA,Truck,0,0,0,995,995,0.00
April 30 2023,Cowlitz,WA,Truck,8,0,8,28208,28216,0.03
January 31 2020,Tulsa,OK,Passenger,1,0,1,61,62,1.61
September 30 2022,Essex,MA,Passenger,3,0,3,18,21,14.29
December 31 2020,Williams,ND,Passenger,0,1,1,11,12,8.33
July 31 2022,Douglas,WA,Passenger,137,60,197,28381,28578,0.69
July 31 2021,Grays Harbor,WA,Passenger,176,146,322,49463,49785,0.65
January 31 2024,Baltimore,MD,Passenger,1,0,1,74,75,1.33
September 30 2017,Franklin,MA,Passenger,0,1,1,5,6,16.67
March 31 2023,Pend Oreille,WA,Truck,0,0,0,5576,5576,0.00
October 31 2022,St. Johns,FL,Passenger,1,0,1,45,46,2.17
July 31 2019,Caddo,LA,Passenger,0,1,1,25,26,3.85
February 28 2023,Skagit,WA,Passenger,980,376,1356,88986,90342,1.50
November 30 2022,Larimer,CO,Passenger,1,0,1,54,55,1.82
October 31 2023,Weld,CO,Passenger,1,0,1,22,23,4.35
July 31 2020,Franklin,WA,Truck,0,0,0,20082,20082,0.00
November 30 2023,Chelan,WA,Passenger,731,204,935,54170,55105,1.70
June 30 2017,Collier,FL,Passenger,1,0,1,27,28,3.57
August 31 2020,Cowlitz,WA,Passenger,152,120,272,72104,72376,0.38
October 31 2018,Snohomish,WA,Passenger,2636,1379,4015,525689,529704,0.76
November 30 2018,Okanogan,WA,Passenger,15,22,37,26117,26154,0.14
August 31 2023,Clark,WA,Passenger,6346,2424,8770,312765,321535,2.73
August 31 2024,El Paso,CO,Passenger,10,8,18,475,493,3.65
February 28 2021,RÃ­o Grande,PR,Passenger,1,0,1,0,1,100.00
October 31 2023,Berkeley,SC,Passenger,2,0,2,124,126,1.59
July 31 2023,Dallas,TX,Truck,1,0,1,11,12,8.33
December 31 2020,Okaloosa,FL,Passenger,0,1,1,143,144,0.69
November 30 2023,Stevens,WA,Passenger,135,75,210,29442,29652,0.71
August 31 2021,Rockingham,NH,Passenger,1,0,1,26,27,3.70
March 31 2021,Alameda,CA,Passenger,5,0,5,283,288,1.74
November 30 2020,Mason,WA,Passenger,169,133,302,47453,47755,0.63
October 31 2023,Coryell,TX,Passenger,1,0,1,72,73,1.37
February 28 2022,King,WA,Passenger,37156,10523,47679,1351550,1399229,3.41
August 31 2022,Ulster,NY,Passenger,1,0,1,13,14,7.14
January 31 2023,Columbia,WA,Truck,0,0,0,1568,1568,0.00
April 30 2021,Grant,WA,Truck,0,0,0,27857,27857,0.00
July 31 2024,Williamsburg,VA,Passenger,0,1,1,3,4,25.00
May 31 2023,Oldham,KY,Passenger,0,1,1,4,5,20.00
May 31 2018,Pend Oreille,WA,Truck,0,0,0,5673,5673,0.00
April 30 2023,Kootenai,ID,Passenger,1,3,4,161,165,2.42
May 31 2017,Northampton,PA,Passenger,1,0,1,165,166,0.60
January 31 2021,Larimer,CO,Passenger,1,0,1,56,57,1.75
April 30 2022,Sonoma,CA,Passenger,0,1,1,91,92,1.09
January 31 2024,Lincoln,WA,Truck,0,0,0,4774,4774,0.00
November 30 2020,Davidson,TN,Passenger,1,0,1,78,79,1.27
December 31 2022,Montgomery,TX,Passenger,1,0,1,42,43,2.33
June 30 2017,Lincoln,WA,Passenger,2,5,7,7522,7529,0.09
February 28 2021,Juneau,AK,Passenger,0,1,1,30,31,3.23
February 28 2018,Lincoln,WA,Passenger,2,6,8,7590,7598,0.11
May 31 2022,Jefferson,IL,Passenger,1,0,1,1,2,50.00
April 30 2024,Greene,OH,Passenger,2,0,2,22,24,8.33
April 30 2024,Fulton,GA,Passenger,0,1,1,65,66,1.52
September 30 2024,Lincoln,WA,Truck,1,0,1,4750,4751,0.02
November 30 2024,Saginaw,MI,Passenger,0,1,1,2,3,33.33
June 30 2020,Grays Harbor,WA,Truck,0,0,0,20900,20900,0.00
April 30 2025,New Haven,CT,Passenger,0,2,2,17,19,10.53
May 31 2022,Forsyth,GA,Passenger,1,0,1,16,17,5.88
May 31 2023,Hillsborough,FL,Passenger,1,1,2,140,142,1.41
August 31 2023,Goochland,VA,Passenger,3,2,5,95,100,5.00
August 31 2023,Sarasota,FL,Passenger,1,0,1,35,36,2.78
May 31 2021,Saginaw,MI,Passenger,1,0,1,9,10,10.00
September 30 2021,Plaquemines,LA,Passenger,0,1,1,18,19,5.26
July 31 2023,Ventura,CA,Passenger,3,2,5,260,265,1.89
June 30 2017,Lee,AL,Passenger,1,0,1,36,37,2.70
November 30 2022,Chesapeake,VA,Passenger,2,1,3,349,352,0.85
April 30 2021,Hudson,NJ,Passenger,1,0,1,47,48,2.08
April 30 2024,Pima,AZ,Passenger,2,0,2,198,200,1.00
August 31 2024,Brown,WI,Passenger,1,0,1,3,4,25.00
April 30 2018,Clallam,WA,Passenger,117,105,222,49594,49816,0.45
September 30 2021,Fresno,CA,Passenger,2,0,2,190,192,1.04
April 30 2018,Portsmouth,VA,Passenger,0,1,1,76,77,1.30
January 31 2025,Virginia Beach,VA,Passenger,5,2,7,417,424,1.65
January 31 2025,Sacramento,CA,Passenger,1,0,1,140,141,0.71
December 31 2018,Pima,AZ,Passenger,1,1,2,439,441,0.45
March 31 2018,Carroll,NH,Passenger,0,1,1,1,2,50.00
May 31 2025,Kauai,HI,Passenger,0,1,1,15,16,6.25
February 28 2019,Chelan,WA,Truck,0,0,0,22085,22085,0.00
May 31 2019,Kittitas,WA,Passenger,72,35,107,29542,29649,0.36
August 31 2024,King,WA,Truck,1717,2,1719,169985,171704,1.00
June 30 2019,Palm Beach,FL,Passenger,0,2,2,89,91,2.20
March 31 2025,Charlottesville,VA,Passenger,0,2,2,5,7,28.57
July 31 2019,King,WA,Passenger,19608,7110,26718,1389983,1416701,1.89
July 31 2024,Adams,WA,Passenger,34,21,55,13199,13254,0.41
December 31 2020,El Dorado,CA,Passenger,1,0,1,41,42,2.38
October 31 2021,Harnett,NC,Passenger,1,1,2,187,189,1.06
September 30 2022,Wise,TX,Passenger,2,0,2,10,12,16.67
December 31 2022,Leavenworth,KS,Passenger,1,2,3,91,94,3.19
October 31 2018,Nantucket,MA,Passenger,1,0,1,4,5,20.00
November 30 2021,San Diego,CA,Passenger,19,6,25,2618,2643,0.95
April 30 2023,Suffolk,MA,Passenger,4,1,5,31,36,13.89
March 31 2019,Walla Walla,WA,Truck,0,0,0,13547,13547,0.00
December 31 2020,Prince William,VA,Passenger,1,3,4,219,223,1.79
February 28 2023,Harrison,MS,Passenger,1,0,1,49,50,2.00
October 31 2020,Cascade,MT,Passenger,0,1,1,65,66,1.52
May 31 2022,Grant,WA,Passenger,166,96,262,66600,66862,0.39
September 30 2024,Asotin,WA,Truck,3,0,3,6564,6567,0.05
June 30 2021,Queens,NY,Passenger,2,0,2,58,60,3.33
May 31 2018,Pend Oreille,WA,Passenger,4,5,9,9507,9516,0.09
February 28 2025,Cochise,AZ,Passenger,1,0,1,57,58,1.72
February 28 2023,Pierce,WA,Passenger,6569,2573,9142,533672,542814,1.68
July 31 2022,Onslow,NC,Passenger,0,1,1,164,165,0.61
March 31 2018,Allegheny,PA,Passenger,1,0,1,83,84,1.19
January 31 2017,Monroe,NY,Passenger,1,0,1,31,32,3.12
November 30 2022,Doña Ana,NM,Passenger,1,0,1,16,17,5.88
April 30 2022,Chelan,WA,Passenger,447,125,572,54446,55018,1.04
September 30 2022,Nassau,NY,Passenger,3,0,3,32,35,8.57
February 29 2024,Tooele,UT,Passenger,2,0,2,12,14,14.29
January 31 2018,Skagit,WA,Truck,1,0,1,31828,31829,0.00
September 30 2024,Spotsylvania,VA,Passenger,1,1,2,25,27,7.41
December 31 2019,Juneau,AK,Passenger,0,2,2,34,36,5.56
October 31 2022,Montgomery,TX,Passenger,1,0,1,43,44,2.27
January 31 2021,Kittitas,WA,Passenger,133,52,185,29814,29999,0.62
July 31 2017,Wahkiakum,WA,Truck,0,0,0,1659,1659,0.00
September 30 2018,Walla Walla,WA,Truck,0,0,0,13490,13490,0.00
June 30 2018,Pierce,WA,Passenger,1228,1174,2402,531971,534373,0.45
August 31 2019,Wahkiakum,WA,Truck,0,0,0,1762,1762,0.00
April 30 2024,Cumberland,NC,Passenger,3,3,6,327,333,1.80
July 31 2018,Multnomah,OR,Passenger,3,4,7,832,839,0.83
September 30 2018,Oldham,KY,Passenger,0,1,1,5,6,16.67
March 31 2019,Norfolk,MA,Passenger,1,0,1,41,42,2.38
May 31 2019,Ferry,WA,Passenger,5,2,7,4383,4390,0.16
March 31 2019,Marion,OR,Passenger,1,0,1,128,129,0.78
January 31 2023,Middlesex,NJ,Passenger,1,0,1,24,25,4.00
October 31 2024,Miami-Dade,FL,Passenger,2,0,2,66,68,2.94
August 31 2022,Carroll,MD,Passenger,0,1,1,19,20,5.00
July 31 2024,Pulaski,AR,Truck,1,0,1,4,5,20.00
October 31 2020,Pacific,WA,Passenger,34,34,68,15702,15770,0.43
April 30 2025,Skamania,WA,Truck,11,0,11,3791,3802,0.29
May 31 2019,Garfield,WA,Truck,0,0,0,953,953,0.00
August 31 2020,Spokane,WA,Passenger,781,503,1284,317124,318408,0.40
April 30 2024,Washoe,NV,Passenger,5,0,5,58,63,7.94
February 28 2018,Montgomery,TN,Passenger,1,0,1,269,270,0.37
February 29 2024,Norfolk,VA,Passenger,0,1,1,263,264,0.38
September 30 2018,Cameron,TX,Passenger,1,0,1,31,32,3.12
January 31 2023,Kootenai,ID,Truck,1,0,1,37,38,2.63
January 31 2024,New London,CT,Passenger,2,4,6,181,187,3.21
March 31 2020,Lake,FL,Passenger,1,0,1,27,28,3.57
November 30 2022,Walla Walla,WA,Truck,3,0,3,13892,13895,0.02
April 30 2025,San Francisco,CA,Passenger,2,1,3,53,56,5.36
August 31 2023,Washoe,NV,Passenger,4,0,4,67,71,5.63
October 31 2020,Gwinnett,GA,Passenger,1,0,1,73,74,1.35
April 30 2022,Okanogan,WA,Truck,0,0,0,16664,16664,0.00
September 30 2023,Prince George's,MD,Passenger,3,2,5,134,139,3.60
July 31 2023,Anchorage,AK,Passenger,1,0,1,119,120,0.83
August 31 2020,Chelan,WA,Truck,0,0,0,22655,22655,0.00
October 31 2023,Fulton,GA,Passenger,1,1,2,73,75,2.67
May 31 2018,Hardin,KY,Passenger,0,1,1,119,120,0.83
February 29 2020,Norfolk,VA,Passenger,2,2,4,338,342,1.17
July 31 2023,Walla Walla,WA,Truck,6,0,6,13652,13658,0.04
October 31 2017,Hamilton,TN,Passenger,1,0,1,22,23,4.35
May 31 2020,Franklin,WA,Passenger,58,74,132,60526,60658,0.22
February 28 2022,Queens,NY,Passenger,1,0,1,58,59,1.69
March 31 2019,Yakima,WA,Passenger,89,102,191,164147,164338,0.12
March 31 2025,Essex,NJ,Passenger,1,1,2,5,7,28.57
January 31 2025,Whitman,WA,Passenger,287,147,434,21873,22307,1.95
May 31 2020,Klamath,OR,Passenger,1,0,1,38,39,2.56
November 30 2023,Texas,MO,Passenger,1,0,1,2,3,33.33
January 31 2019,Boulder,CO,Passenger,1,0,1,55,56,1.79
December 31 2018,Charleston,SC,Passenger,1,0,1,125,126,0.79
November 30 2023,Spokane,WA,Truck,54,0,54,101462,101516,0.05
April 30 2024,Lewis,WA,Truck,15,0,15,25629,25644,0.06
July 31 2021,Lewis,WA,Passenger,165,146,311,59595,59906,0.52
November 30 2022,Suffolk,VA,Passenger,1,0,1,125,126,0.79
July 31 2018,Hennepin,MN,Passenger,1,0,1,120,121,0.83
May 31 2020,Muskogee,OK,Passenger,0,1,1,1,2,50.00
June 30 2022,Prince George's,MD,Passenger,3,1,4,149,153,2.61
November 30 2023,Richmond,NY,Passenger,1,0,1,4,5,20.00
May 31 2022,Jefferson,NY,Passenger,1,0,1,206,207,0.48
July 31 2018,Cook,IL,Passenger,1,0,1,269,270,0.37
May 31 2023,Dallas,TX,Truck,1,0,1,11,12,8.33
January 31 2021,Wise,TX,Passenger,1,0,1,9,10,10.00
December 31 2017,Riverside,CA,Passenger,1,2,3,769,772,0.39
May 31 2020,Douglas,CO,Passenger,1,0,1,88,89,1.12
October 31 2023,Osceola,FL,Passenger,1,0,1,23,24,4.17
October 31 2021,Baltimore,MD,Passenger,2,0,2,102,104,1.92
January 31 2018,Stevens,WA,Passenger,10,22,32,31582,31614,0.10
March 31 2019,Volusia,FL,Passenger,0,1,1,38,39,2.56
January 31 2025,Houston,GA,Passenger,1,0,1,27,28,3.57
September 30 2022,Dallas,TX,Passenger,1,0,1,131,132,0.76
June 30 2022,Randolph,NC,Passenger,1,0,1,4,5,20.00
November 30 2020,Allegheny,PA,Passenger,2,1,3,80,83,3.61
May 31 2020,Duval,FL,Passenger,0,2,2,368,370,0.54
August 31 2024,Spokane,WA,Passenger,3609,1722,5331,320573,325904,1.64
April 30 2023,New York,NY,Passenger,3,0,3,40,43,6.98
October 31 2019,Greene,MO,Passenger,0,1,1,36,37,2.70
December 31 2017,Asotin,WA,Truck,0,0,0,6539,6539,0.00
July 31 2019,Guadalupe,TX,Passenger,1,0,1,75,76,1.32
November 30 2019,Polk,FL,Passenger,1,0,1,81,82,1.22
September 30 2020,Snohomish,WA,Passenger,4687,1807,6494,536783,543277,1.20
January 31 2018,Cowlitz,WA,Passenger,54,69,123,70960,71083,0.17
November 30 2019,Stevens,WA,Passenger,31,30,61,31568,31629,0.19
September 30 2021,Moore,NC,Passenger,0,1,1,137,138,0.72
January 31 2024,Kitsap,WA,Passenger,4046,1532,5578,174486,180064,3.10
September 30 2018,Norfolk,MA,Passenger,1,0,1,40,41,2.44
March 31 2024,Okaloosa,FL,Passenger,0,2,2,90,92,2.17
December 31 2024,Pinal,AZ,Passenger,1,1,2,71,73,2.74
November 30 2024,Cumberland,PA,Passenger,1,0,1,41,42,2.38
January 31 2020,Valencia,NM,Passenger,1,0,1,8,9,11.11
July 31 2018,Yakima,WA,Passenger,65,93,158,163923,164081,0.10
October 31 2022,Prince George,VA,Passenger,1,0,1,57,58,1.72
May 31 2018,Grant,WA,Passenger,30,44,74,63001,63075,0.12
July 31 2017,Mason,WA,Passenger,57,69,126,43615,43741,0.29
July 31 2023,Platte,MO,Passenger,1,1,2,19,21,9.52
November 30 2018,Wise,TX,Passenger,1,0,1,4,5,20.00
March 31 2021,Stafford,VA,Passenger,2,1,3,106,109,2.75
April 30 2024,Newport,RI,Passenger,0,2,2,52,54,3.70
November 30 2021,Placer,CA,Passenger,2,0,2,90,92,2.17
October 31 2023,Goochland,VA,Passenger,4,2,6,89,95,6.32
April 30 2021,Bartow,GA,Passenger,0,1,1,5,6,16.67
November 30 2024,Carroll,MD,Passenger,0,1,1,11,12,8.33
March 31 2023,Grant,WA,Passenger,255,113,368,66795,67163,0.55
May 31 2024,El Dorado,CA,Passenger,2,0,2,22,24,8.33
October 31 2022,Charles,MD,Passenger,1,1,2,57,59,3.39
January 31 2024,Riverside,CA,Passenger,9,2,11,450,461,2.39
September 30 2018,Hennepin,MN,Passenger,1,0,1,122,123,0.81
May 31 2017,Charles,MD,Passenger,0,1,1,90,91,1.10
July 31 2023,Sacramento,CA,Passenger,3,1,4,202,206,1.94
January 31 2025,Wise,TX,Passenger,2,0,2,3,5,40.00
June 30 2024,Osceola,FL,Passenger,1,0,1,20,21,4.76
February 29 2024,Mason,WA,Passenger,582,238,820,46015,46835,1.75
June 30 2021,Virginia Beach,VA,Passenger,2,0,2,647,649,0.31
February 29 2020,Fresno,CA,Passenger,2,0,2,210,212,0.94
August 31 2023,Plaquemines,LA,Passenger,1,1,2,16,18,11.11
June 30 2018,Skagit,WA,Passenger,207,166,373,90449,90822,0.41
July 31 2022,St. Clair,IL,Passenger,1,0,1,136,137,0.73
January 31 2021,Pennington,SD,Passenger,1,0,1,35,36,2.78
August 31 2022,Arapahoe,CO,Passenger,0,1,1,95,96,1.04
November 30 2017,New Haven,CT,Passenger,0,1,1,54,55,1.82
April 30 2023,Chelan,WA,Truck,26,0,26,23116,23142,0.11
April 30 2025,Hardin,KY,Truck,1,0,1,17,18,5.56
June 30 2018,Clallam,WA,Passenger,124,112,236,49900,50136,0.47
February 28 2021,Mohave,AZ,Passenger,1,0,1,80,81,1.23
July 31 2022,Sussex,NJ,Passenger,1,0,1,2,3,33.33
May 31 2021,Franklin,WA,Truck,0,0,0,20643,20643,0.00
June 30 2024,Frederick,MD,Passenger,1,1,2,50,52,3.85
September 30 2018,Kittitas,WA,Passenger,56,36,92,29187,29279,0.31
March 31 2022,Orange,NC,Passenger,1,0,1,12,13,7.69
November 30 2020,Cumberland,NC,Passenger,1,3,4,451,455,0.88
May 31 2024,Liberty,GA,Passenger,0,1,1,103,104,0.96
January 31 2023,,,Passenger,5,1,6,339,345,1.74
February 28 2022,Okanogan,WA,Passenger,72,47,119,26425,26544,0.45
March 31 2019,Oldham,KY,Passenger,0,1,1,5,6,16.67
April 30 2025,Multnomah,OR,Passenger,6,1,7,374,381,1.84
September 30 2021,Sarasota,FL,Passenger,2,0,2,45,47,4.26
September 30 2020,Botetourt,VA,Passenger,1,0,1,0,1,100.00
December 31 2021,Pulaski,MO,Passenger,2,0,2,129,131,1.53
April 30 2025,Christian,MO,Passenger,0,1,1,6,7,14.29
January 31 2019,Duval,FL,Passenger,1,2,3,390,393,0.76
March 31 2024,Richmond,GA,Passenger,0,1,1,55,56,1.79
February 29 2024,Hamilton,OH,Passenger,2,0,2,36,38,5.26
October 31 2024,St. Charles,MO,Passenger,1,0,1,25,26,3.85
October 31 2021,Marion,IN,Passenger,1,0,1,48,49,2.04
February 28 2017,Skamania,WA,Passenger,7,7,14,8538,8552,0.16
July 31 2021,Newport,RI,Passenger,0,1,1,77,78,1.28
January 31 2017,Jackson,MO,Passenger,1,0,1,79,80,1.25
August 31 2019,Santa Cruz,CA,Passenger,1,0,1,40,41,2.44
September 30 2023,Sarpy,NE,Passenger,1,1,2,62,64,3.12
August 31 2017,Pinal,AZ,Passenger,2,0,2,239,241,0.83
September 30 2022,Burlington,NJ,Passenger,0,2,2,100,102,1.96
February 29 2024,Montgomery,TX,Passenger,1,0,1,27,28,3.57
April 30 2021,Larimer,CO,Passenger,1,0,1,56,57,1.75
August 31 2021,Bucks,PA,Passenger,1,0,1,21,22,4.55
January 31 2022,Harford,MD,Passenger,1,1,2,57,59,3.39
September 30 2021,Jefferson,NY,Passenger,1,0,1,205,206,0.49
July 31 2021,Orange,NC,Passenger,1,0,1,13,14,7.14
September 30 2020,Adams,WA,Truck,0,0,0,5305,5305,0.00
January 31 2024,Bay,FL,Passenger,1,0,1,29,30,3.33
March 31 2021,Montgomery,AL,Passenger,1,0,1,37,38,2.63
January 31 2020,Botetourt,VA,Passenger,1,0,1,0,1,100.00
July 31 2020,Loudoun,VA,Passenger,1,0,1,85,86,1.16
July 31 2023,Wise,TX,Passenger,2,0,2,7,9,22.22
December 31 2022,Fresno,CA,Passenger,1,0,1,162,163,0.61
May 31 2022,Moore,NC,Passenger,0,1,1,133,134,0.75
August 31 2020,Randolph,NC,Passenger,1,0,1,7,8,12.50
November 30 2018,Garfield,WA,Truck,0,0,0,962,962,0.00
December 31 2022,Snohomish,WA,Passenger,10160,2763,12923,528987,541910,2.38
July 31 2018,Volusia,FL,Passenger,0,1,1,34,35,2.86
October 31 2020,Columbia,WA,Passenger,4,3,7,2438,2445,0.29
December 31 2022,Norfolk,VA,Passenger,2,3,5,296,301,1.66
May 31 2020,Ferry,WA,Truck,0,0,0,3536,3536,0.00
July 31 2017,Grays Harbor,WA,Passenger,36,35,71,44839,44910,0.16
October 31 2018,Kitsap,WA,Truck,1,0,1,53600,53601,0.00
January 31 2023,Jefferson,WA,Passenger,495,238,733,24245,24978,2.93
October 31 2023,Pima,AZ,Passenger,2,0,2,219,221,0.90
February 28 2019,Kootenai,ID,Passenger,1,2,3,218,221,1.36
February 28 2021,Hillsborough,FL,Passenger,0,1,1,171,172,0.58
December 31 2017,Manassas,VA,Passenger,0,1,1,9,10,10.00
April 30 2025,Oldham,KY,Passenger,0,1,1,2,3,33.33
January 31 2025,Lincoln,WA,Passenger,36,34,70,7514,7584,0.92
April 30 2022,Chesapeake,VA,Passenger,2,1,3,390,393,0.76
February 29 2024,Marin,CA,Passenger,3,2,5,38,43,11.63
September 30 2020,Kauai,HI,Passenger,1,0,1,22,23,4.35
December 31 2022,Clallam,WA,Truck,8,0,8,21850,21858,0.04
January 31 2024,Franklin,WA,Truck,10,0,10,20846,20856,0.05
February 28 2022,Travis,TX,Passenger,3,1,4,152,156,2.56
June 30 2020,Juneau,AK,Passenger,0,2,2,33,35,5.71
June 30 2020,Walla Walla,WA,Passenger,73,62,135,35797,35932,0.38
October 31 2018,Kent,MI,Passenger,0,1,1,29,30,3.33
December 31 2017,Marin,CA,Passenger,1,0,1,59,60,1.67
December 31 2022,Plaquemines,LA,Passenger,1,1,2,19,21,9.52
March 31 2023,Hillsborough,FL,Passenger,1,1,2,142,144,1.39
October 31 2020,Powhatan,VA,Passenger,1,0,1,1,2,50.00
June 30 2021,Kittitas,WA,Truck,0,0,0,14784,14784,0.00
August 31 2020,Fairfax,VA,Passenger,6,2,8,761,769,1.04
February 29 2020,Columbia,OR,Passenger,1,0,1,27,28,3.57
January 31 2023,Duval,FL,Passenger,1,1,2,297,299,0.67
April 30 2019,Lake,FL,Passenger,1,0,1,26,27,3.70
March 31 2017,Clallam,WA,Truck,0,0,0,21043,21043,0.00
April 30 2017,Travis,TX,Passenger,1,0,1,205,206,0.49
June 30 2024,Goochland,VA,Passenger,3,0,3,55,58,5.17
May 31 2025,Charlottesville,VA,Passenger,0,2,2,5,7,28.57
May 31 2019,Penobscot,ME,Passenger,0,1,1,16,17,5.88
June 30 2020,Dallas,TX,Passenger,1,0,1,213,214,0.47
January 31 2025,Santa Clara,CA,Passenger,14,6,20,162,182,10.99
September 30 2022,Okanogan,WA,Passenger,91,49,140,26242,26382,0.53
November 30 2017,Hardin,KY,Passenger,0,1,1,119,120,0.83
September 30 2021,Carson City,NV,Passenger,1,0,1,13,14,7.14
April 30 2021,Yakima,WA,Truck,0,0,0,61619,61619,0.00
February 28 2023,Geary,KS,Passenger,1,0,1,82,83,1.20
February 29 2020,Carson City,NV,Passenger,1,0,1,12,13,7.69
January 31 2018,San Mateo,CA,Passenger,0,1,1,146,147,0.68
January 31 2024,Cache,UT,Passenger,1,0,1,11,12,8.33
February 28 2023,Broward,FL,Passenger,1,0,1,74,75,1.33
May 31 2019,Virginia Beach,VA,Passenger,1,1,2,713,715,0.28
August 31 2024,Prince George's,MD,Passenger,4,2,6,111,117,5.13
May 31 2019,Whitman,WA,Truck,0,0,0,8546,8546,0.00
May 31 2021,Yamhill,OR,Passenger,1,0,1,45,46,2.17
August 31 2023,Greene,OH,Passenger,2,0,2,23,25,8.00
October 31 2019,Skamania,WA,Passenger,25,19,44,8793,8837,0.50
January 31 2024,Adams,WA,Passenger,30,15,45,13089,13134,0.34
October 31 2019,Pend Oreille,WA,Truck,0,0,0,5735,5735,0.00
May 31 2024,Clatsop,OR,Passenger,1,0,1,40,41,2.44
March 31 2024,Benton,WA,Passenger,1492,692,2184,135782,137966,1.58
June 30 2020,Pend Oreille,WA,Truck,0,0,0,5756,5756,0.00
May 31 2025,Adams,WA,Truck,7,0,7,5192,5199,0.13
December 31 2017,Albemarle,VA,Passenger,0,1,1,31,32,3.12
February 28 2022,Virginia Beach,VA,Passenger,1,0,1,603,604,0.17
December 31 2017,Mercer,NJ,Passenger,0,1,1,15,16,6.25
February 28 2019,Lake,CA,Passenger,0,1,1,12,13,7.69
June 30 2021,Hennepin,MN,Passenger,3,0,3,94,97,3.09
October 31 2023,Wahkiakum,WA,Truck,4,0,4,1762,1766,0.23
December 31 2022,Davidson,TN,Passenger,1,0,1,59,60,1.67
March 31 2020,Williams,ND,Passenger,0,1,1,13,14,7.14
November 30 2018,Collier,FL,Passenger,1,0,1,26,27,3.70
September 30 2021,Wahkiakum,WA,Truck,0,0,0,1812,1812,0.00
September 30 2022,Galveston,TX,Passenger,1,1,2,21,23,8.70
August 31 2023,Allegheny,PA,Passenger,1,0,1,68,69,1.45
November 30 2023,Cascade,MT,Passenger,0,1,1,40,41,2.44
January 31 2019,Camden,NJ,Passenger,0,1,1,23,24,4.17
May 31 2021,Kitsap,WA,Truck,0,0,0,54443,54443,0.00
November 30 2020,Saginaw,MI,Passenger,1,0,1,10,11,9.09
April 30 2024,Osceola,FL,Passenger,1,0,1,20,21,4.76
January 31 2023,Isle of Wight,VA,Passenger,0,1,1,19,20,5.00
September 30 2024,Tom Green,TX,Passenger,0,1,1,21,22,4.55
November 30 2019,Pacific,WA,Passenger,29,30,59,16098,16157,0.37
November 30 2020,Arlington,VA,Passenger,0,2,2,153,155,1.29
August 31 2018,Franklin,WA,Truck,0,0,0,18784,18784,0.00
May 31 2019,Okanogan,WA,Passenger,21,23,44,26060,26104,0.17
January 31 2022,Clallam,WA,Passenger,391,242,633,50174,50807,1.25
July 31 2020,San Juan,WA,Truck,0,0,0,5838,5838,0.00
July 31 2019,Williamson,TX,Passenger,0,2,2,174,176,1.14
July 31 2018,Yakima,WA,Truck,0,0,0,58528,58528,0.00
January 31 2021,Montgomery,PA,Passenger,1,0,1,29,30,3.33
October 31 2021,Jefferson,WA,Truck,0,0,0,9583,9583,0.00
February 28 2021,Essex,MA,Passenger,1,0,1,22,23,4.35
November 30 2021,Pend Oreille,WA,Passenger,18,7,25,9152,9177,0.27
April 30 2024,Berkeley,SC,Passenger,2,0,2,105,107,1.87
June 30 2022,Columbia,WA,Passenger,7,0,7,2444,2451,0.29
October 31 2024,Richmond,GA,Passenger,0,1,1,49,50,2.00
November 30 2023,Flathead,MT,Passenger,1,0,1,33,34,2.94
October 31 2024,Texas,MO,Passenger,1,0,1,2,3,33.33
January 31 2022,Spokane,WA,Truck,0,0,0,102452,102452,0.00
February 28 2023,Escambia,FL,Passenger,0,1,1,148,149,0.67
October 31 2020,Whatcom,WA,Truck,3,0,3,43431,43434,0.01
October 31 2024,Spokane,WA,Truck,156,0,156,101275,101431,0.15
July 31 2022,Juneau,AK,Passenger,0,1,1,35,36,2.78
September 30 2018,Ada,ID,Passenger,0,2,2,338,340,0.59
March 31 2019,Kittitas,WA,Passenger,71,37,108,29426,29534,0.37
August 31 2023,Norfolk,VA,Passenger,1,2,3,288,291,1.03
February 29 2020,District of Columbia,DC,Passenger,1,1,2,195,197,1.02
December 31 2022,Arlington,VA,Passenger,4,0,4,134,138,2.90
October 31 2021,Pulaski,MO,Passenger,2,0,2,125,127,1.57
September 30 2021,Orange,NC,Passenger,1,0,1,13,14,7.14
February 28 2021,Walla Walla,WA,Passenger,105,68,173,36092,36265,0.48
December 31 2020,Gwinnett,GA,Passenger,1,0,1,72,73,1.37
March 31 2022,Grays Harbor,WA,Passenger,205,157,362,49249,49611,0.73
December 31 2021,Thurston,WA,Truck,0,0,0,55889,55889,0.00
June 30 2020,Lee,FL,Passenger,1,0,1,56,57,1.75
March 31 2019,Sussex,NJ,Passenger,1,0,1,1,2,50.00
August 31 2022,San Juan,WA,Passenger,528,163,691,13970,14661,4.71
May 31 2022,Carson City,NV,Passenger,1,0,1,12,13,7.69
January 31 2017,Garfield,WA,Truck,0,0,0,940,940,0.00
September 30 2024,Franklin,WA,Truck,18,0,18,20879,20897,0.09
June 30 2021,Santa Clara,CA,Passenger,12,2,14,300,314,4.46
August 31 2018,Manassas,VA,Passenger,0,1,1,9,10,10.00
August 31 2023,Washtenaw,MI,Passenger,0,2,2,28,30,6.67
May 31 2022,Monterey,CA,Passenger,1,2,3,155,158,1.90
March 31 2025,Duval,FL,Truck,1,0,1,44,45,2.22
August 31 2019,Whatcom,WA,Passenger,902,448,1350,151081,152431,0.89
July 31 2022,Bryan,GA,Passenger,0,1,1,38,39,2.56
December 31 2017,Garfield,WA,Passenger,1,0,1,1323,1324,0.08
May 31 2024,Pueblo,CO,Passenger,1,0,1,18,19,5.26
September 30 2024,New London,CT,Passenger,3,5,8,172,180,4.44
January 31 2025,Oldham,KY,Passenger,0,1,1,4,5,20.00
February 28 2017,Whitman,WA,Passenger,8,18,26,21929,21955,0.12
April 30 2019,Prince William,VA,Passenger,1,5,6,253,259,2.32
July 31 2024,Providence,RI,Passenger,1,0,1,20,21,4.76
October 31 2018,Valencia,NM,Passenger,1,0,1,12,13,7.69
April 30 2020,Putnam,TN,Passenger,0,1,1,5,6,16.67
December 31 2024,Prince William,VA,Passenger,1,4,5,122,127,3.94
January 31 2017,Okanogan,WA,Truck,0,0,0,16368,16368,0.00
February 28 2021,New Haven,CT,Passenger,0,2,2,34,36,5.56
October 31 2018,Norfolk,VA,Passenger,2,2,4,334,338,1.18
August 31 2018,Richland,SC,Passenger,0,1,1,171,172,0.58
May 31 2023,Essex,MA,Passenger,1,0,1,14,15,6.67
December 31 2018,Fresno,CA,Passenger,2,0,2,205,207,0.97
July 31 2021,Nueces,TX,Passenger,1,0,1,79,80,1.25
August 31 2020,Kootenai,ID,Passenger,1,1,2,230,232,0.86
December 31 2024,,,Passenger,2,2,4,251,255,1.57
April 30 2018,King,WA,Truck,7,1,8,183251,183259,0.00
October 31 2021,Providence,RI,Passenger,1,0,1,25,26,3.85
May 31 2021,Kauai,HI,Passenger,1,0,1,24,25,4.00
December 31 2021,Ulster,NY,Passenger,1,0,1,16,17,5.88
January 31 2017,Lincoln,WA,Passenger,2,4,6,7538,7544,0.08
December 31 2023,Monterey,CA,Truck,1,0,1,31,32,3.12
September 30 2019,Klickitat,WA,Passenger,37,36,73,15618,15691,0.47
April 30 2019,Klickitat,WA,Truck,0,0,0,8209,8209,0.00
April 30 2020,Cumberland,NC,Passenger,1,2,3,473,476,0.63
September 30 2022,Norfolk,MA,Passenger,1,0,1,30,31,3.23
June 30 2024,Yuba,CA,Passenger,1,0,1,55,56,1.79
November 30 2020,Clark,WA,Passenger,2285,1142,3427,318517,321944,1.06
September 30 2024,Adams,WA,Truck,4,0,4,5408,5412,0.07
September 30 2019,Hawaii,HI,Passenger,1,0,1,67,68,1.47
December 31 2018,Wahkiakum,WA,Truck,0,0,0,1722,1722,0.00
October 31 2019,Osceola,FL,Passenger,1,0,1,46,47,2.13
March 31 2023,Louisa,VA,Passenger,0,1,1,1,2,50.00
June 30 2021,Lincoln,WA,Passenger,5,13,18,7720,7738,0.23
August 31 2020,Montgomery,OH,Passenger,0,1,1,48,49,2.04
July 31 2021,Columbia,GA,Passenger,0,1,1,127,128,0.78
August 31 2020,Shelby,OH,Passenger,0,1,1,2,3,33.33
October 31 2021,Klamath,OR,Passenger,1,0,1,37,38,2.63
September 30 2024,Albemarle,VA,Passenger,3,0,3,18,21,14.29
February 29 2020,Davidson,TN,Passenger,1,0,1,87,88,1.14
October 31 2019,Franklin,MA,Passenger,0,1,1,2,3,33.33
February 29 2024,Adams,CO,Passenger,1,0,1,33,34,2.94
May 31 2023,Norfolk,MA,Passenger,1,0,1,26,27,3.70
June 30 2018,Lake,CA,Passenger,0,1,1,9,10,10.00
May 31 2022,Whatcom,WA,Passenger,1800,725,2525,148590,151115,1.67
August 31 2024,District of Columbia,DC,Truck,1,0,1,15,16,6.25
December 31 2021,Kitsap,WA,Passenger,2124,960,3084,179442,182526,1.69
April 30 2024,Moore,NC,Passenger,0,1,1,119,120,0.83
January 31 2019,Muskogee,OK,Passenger,0,1,1,2,3,33.33
September 30 2023,Brown,WI,Passenger,1,0,1,5,6,16.67
October 31 2022,Kern,CA,Passenger,2,1,3,221,224,1.34
April 30 2020,Pend Oreille,WA,Passenger,8,6,14,9248,9262,0.15
March 31 2024,,,Passenger,4,2,6,285,291,2.06
May 31 2021,Hamilton,IN,Passenger,2,0,2,40,42,4.76
December 31 2020,Tarrant,TX,Passenger,1,0,1,191,192,0.52
February 29 2020,Twin Falls,ID,Passenger,0,1,1,31,32,3.12
August 31 2022,Albemarle,VA,Passenger,3,0,3,23,26,11.54
April 30 2021,Fort Bend,TX,Passenger,1,0,1,42,43,2.33
January 31 2022,Spokane,WA,Passenger,1344,764,2108,325915,328023,0.64
December 31 2021,Charlottesville,VA,Passenger,0,1,1,7,8,12.50
November 30 2024,Alameda,CA,Passenger,8,1,9,165,174,5.17
January 31 2024,Beaufort,SC,Passenger,1,0,1,30,31,3.23
March 31 2018,Saratoga,NY,Passenger,1,1,2,68,70,2.86
February 28 2023,Hawaii,HI,Passenger,1,0,1,41,42,2.38
October 31 2023,Benton,WA,Truck,31,0,31,43062,43093,0.07
January 31 2020,Orange,FL,Passenger,1,0,1,154,155,0.65
February 28 2021,Milwaukee,WI,Passenger,1,0,1,51,52,1.92
June 30 2018,Whatcom,WA,Truck,2,0,2,42273,42275,0.00
March 31 2025,Bay,FL,Passenger,1,0,1,21,22,4.55
November 30 2022,DeKalb,GA,Passenger,1,0,1,55,56,1.79
January 31 2020,Anne Arundel,MD,Passenger,1,1,2,427,429,0.47
March 31 2019,Cook,IL,Passenger,1,0,1,259,260,0.38
October 31 2019,San Diego,CA,Passenger,12,4,16,2784,2800,0.57
August 31 2017,Clark,NV,Passenger,2,3,5,842,847,0.59
December 31 2022,Cumberland,NC,Passenger,1,4,5,374,379,1.32
July 31 2020,San Juan,WA,Passenger,311,95,406,13942,14348,2.83
June 30 2023,Kings,CA,Passenger,2,1,3,281,284,1.06
February 28 2023,Pierce,WA,Truck,111,0,111,138251,138362,0.08
April 30 2023,Fairfax,VA,Truck,1,0,1,91,92,1.09
July 31 2018,Grant,WA,Truck,0,0,0,25934,25934,0.00
September 30 2024,Riverside,CA,Passenger,7,2,9,413,422,2.13
October 31 2024,Benton,WA,Passenger,1878,813,2691,136772,139463,1.93
March 31 2024,Utah,UT,Passenger,2,0,2,90,92,2.17
July 31 2020,Thurston,WA,Truck,0,0,0,55813,55813,0.00
December 31 2017,DuPage,IL,Passenger,1,0,1,62,63,1.59
June 30 2022,Meade,KY,Passenger,1,0,1,22,23,4.35
August 31 2021,Douglas,WA,Truck,0,0,0,12672,12672,0.00
February 29 2024,Lake,IL,Passenger,8,0,8,125,133,6.02
June 30 2022,Richmond,NY,Passenger,1,0,1,3,4,25.00
September 30 2023,Asotin,WA,Passenger,40,24,64,12262,12326,0.52
February 28 2025,Yuba,CA,Passenger,1,0,1,52,53,1.89
May 31 2025,New London,CT,Passenger,3,5,8,147,155,5.16
October 31 2022,Orange,FL,Passenger,3,0,3,104,107,2.80
April 30 2024,Washtenaw,MI,Passenger,0,2,2,26,28,7.14
May 31 2019,Whitman,WA,Passenger,31,45,76,22691,22767,0.33
April 30 2021,Essex,MA,Passenger,1,0,1,21,22,4.55
June 30 2023,Pacific,WA,Truck,4,0,4,7814,7818,0.05
April 30 2020,Vigo,IN,Passenger,1,0,1,5,6,16.67
October 31 2023,Newport,RI,Truck,1,0,1,6,7,14.29
August 31 2022,Harnett,NC,Passenger,3,0,3,183,186,1.61
November 30 2017,Grant,WA,Truck,0,0,0,25515,25515,0.00
February 29 2024,Clallam,WA,Truck,28,0,28,21463,21491,0.13
April 30 2025,Cook,IL,Passenger,1,2,3,154,157,1.91
February 28 2023,San Mateo,CA,Passenger,4,1,5,104,109,4.59
June 30 2019,Clark,NV,Passenger,4,3,7,756,763,0.92
November 30 2022,Santa Clara,CA,Passenger,19,6,25,287,312,8.01
October 31 2018,Charles,MD,Passenger,0,1,1,85,86,1.16
August 31 2022,Honolulu,HI,Passenger,5,4,9,426,435,2.07
February 28 2019,Skagit,WA,Truck,1,0,1,32271,32272,0.00
September 30 2021,Fulton,GA,Passenger,0,1,1,88,89,1.12
April 30 2025,Maui,HI,Passenger,2,0,2,12,14,14.29
April 30 2022,Pennington,SD,Passenger,2,0,2,32,34,5.88
September 30 2020,Charles,MD,Passenger,1,1,2,78,80,2.50
April 30 2023,Tarrant,TX,Passenger,2,0,2,120,122,1.64
January 31 2019,Prince William,VA,Passenger,0,5,5,251,256,1.95
July 31 2021,Goochland,VA,Passenger,4,2,6,266,272,2.21
February 28 2018,Asotin,WA,Passenger,8,5,13,12576,12589,0.10
August 31 2021,Rogers,OK,Passenger,1,0,1,9,10,10.00
September 30 2021,Douglas,NE,Passenger,1,1,2,56,58,3.45
March 31 2024,Collin,TX,Passenger,3,0,3,56,59,5.08
August 31 2022,Alameda,CA,Passenger,9,2,11,236,247,4.45
December 31 2017,Lincoln,WA,Truck,0,0,0,4494,4494,0.00
July 31 2021,Washtenaw,MI,Passenger,0,1,1,34,35,2.86
June 30 2020,New Haven,CT,Passenger,0,2,2,36,38,5.26
March 31 2018,Cumberland,NC,Passenger,1,0,1,548,549,0.18
November 30 2020,Newport,RI,Passenger,0,1,1,79,80,1.25
December 31 2021,Franklin,OH,Passenger,1,0,1,67,68,1.47
June 30 2021,Wilson,TX,Passenger,0,1,1,4,5,20.00
October 31 2020,Alameda,CA,Passenger,2,0,2,282,284,0.70
March 31 2023,Wilson,TX,Passenger,0,1,1,3,4,25.00
August 31 2017,Cumberland,NC,Passenger,1,0,1,575,576,0.17
March 31 2025,Yuba,CA,Passenger,1,0,1,48,49,2.04
October 31 2023,Portsmouth,VA,Passenger,0,3,3,69,72,4.17
May 31 2021,Hawaii,HI,Passenger,1,0,1,55,56,1.79
December 31 2018,Chelan,WA,Passenger,140,61,201,54124,54325,0.37
October 31 2022,Pend Oreille,WA,Passenger,18,12,30,8972,9002,0.33
July 31 2018,Klamath,OR,Passenger,1,0,1,40,41,2.44
August 31 2019,Sangamon,IL,Passenger,1,0,1,6,7,14.29
January 31 2019,Stevens,WA,Truck,0,0,0,18750,18750,0.00
April 30 2025,Fresno,CA,Passenger,1,1,2,102,104,1.92
March 31 2024,Hardin,KY,Truck,1,0,1,19,20,5.00
April 30 2025,Baltimore,MD,Passenger,1,0,1,58,59,1.69
October 31 2023,Multnomah,OR,Passenger,6,2,8,522,530,1.51
April 30 2022,Multnomah,OR,Passenger,2,4,6,661,667,0.90
December 31 2019,Penobscot,ME,Passenger,0,1,1,15,16,6.25
July 31 2023,Columbia,OR,Passenger,1,0,1,17,18,5.56
June 30 2021,Davidson,TN,Passenger,1,0,1,75,76,1.32
September 30 2017,Grays Harbor,WA,Passenger,38,38,76,45122,45198,0.17
January 31 2021,Contra Costa,CA,Passenger,3,4,7,271,278,2.52
June 30 2022,New York,NY,Passenger,3,0,3,51,54,5.56
May 31 2019,Prince William,VA,Passenger,1,5,6,246,252,2.38
September 30 2022,Queens,NY,Passenger,1,0,1,50,51,1.96
July 31 2020,Washington,OR,Passenger,1,0,1,471,472,0.21
July 31 2019,Wahkiakum,WA,Truck,0,0,0,1760,1760,0.00
May 31 2023,Placer,CA,Passenger,1,0,1,81,82,1.22
March 31 2020,King,WA,Passenger,23856,7720,31576,1395556,1427132,2.21
January 31 2017,Dakota,MN,Passenger,0,1,1,48,49,2.04
May 31 2020,Jefferson,WA,Passenger,234,142,376,24795,25171,1.49
January 31 2019,Wahkiakum,WA,Truck,0,0,0,1711,1711,0.00
June 30 2022,Sumter,SC,Passenger,0,1,1,29,30,3.33
October 31 2020,Bucks,PA,Passenger,1,0,1,25,26,3.85
April 30 2025,Sarasota,FL,Passenger,1,0,1,15,16,6.25
November 30 2024,Travis,TX,Passenger,4,1,5,62,67,7.46
February 28 2023,Adams,WA,Truck,2,0,2,5370,5372,0.04
January 31 2024,Monterey,CA,Truck,1,0,1,31,32,3.12
March 31 2024,Mesa,CO,Passenger,0,1,1,9,10,10.00
February 28 2019,Alexandria,VA,Passenger,1,0,1,154,155,0.65
November 30 2017,Orange,CA,Passenger,3,1,4,616,620,0.65
January 31 2019,Anne Arundel,MD,Passenger,0,1,1,447,448,0.22
November 30 2020,San Juan,WA,Passenger,355,107,462,14000,14462,3.19
March 31 2024,Lake,IL,Passenger,8,0,8,124,132,6.06
August 31 2021,Leavenworth,KS,Passenger,0,1,1,104,105,0.95
February 28 2025,Allegheny,PA,Passenger,2,0,2,44,46,4.35
October 31 2022,Allegheny,PA,Passenger,2,1,3,70,73,4.11
September 30 2022,El Paso,TX,Passenger,2,0,2,377,379,0.53
October 31 2019,Clark,NV,Passenger,5,3,8,763,771,1.04
May 31 2025,Marion,IN,Passenger,1,0,1,18,19,5.26
June 30 2023,Howard,MD,Passenger,0,2,2,63,65,3.08
May 31 2024,Riverside,CA,Passenger,8,2,10,437,447,2.24
August 31 2020,Bexar,TX,Passenger,3,5,8,632,640,1.25
March 31 2021,Missoula,MT,Passenger,1,0,1,74,75,1.33
December 31 2023,Lincoln,WA,Truck,0,0,0,4791,4791,0.00
June 30 2022,Lincoln,WA,Truck,0,0,0,4822,4822,0.00
March 31 2021,Bradley,TN,Passenger,1,0,1,0,1,100.00
February 29 2020,Middlesex,MA,Passenger,1,0,1,102,103,0.97
March 31 2024,Berkeley,SC,Passenger,2,0,2,108,110,1.82
May 31 2017,Klickitat,WA,Truck,0,0,0,7956,7956,0.00
January 31 2021,Sedgwick,KS,Passenger,1,1,2,98,100,2.00
June 30 2023,Thurston,WA,Truck,60,0,60,53753,53813,0.11
November 30 2021,Skagit,WA,Passenger,666,299,965,91129,92094,1.05
April 30 2018,Sacramento,CA,Passenger,1,1,2,315,317,0.63
July 31 2018,Lewis,WA,Truck,0,0,0,25577,25577,0.00
May 31 2024,Onslow,NC,Passenger,0,1,1,136,137,0.73
May 31 2017,District of Columbia,DC,Passenger,0,3,3,217,220,1.36
August 31 2022,Juneau,AK,Passenger,0,1,1,34,35,2.86
January 31 2017,Lane,OR,Passenger,0,1,1,297,298,0.34
July 31 2024,Douglas,WA,Truck,18,0,18,13024,13042,0.14
July 31 2022,Thurston,WA,Truck,8,0,8,55133,55141,0.01
February 28 2023,Snohomish,WA,Passenger,10907,2840,13747,528600,542347,2.53
January 31 2019,Mason,WA,Passenger,108,112,220,46628,46848,0.47
May 31 2021,New Haven,CT,Passenger,0,2,2,31,33,6.06
January 31 2017,Tarrant,TX,Passenger,0,2,2,340,342,0.58
December 31 2022,St. Mary's,MD,Passenger,2,0,2,212,214,0.93
February 29 2024,Palm Beach,FL,Passenger,2,0,2,44,46,4.35
October 31 2020,Travis,TX,Passenger,4,2,6,193,199,3.02
November 30 2023,Sacramento,CA,Passenger,3,1,4,188,192,2.08
August 31 2020,Calvert,MD,Passenger,0,2,2,90,92,2.17
November 30 2022,Hamilton,OH,Truck,1,0,1,3,4,25.00
July 31 2022,Eagle,CO,Passenger,1,0,1,6,7,14.29
June 30 2024,DeKalb,GA,Passenger,1,0,1,38,39,2.56
October 31 2021,Meade,KY,Passenger,1,0,1,24,25,4.00
December 31 2021,Clinton,PA,Passenger,1,0,1,0,1,100.00
April 30 2021,Grays Harbor,WA,Passenger,156,134,290,49319,49609,0.58
November 30 2024,Clatsop,OR,Passenger,1,0,1,34,35,2.86
October 31 2021,Ray,MO,Passenger,0,1,1,1,2,50.00
January 31 2025,Stevens,WA,Passenger,175,93,268,29353,29621,0.90
December 31 2018,Whitman,WA,Passenger,24,38,62,22799,22861,0.27
June 30 2018,King,WA,Passenger,13163,5673,18836,1370106,1388942,1.36
November 30 2024,Pulaski,AR,Truck,1,0,1,4,5,20.00
April 30 2018,Dale,AL,Passenger,0,1,1,63,64,1.56
May 31 2018,Garfield,WA,Truck,0,0,0,953,953,0.00
March 31 2019,Clallam,WA,Truck,0,0,0,21618,21618,0.00
November 30 2022,Tarrant,TX,Passenger,2,0,2,135,137,1.46
January 31 2025,Spokane,WA,Truck,207,0,207,101072,101279,0.20
November 30 2021,Anne Arundel,MD,Passenger,2,1,3,375,378,0.79
January 31 2021,Cumberland,NC,Passenger,1,2,3,447,450,0.67
July 31 2020,Wahkiakum,WA,Truck,0,0,0,1740,1740,0.00
November 30 2018,Stevens,WA,Truck,0,0,0,18712,18712,0.00
December 31 2023,Muscogee,GA,Passenger,1,2,3,112,115,2.61
July 31 2023,Island,WA,Truck,30,0,30,20884,20914,0.14
August 31 2024,Ferry,WA,Truck,0,0,0,3439,3439,0.00
March 31 2020,Okanogan,WA,Truck,0,0,0,16450,16450,0.00
June 30 2024,New London,CT,Passenger,2,5,7,181,188,3.72
October 31 2024,Oldham,KY,Passenger,0,1,1,4,5,20.00
December 31 2023,Kent,DE,Passenger,1,0,1,42,43,2.33
November 30 2022,Cascade,MT,Passenger,0,1,1,42,43,2.33
December 31 2020,Lewis,WA,Passenger,123,124,247,58813,59060,0.42
August 31 2024,Yolo,CA,Passenger,3,0,3,25,28,10.71
April 30 2023,Kauai,HI,Passenger,1,1,2,21,23,8.70
June 30 2022,Tom Green,TX,Passenger,0,1,1,23,24,4.17
July 31 2019,Pima,AZ,Passenger,0,1,1,433,434,0.23
August 31 2024,Fredericksburg,VA,Passenger,1,0,1,3,4,25.00
December 31 2017,Jefferson,NY,Passenger,1,0,1,233,234,0.43
February 29 2024,Laramie,WY,Passenger,1,0,1,32,33,3.03
November 30 2017,Northampton,PA,Passenger,0,1,1,64,65,1.54
October 31 2018,Montgomery,MD,Passenger,1,0,1,293,294,0.34
August 31 2021,Kauai,HI,Passenger,1,0,1,26,27,3.70
December 31 2022,Boulder,CO,Passenger,2,0,2,44,46,4.35
April 30 2023,Lincoln,WA,Truck,0,0,0,4823,4823,0.00
July 31 2023,Atlantic,NJ,Passenger,1,0,1,8,9,11.11
January 31 2021,Dakota,MN,Passenger,0,1,1,30,31,3.23
November 30 2018,Pierce,WA,Truck,0,0,0,138967,138967,0.00
January 31 2018,Hamilton,TN,Passenger,1,0,1,23,24,4.17
March 31 2018,Multnomah,OR,Passenger,3,4,7,853,860,0.81
January 31 2018,Riverside,CA,Passenger,1,2,3,762,765,0.39
December 31 2019,Norfolk,VA,Passenger,1,2,3,338,341,0.88
September 30 2017,Lincoln,WA,Passenger,2,7,9,7557,7566,0.12
October 31 2018,St. Clair,IL,Passenger,0,1,1,172,173,0.58
August 31 2018,Pima,AZ,Passenger,1,1,2,455,457,0.44
February 28 2019,St. Mary's,MD,Passenger,1,0,1,214,215,0.47
January 31 2023,Wayne,MI,Passenger,0,1,1,35,36,2.78
August 31 2019,Sedgwick,KS,Passenger,1,1,2,105,107,1.87
September 30 2023,Utah,UT,Passenger,2,0,2,107,109,1.83
February 29 2020,Grant,WA,Truck,0,0,0,27054,27054,0.00
January 31 2021,Lewis,WA,Truck,0,0,0,26714,26714,0.00
February 28 2019,Multnomah,OR,Passenger,4,5,9,817,826,1.09
June 30 2023,San Juan,WA,Truck,11,0,11,5920,5931,0.19
November 30 2022,Henrico,VA,Passenger,0,1,1,20,21,4.76
December 31 2018,Sedgwick,KS,Passenger,0,1,1,105,106,0.94
November 30 2022,Clinton,PA,Passenger,1,0,1,1,2,50.00
June 30 2021,Denver,CO,Passenger,1,0,1,133,134,0.75
November 30 2021,El Paso,CO,Passenger,2,3,5,710,715,0.70
May 31 2019,Polk,FL,Passenger,1,0,1,76,77,1.30
August 31 2022,Island,WA,Truck,8,0,8,21182,21190,0.04
November 30 2024,Jefferson,KY,Passenger,1,0,1,31,32,3.12
December 31 2017,Pierce,WA,Truck,0,0,0,136973,136973,0.00
January 31 2019,Nueces,TX,Passenger,1,1,2,93,95,2.11
September 30 2019,Rogers,OK,Passenger,1,0,1,10,11,9.09
March 31 2025,San Luis Obispo,CA,Passenger,0,1,1,37,38,2.63
December 31 2023,Kitsap,WA,Truck,107,0,107,51733,51840,0.21
November 30 2018,Deschutes,OR,Passenger,3,0,3,178,181,1.66
December 31 2023,Sacramento,CA,Truck,1,0,1,33,34,2.94
November 30 2023,Washington,OR,Passenger,3,0,3,269,272,1.10
November 30 2023,Duval,FL,Truck,1,0,1,58,59,1.69
June 30 2023,King,WA,Truck,726,2,728,175182,175910,0.41
October 31 2021,Mason,WA,Truck,0,0,0,21244,21244,0.00
December 31 2022,Sacramento,CA,Passenger,3,1,4,238,242,1.65
November 30 2024,Grant,WA,Truck,44,0,44,28132,28176,0.16
March 31 2025,Osceola,FL,Passenger,1,0,1,18,19,5.26
May 31 2019,Columbia,WA,Passenger,2,2,4,2444,2448,0.16
November 30 2017,Skagit,WA,Passenger,160,131,291,89290,89581,0.32
December 31 2022,Arapahoe,CO,Passenger,0,1,1,94,95,1.05
March 31 2023,Marin,CA,Passenger,3,2,5,41,46,10.87
January 31 2025,Texas,MO,Passenger,1,0,1,2,3,33.33
June 30 2021,Wahkiakum,WA,Truck,0,0,0,1793,1793,0.00
February 28 2023,Multnomah,OR,Passenger,4,2,6,577,583,1.03
April 30 2023,Marion,IN,Passenger,1,0,1,37,38,2.63
October 31 2020,San Juan,WA,Truck,0,0,0,5857,5857,0.00
August 31 2017,Allegheny,PA,Passenger,1,0,1,92,93,1.08
January 31 2024,Richmond,VA,Passenger,1,0,1,11,12,8.33
October 31 2023,Stafford,VA,Passenger,3,0,3,76,79,3.80
April 30 2022,Galveston,TX,Passenger,0,1,1,23,24,4.17
August 31 2024,Middlesex,NJ,Passenger,1,0,1,22,23,4.35
July 31 2022,Arlington,VA,Passenger,3,0,3,143,146,2.05
May 31 2017,Dale,AL,Passenger,0,1,1,62,63,1.59
March 31 2019,Cascade,MT,Passenger,0,1,1,64,65,1.54
May 31 2021,El Dorado,CA,Passenger,1,0,1,37,38,2.63
July 31 2022,Loudoun,VA,Passenger,2,1,3,71,74,4.05
November 30 2020,Hudson,NJ,Passenger,1,0,1,43,44,2.27
December 31 2019,Collier,FL,Passenger,1,0,1,26,27,3.70
February 28 2023,Alexandria,VA,Passenger,3,0,3,111,114,2.63
February 28 2023,Pulaski,MO,Passenger,3,0,3,106,109,2.75
September 30 2022,Lewis,WA,Passenger,250,179,429,59690,60119,0.71
February 28 2021,Kings,NY,Passenger,2,0,2,71,73,2.74
August 31 2020,Klamath,OR,Passenger,1,0,1,38,39,2.56
March 31 2023,Clallam,WA,Truck,16,0,16,21746,21762,0.07
November 30 2017,Clallam,WA,Passenger,98,86,184,48851,49035,0.38
July 31 2021,Calvert,MD,Passenger,0,3,3,95,98,3.06
November 30 2022,Jefferson,NY,Passenger,1,0,1,209,210,0.48
July 31 2019,Stevens,WA,Truck,0,0,0,18683,18683,0.00
November 30 2018,Tarrant,TX,Passenger,1,0,1,219,220,0.45
December 31 2020,El Paso,CO,Passenger,3,1,4,730,734,0.54
November 30 2019,Sedgwick,KS,Passenger,1,1,2,104,106,1.89
September 30 2022,Adams,CO,Passenger,1,0,1,47,48,2.08
November 30 2021,Eagle,CO,Passenger,1,0,1,8,9,11.11
November 30 2024,Dallas,TX,Passenger,1,0,1,71,72,1.39
March 31 2024,Kane,IL,Passenger,1,0,1,7,8,12.50
April 30 2017,Grays Harbor,WA,Passenger,29,30,59,44464,44523,0.13
September 30 2024,Isle of Wight,VA,Passenger,0,1,1,17,18,5.56
November 30 2024,Essex,MA,Passenger,1,0,1,9,10,10.00
August 31 2019,Lincoln,WA,Truck,0,0,0,4680,4680,0.00
February 28 2025,Essex,NJ,Passenger,1,1,2,5,7,28.57
December 31 2020,Spokane,WA,Passenger,886,546,1432,320694,322126,0.44
September 30 2021,Baltimore,MD,Passenger,2,0,2,107,109,1.83
December 31 2022,Washington,OR,Passenger,2,0,2,337,339,0.59
February 28 2017,Dakota,MN,Passenger,0,1,1,43,44,2.27
December 31 2018,Pueblo,CO,Passenger,1,0,1,36,37,2.70
April 30 2023,Prince George,VA,Passenger,1,0,1,58,59,1.69
January 31 2022,Grant,WA,Truck,0,0,0,27962,27962,0.00
September 30 2020,Juneau,AK,Passenger,0,1,1,33,34,2.94
October 31 2020,Kittitas,WA,Truck,0,0,0,14630,14630,0.00
November 30 2022,New York,NY,Passenger,3,0,3,42,45,6.67
July 31 2023,Hamilton,OH,Truck,1,0,1,3,4,25.00
June 30 2022,Cook,IL,Passenger,2,0,2,243,245,0.82
August 31 2019,King,WA,Passenger,19986,7200,27186,1391793,1418979,1.92
July 31 2023,Tarrant,TX,Passenger,2,0,2,118,120,1.67
May 31 2023,Pinellas,FL,Passenger,1,0,1,68,69,1.45
December 31 2024,Benton,AR,Passenger,1,0,1,15,16,6.25
June 30 2017,Skamania,WA,Passenger,9,7,16,8562,8578,0.19
September 30 2022,Montgomery,TX,Passenger,1,0,1,43,44,2.27
September 30 2024,Washington,WI,Passenger,1,0,1,0,1,100.00
October 31 2023,Sacramento,CA,Truck,1,0,1,33,34,2.94
December 31 2022,Grant,WA,Truck,4,0,4,28009,28013,0.01
October 31 2022,Deschutes,OR,Passenger,2,0,2,115,117,1.71
July 31 2017,Anne Arundel,MD,Passenger,0,1,1,501,502,0.20
February 28 2023,Montgomery,AL,Passenger,1,1,2,34,36,5.56
May 31 2022,Washington,MD,Passenger,2,0,2,13,15,13.33
November 30 2019,Sangamon,IL,Passenger,1,0,1,5,6,16.67
April 30 2023,Monroe,WI,Passenger,1,0,1,11,12,8.33
August 31 2023,Riverside,CA,Passenger,10,2,12,472,484,2.48
January 31 2023,St. Louis,MO,Passenger,2,0,2,69,71,2.82
December 31 2024,Allen,IN,Passenger,1,1,2,4,6,33.33
April 30 2025,Hartford,CT,Passenger,1,0,1,17,18,5.56
November 30 2019,Kitsap,WA,Passenger,1190,651,1841,182043,183884,1.00
August 31 2019,Klamath,OR,Passenger,1,0,1,45,46,2.17
November 30 2017,Wahkiakum,WA,Passenger,0,2,2,2871,2873,0.07
November 30 2023,Liberty,GA,Passenger,0,1,1,106,107,0.93
July 31 2023,Monterey,CA,Passenger,1,3,4,134,138,2.90
December 31 2019,Harris,TX,Passenger,1,0,1,297,298,0.34
May 31 2019,San Mateo,CA,Passenger,2,1,3,133,136,2.21
April 30 2022,Yakima,WA,Passenger,318,183,501,167195,167696,0.30
November 30 2019,Whitman,WA,Passenger,41,46,87,22675,22762,0.38
April 30 2025,Clay,FL,Passenger,1,0,1,50,51,1.96
January 31 2023,Columbia,OR,Passenger,1,0,1,19,20,5.00
July 31 2024,Santa Cruz,CA,Passenger,1,0,1,22,23,4.35
July 31 2017,King,WA,Passenger,10250,4171,14421,1372435,1386856,1.04
April 30 2020,Adams,WA,Truck,0,0,0,5201,5201,0.00
April 30 2019,Albemarle,VA,Passenger,1,0,1,27,28,3.57
December 31 2018,Kitsap,WA,Passenger,944,544,1488,179713,181201,0.82
December 31 2019,Davidson,TN,Passenger,1,0,1,90,91,1.10
November 30 2024,Pend Oreille,WA,Truck,4,0,4,5537,5541,0.07
March 31 2023,Platte,MO,Passenger,1,1,2,21,23,8.70
September 30 2022,Ray,MO,Passenger,0,1,1,2,3,33.33
May 31 2019,Moore,NC,Passenger,0,1,1,186,187,0.53
February 28 2022,Columbia,WA,Truck,0,0,0,1568,1568,0.00
May 31 2019,Monroe,IL,Passenger,1,0,1,4,5,20.00
December 31 2018,Clackamas,OR,Passenger,1,1,2,231,233,0.86
June 30 2022,Hennepin,MN,Passenger,1,0,1,73,74,1.35
May 31 2020,Sarasota,FL,Passenger,2,0,2,43,45,4.44
October 31 2023,Whitman,WA,Truck,5,0,5,8642,8647,0.06
November 30 2018,New York,NY,Passenger,1,0,1,84,85,1.18
April 30 2023,Washington,MD,Passenger,2,0,2,15,17,11.76
April 30 2025,Charles,MD,Passenger,0,1,1,41,42,2.38
March 31 2022,Tom Green,TX,Passenger,0,1,1,25,26,3.85
February 28 2023,Camden,NJ,Passenger,0,1,1,11,12,8.33
January 31 2025,Fresno,CA,Passenger,1,1,2,117,119,1.68
May 31 2022,Marion,IN,Passenger,1,0,1,50,51,1.96
October 31 2021,Currituck,NC,Passenger,1,0,1,24,25,4.00
June 30 2022,Sedgwick,KS,Passenger,0,1,1,84,85,1.18
June 30 2018,Multnomah,OR,Passenger,3,4,7,841,848,0.83
April 30 2019,Garfield,WA,Truck,0,0,0,957,957,0.00
June 30 2021,Sarasota,FL,Passenger,2,0,2,43,45,4.44
June 30 2023,Eagle,CO,Passenger,1,0,1,7,8,12.50
October 31 2022,Contra Costa,CA,Passenger,0,2,2,214,216,0.93
May 31 2019,St. Lucie,FL,Passenger,1,0,1,27,28,3.57
February 28 2021,Snohomish,WA,Passenger,5261,1893,7154,537717,544871,1.31
November 30 2020,Contra Costa,CA,Passenger,4,4,8,277,285,2.81
October 31 2020,Salt Lake,UT,Passenger,1,1,2,204,206,0.97
February 28 2023,Lane,OR,Passenger,0,1,1,113,114,0.88
March 31 2024,Wahkiakum,WA,Passenger,36,23,59,3046,3105,1.90
May 31 2024,Stevens,WA,Passenger,149,80,229,29494,29723,0.77
January 31 2022,Wake,NC,Passenger,1,1,2,138,140,1.43
March 31 2021,Fresno,CA,Passenger,2,0,2,198,200,1.00
May 31 2023,Saratoga,NY,Passenger,1,1,2,47,49,4.08
June 30 2021,Montgomery,OH,Passenger,0,1,1,58,59,1.69
November 30 2020,Essex,MA,Passenger,1,0,1,22,23,4.35
July 31 2021,Klamath,OR,Passenger,1,0,1,37,38,2.63
September 30 2018,Flathead,MT,Passenger,1,0,1,61,62,1.61
October 31 2023,Okanogan,WA,Passenger,144,75,219,26031,26250,0.83
July 31 2019,Douglas,WA,Truck,0,0,0,12218,12218,0.00
June 30 2022,Montgomery,MD,Passenger,3,2,5,221,226,2.21
May 31 2020,Washtenaw,MI,Passenger,1,0,1,37,38,2.63
March 31 2024,Sonoma,CA,Passenger,2,1,3,72,75,4.00
February 29 2020,Alexandria,VA,Passenger,1,0,1,142,143,0.70
September 30 2022,Meade,KY,Passenger,1,0,1,21,22,4.55
January 31 2025,El Paso,CO,Truck,1,0,1,116,117,0.85
September 30 2020,Hudson,NJ,Passenger,1,0,1,44,45,2.22
May 31 2020,San Joaquin,CA,Passenger,1,0,1,140,141,0.71
March 31 2018,Kittitas,WA,Truck,0,0,0,13984,13984,0.00
May 31 2024,Clay,FL,Passenger,1,0,1,70,71,1.41
November 30 2024,Okaloosa,FL,Passenger,0,1,1,74,75,1.33
April 30 2019,Kitsap,WA,Truck,1,0,1,53842,53843,0.00
October 31 2021,Newport,RI,Passenger,0,1,1,74,75,1.33
June 30 2020,Dallas,IA,Passenger,0,1,1,10,11,9.09
January 31 2021,Wichita,TX,Passenger,1,0,1,46,47,2.13
May 31 2023,Tooele,UT,Passenger,1,0,1,12,13,7.69
July 31 2017,DeKalb,IN,Passenger,1,0,1,1,2,50.00
March 31 2018,Jefferson,CO,Passenger,0,1,1,72,73,1.37
March 31 2025,Wahkiakum,WA,Truck,8,0,8,1758,1766,0.45
February 28 2019,Richland,SC,Passenger,0,1,1,160,161,0.62
November 30 2023,Ferry,WA,Passenger,23,4,27,4289,4316,0.63
October 31 2022,Kootenai,ID,Truck,1,0,1,38,39,2.56
March 31 2021,Los Angeles,CA,Passenger,10,10,20,1022,1042,1.92
August 31 2022,Jefferson,NY,Passenger,1,0,1,206,207,0.48
July 31 2020,Twin Falls,ID,Passenger,0,1,1,24,25,4.00
June 30 2022,Bell,TX,Passenger,1,0,1,340,341,0.29
September 30 2018,Skagit,WA,Passenger,223,176,399,90823,91222,0.44
July 31 2024,Jefferson,IL,Passenger,1,0,1,1,2,50.00
July 31 2020,Gwinnett,GA,Passenger,1,0,1,77,78,1.28
February 28 2021,San Bernardino,CA,Passenger,1,0,1,411,412,0.24
December 31 2022,Larimer,CO,Passenger,1,0,1,53,54,1.85
October 31 2020,Hennepin,MN,Passenger,2,0,2,103,105,1.90
February 28 2021,Owyhee,ID,Passenger,1,0,1,3,4,25.00
February 28 2023,Nassau,NY,Passenger,4,0,4,31,35,11.43
January 31 2022,Larimer,CO,Passenger,1,0,1,54,55,1.82
January 31 2017,Deschutes,OR,Passenger,1,1,2,247,249,0.80
October 31 2022,Skamania,WA,Passenger,85,51,136,8072,8208,1.66
April 30 2018,Walla Walla,WA,Passenger,34,39,73,35440,35513,0.21
June 30 2021,Columbia,WA,Truck,0,0,0,1543,1543,0.00
May 31 2021,Mohave,AZ,Passenger,1,0,1,77,78,1.28
April 30 2022,Mohave,AZ,Passenger,1,0,1,63,64,1.56
April 30 2025,Sarpy,NE,Passenger,0,1,1,51,52,1.92
May 31 2024,Mason,WA,Passenger,619,259,878,45953,46831,1.87
October 31 2024,Marion,OR,Passenger,1,0,1,62,63,1.59
September 30 2023,Skamania,WA,Passenger,123,55,178,8029,8207,2.17
October 31 2019,Santa Fe,NM,Passenger,0,1,1,43,44,2.27
January 31 2021,Henrico,VA,Passenger,0,1,1,20,21,4.76
March 31 2020,Bexar,TX,Passenger,1,5,6,666,672,0.89
September 30 2019,Douglas,CO,Passenger,1,0,1,84,85,1.18
October 31 2022,Boulder,CO,Passenger,2,0,2,46,48,4.17
February 29 2020,San Francisco,CA,Passenger,2,2,4,109,113,3.54
February 28 2023,Essex,NJ,Passenger,2,0,2,11,13,15.38
November 30 2019,Arapahoe,CO,Passenger,1,0,1,153,154,0.65
September 30 2020,El Dorado,CA,Passenger,1,0,1,40,41,2.44
October 31 2024,Baltimore,MD,Passenger,1,0,1,65,66,1.52
December 31 2021,Columbia,WA,Passenger,6,2,8,2447,2455,0.33
August 31 2018,San Juan,PR,Passenger,0,1,1,4,5,20.00
June 30 2023,Beaufort,SC,Passenger,1,0,1,33,34,2.94
January 31 2021,Spokane,WA,Truck,0,0,0,100773,100773,0.00
January 31 2025,Douglas,NE,Passenger,1,2,3,15,18,16.67
December 31 2024,Wasco,OR,Passenger,0,1,1,14,15,6.67
January 31 2024,Pacific,WA,Passenger,98,100,198,15498,15696,1.26
June 30 2021,Grays Harbor,WA,Truck,0,0,0,21427,21427,0.00
July 31 2020,Montgomery,OH,Passenger,0,1,1,49,50,2.00
November 30 2024,Wake,NC,Passenger,4,2,6,87,93,6.45
June 30 2023,Chesterfield,VA,Passenger,1,0,1,44,45,2.22
January 31 2025,Pima,AZ,Passenger,2,0,2,152,154,1.30
June 30 2024,Stafford,VA,Passenger,3,0,3,70,73,4.11
August 31 2024,Cook,IL,Passenger,3,2,5,183,188,2.66
November 30 2018,Lumpkin,GA,Passenger,1,0,1,7,8,12.50
January 31 2020,Brevard,FL,Passenger,0,1,1,98,99,1.01
January 31 2020,Deschutes,OR,Passenger,4,0,4,165,169,2.37
October 31 2020,Baltimore,MD,Passenger,1,0,1,116,117,0.85
November 30 2019,Sacramento,CA,Passenger,0,1,1,312,313,0.32
November 30 2018,San Juan,PR,Passenger,0,1,1,5,6,16.67
November 30 2020,Sedgwick,KS,Passenger,1,1,2,98,100,2.00
May 31 2017,Prince William,VA,Passenger,0,4,4,272,276,1.45
December 31 2018,Franklin,WA,Passenger,44,66,110,59092,59202,0.19
March 31 2020,Snohomish,WA,Passenger,4364,1757,6121,537019,543140,1.13
March 31 2023,Autauga,AL,Passenger,2,1,3,14,17,17.65
July 31 2020,Chelan,WA,Truck,0,0,0,22608,22608,0.00
January 31 2025,Clark,WA,Passenger,10144,3470,13614,315251,328865,4.14
September 30 2024,Pend Oreille,WA,Passenger,46,20,66,8603,8669,0.76
September 30 2018,Polk,FL,Passenger,1,0,1,69,70,1.43
July 31 2023,New York,NY,Passenger,3,0,3,40,43,6.98
January 31 2022,Jefferson,WA,Truck,0,0,0,9561,9561,0.00
November 30 2024,Yakima,WA,Passenger,987,392,1379,167472,168851,0.82
April 30 2025,Kauai,HI,Passenger,0,1,1,15,16,6.25
January 31 2019,Dakota,MN,Passenger,0,2,2,36,38,5.26
July 31 2024,St. Charles,MO,Passenger,1,0,1,28,29,3.45
September 30 2023,,,Passenger,7,2,9,310,319,2.82
February 28 2025,Loudoun,VA,Passenger,2,0,2,54,56,3.57
September 30 2018,Saratoga,NY,Passenger,1,0,1,63,64,1.56
January 31 2024,Mesa,CO,Passenger,0,1,1,10,11,9.09
July 31 2024,Bannock,ID,Passenger,1,0,1,7,8,12.50
May 31 2022,Montgomery,AL,Passenger,1,1,2,34,36,5.56
February 28 2021,Clallam,WA,Truck,1,0,1,21889,21890,0.00
October 31 2017,District of Columbia,DC,Passenger,0,3,3,201,204,1.47
September 30 2019,Douglas,WA,Passenger,62,37,99,28190,28289,0.35
February 29 2024,Wake,NC,Passenger,6,1,7,99,106,6.60
June 30 2022,Rockingham,NH,Passenger,2,0,2,21,23,8.70
March 31 2022,Essex,NJ,Passenger,2,0,2,15,17,11.76
July 31 2020,Sarasota,FL,Passenger,2,0,2,43,45,4.44
October 31 2020,Franklin,WA,Truck,0,0,0,20358,20358,0.00
October 31 2022,Yavapai,AZ,Passenger,0,1,1,30,31,3.23
April 30 2018,Dallas,TX,Passenger,0,1,1,202,203,0.49
December 31 2021,Henrico,VA,Passenger,0,1,1,22,23,4.35
September 30 2023,Boulder,CO,Passenger,2,0,2,35,37,5.41
October 31 2019,Jones,GA,Passenger,1,0,1,0,1,100.00
December 31 2021,Jefferson,NY,Passenger,1,0,1,206,207,0.48
April 30 2023,Montgomery,AL,Passenger,1,0,1,33,34,2.94
August 31 2023,Franklin,WA,Passenger,354,149,503,61969,62472,0.81
October 31 2023,Charlottesville,VA,Passenger,0,3,3,5,8,37.50
April 30 2022,El Dorado,CA,Passenger,1,0,1,33,34,2.94
August 31 2019,Solano,CA,Passenger,1,0,1,220,221,0.45
December 31 2022,Hays,TX,Passenger,1,0,1,10,11,9.09
August 31 2018,St. Lucie,FL,Passenger,1,0,1,28,29,3.45
January 31 2021,Columbia,WA,Passenger,5,3,8,2451,2459,0.33
November 30 2022,Columbia,GA,Passenger,0,1,1,99,100,1.00
April 30 2019,Shelby,TN,Passenger,0,1,1,102,103,0.97
July 31 2022,Kauai,HI,Passenger,1,0,1,23,24,4.17
January 31 2019,Broward,FL,Passenger,2,1,3,131,134,2.24
December 31 2022,Cass,MN,Passenger,0,1,1,2,3,33.33
February 28 2023,Tom Green,TX,Passenger,0,1,1,19,20,5.00
November 30 2018,Cowlitz,WA,Truck,0,0,0,28716,28716,0.00
February 28 2021,Platte,MO,Passenger,1,0,1,20,21,4.76
November 30 2019,Kittitas,WA,Passenger,89,46,135,29993,30128,0.45
March 31 2022,Camden,NJ,Passenger,0,1,1,12,13,7.69
June 30 2023,Jackson,OK,Passenger,0,1,1,44,45,2.22
April 30 2025,Mercer,NJ,Passenger,0,1,1,5,6,16.67
September 30 2021,Hennepin,MN,Passenger,3,0,3,91,94,3.19
August 31 2023,Maui,HI,Passenger,1,0,1,22,23,4.35
July 31 2024,Whatcom,WA,Truck,112,0,112,42346,42458,0.26
August 31 2022,Tarrant,TX,Passenger,4,0,4,148,152,2.63
September 30 2018,Charleston,SC,Passenger,1,0,1,128,129,0.78
April 30 2025,Mason,WA,Passenger,832,317,1149,45660,46809,2.45
September 30 2019,Douglas,WA,Truck,0,0,0,12269,12269,0.00
June 30 2019,Clallam,WA,Truck,1,0,1,21738,21739,0.00
January 31 2023,Kent,DE,Passenger,1,0,1,54,55,1.82
January 31 2024,Fresno,CA,Passenger,1,0,1,145,146,0.68
January 31 2025,St. Lawrence,NY,Passenger,1,0,1,4,5,20.00
August 31 2020,Chatham,NC,Passenger,1,0,1,7,8,12.50
December 31 2017,Deschutes,OR,Passenger,1,0,1,190,191,0.52
November 30 2022,Dakota,MN,Passenger,0,1,1,19,20,5.00
January 31 2023,Bexar,TX,Passenger,6,3,9,478,487,1.85
May 31 2020,Fairfax,VA,Passenger,6,2,8,753,761,1.05
December 31 2024,Platte,MO,Passenger,0,1,1,11,12,8.33
February 29 2020,Honolulu,HI,Passenger,4,2,6,515,521,1.15
October 31 2022,Pinal,AZ,Passenger,0,1,1,145,146,0.68
July 31 2022,Hamilton,IN,Passenger,2,0,2,27,29,6.90
June 30 2024,Orange,FL,Passenger,4,1,5,61,66,7.58
August 31 2019,Virginia Beach,VA,Passenger,1,0,1,706,707,0.14
August 31 2020,Sedgwick,KS,Passenger,1,1,2,99,101,1.98
February 29 2020,Okanogan,WA,Passenger,34,31,65,26106,26171,0.25
October 31 2018,Pueblo,CO,Passenger,1,0,1,36,37,2.70
September 30 2021,Franklin,WA,Truck,0,0,0,20702,20702,0.00
July 31 2024,Benton,WA,Passenger,1700,751,2451,136303,138754,1.77
October 31 2019,Stafford,VA,Passenger,1,1,2,105,107,1.87
August 31 2024,Essex,MA,Passenger,1,0,1,10,11,9.09
July 31 2021,Sedgwick,KS,Passenger,0,1,1,90,91,1.10
April 30 2020,Oklahoma,OK,Passenger,0,1,1,137,138,0.72
May 31 2022,Providence,RI,Passenger,1,0,1,24,25,4.00
June 30 2024,Asotin,WA,Truck,3,0,3,6562,6565,0.05
October 31 2022,Suffolk,MA,Passenger,3,1,4,32,36,11.11
May 31 2025,Stevens,WA,Truck,9,0,9,18012,18021,0.05
February 29 2020,Sumter,FL,Passenger,0,1,1,9,10,10.00
September 30 2022,Cascade,MT,Passenger,0,1,1,41,42,2.38
October 31 2021,Columbia,GA,Passenger,0,1,1,118,119,0.84
April 30 2023,Okanogan,WA,Truck,3,0,3,16444,16447,0.02
March 31 2025,Harris,TX,Passenger,1,1,2,115,117,1.71
December 31 2018,Kittitas,WA,Passenger,67,37,104,29326,29430,0.35
January 31 2021,Douglas,NE,Passenger,1,1,2,59,61,3.28
July 31 2024,Wahkiakum,WA,Truck,6,0,6,1765,1771,0.34
December 31 2022,Olmsted,MN,Passenger,1,0,1,8,9,11.11
March 31 2022,Medina,TX,Passenger,1,0,1,6,7,14.29
December 31 2019,Mercer,NJ,Passenger,0,1,1,17,18,5.56
June 30 2023,Kauai,HI,Passenger,1,1,2,22,24,8.33
November 30 2021,Kitsap,WA,Passenger,2079,942,3021,179830,182851,1.65
October 31 2017,Twin Falls,ID,Passenger,0,1,1,26,27,3.70
December 31 2020,Eagle,CO,Passenger,1,0,1,7,8,12.50
May 31 2023,Island,WA,Passenger,1041,427,1468,60609,62077,2.36
March 31 2018,Nassau,NY,Passenger,1,0,1,38,39,2.56
August 31 2023,Liberty,GA,Passenger,0,1,1,106,107,0.93
May 31 2020,Clark,WA,Passenger,2004,1057,3061,317241,320302,0.96
January 31 2025,Columbia,WA,Passenger,11,2,13,2398,2411,0.54
December 31 2018,Sacramento,CA,Passenger,0,1,1,318,319,0.31
October 31 2023,Lexington,SC,Passenger,1,0,1,19,20,5.00
March 31 2022,Multnomah,OR,Passenger,3,4,7,677,684,1.02
December 31 2018,Thurston,WA,Truck,0,0,0,54831,54831,0.00
November 30 2023,Milwaukee,WI,Passenger,1,0,1,38,39,2.56
October 31 2022,,,Passenger,4,2,6,342,348,1.72
June 30 2019,Prince George's,MD,Passenger,1,1,2,188,190,1.05
September 30 2018,District of Columbia,DC,Passenger,0,3,3,187,190,1.58
July 31 2019,Collin,TX,Passenger,2,1,3,159,162,1.85
April 30 2023,Lincoln,WA,Passenger,18,17,35,7645,7680,0.46
April 30 2024,Santa Clara,CA,Passenger,22,8,30,213,243,12.35
August 31 2022,New York,NY,Passenger,3,0,3,45,48,6.25
August 31 2021,Arlington,VA,Passenger,1,1,2,155,157,1.27
June 30 2021,Chelan,WA,Truck,0,0,0,23102,23102,0.00
January 31 2023,St. Johns,FL,Passenger,1,0,1,45,46,2.17
April 30 2019,Jefferson,CO,Passenger,0,2,2,62,64,3.12
November 30 2024,Galveston,TX,Passenger,1,1,2,18,20,10.00
August 31 2018,Clark,WA,Truck,0,0,0,79258,79258,0.00
November 30 2021,Saginaw,MI,Passenger,1,0,1,8,9,11.11
January 31 2021,Monterey,CA,Passenger,1,2,3,162,165,1.82
October 31 2018,Cook,IL,Passenger,1,0,1,265,266,0.38
May 31 2021,Columbia,WA,Truck,0,0,0,1549,1549,0.00
May 31 2021,Palm Beach,FL,Passenger,1,1,2,78,80,2.50
November 30 2017,Franklin,WA,Truck,0,0,0,18407,18407,0.00
February 28 2023,Providence,RI,Passenger,1,0,1,20,21,4.76
December 31 2022,Yavapai,AZ,Passenger,0,1,1,30,31,3.23
November 30 2022,Cowlitz,WA,Truck,4,0,4,28353,28357,0.01
February 28 2017,Kitsap,WA,Truck,1,0,1,52337,52338,0.00
July 31 2022,Portsmouth,VA,Passenger,0,1,1,79,80,1.25
December 31 2024,Polk,OR,Passenger,1,1,2,16,18,11.11
January 31 2021,Carson City,NV,Passenger,1,0,1,14,15,6.67
February 29 2020,Ferry,WA,Passenger,5,2,7,4373,4380,0.16
November 30 2020,RÃ­o Grande,PR,Passenger,1,0,1,0,1,100.00
January 31 2017,Palm Beach,FL,Passenger,0,1,1,108,109,0.92
October 31 2018,Maui,HI,Passenger,2,0,2,56,58,3.45
April 30 2025,Wahkiakum,WA,Passenger,49,30,79,2987,3066,2.58
October 31 2022,Fredericksburg,VA,Passenger,1,0,1,6,7,14.29
June 30 2019,Fairfax,VA,Passenger,4,1,5,783,788,0.63
June 30 2024,Kittitas,WA,Truck,28,0,28,14656,14684,0.19
January 31 2023,Sacramento,CA,Truck,1,0,1,41,42,2.38
March 31 2024,Bexar,TX,Passenger,4,4,8,396,404,1.98
July 31 2023,Benton,WA,Truck,26,0,26,43082,43108,0.06
August 31 2023,Sacramento,CA,Passenger,3,1,4,193,197,2.03
September 30 2024,Mason,WA,Truck,33,0,33,20453,20486,0.16
October 31 2023,Penobscot,ME,Passenger,0,1,1,7,8,12.50
November 30 2023,Duval,FL,Passenger,2,1,3,261,264,1.14
June 30 2022,El Dorado,CA,Passenger,1,0,1,32,33,3.03
March 31 2023,Carroll,MD,Passenger,0,1,1,22,23,4.35
January 31 2021,Putnam,TN,Passenger,0,1,1,5,6,16.67
March 31 2025,Madison,AL,Passenger,1,0,1,25,26,3.85
October 31 2022,Bell,TX,Passenger,1,0,1,332,333,0.30
September 30 2024,St. Charles,MO,Passenger,1,0,1,26,27,3.70
January 31 2018,Travis,TX,Passenger,1,0,1,200,201,0.50
July 31 2017,Honolulu,HI,Passenger,3,2,5,588,593,0.84
December 31 2024,DeKalb,GA,Truck,1,0,1,1,2,50.00
December 31 2018,Travis,TX,Passenger,2,1,3,217,220,1.36
May 31 2023,Chelan,WA,Truck,29,0,29,23109,23138,0.13
September 30 2017,Essex,NJ,Passenger,1,0,1,16,17,5.88
May 31 2025,Hudson,NJ,Passenger,1,0,1,15,16,6.25
March 31 2023,Arlington,VA,Passenger,5,0,5,134,139,3.60
January 31 2024,Yuba,CA,Passenger,1,0,1,51,52,1.92
July 31 2024,Cowlitz,WA,Passenger,725,289,1014,69559,70573,1.44
December 31 2018,Wise,TX,Passenger,1,0,1,4,5,20.00
October 31 2023,Lee,AL,Passenger,1,0,1,18,19,5.26
February 28 2025,Anchorage,AK,Passenger,1,0,1,80,81,1.23
December 31 2019,Santa Cruz,CA,Passenger,1,0,1,38,39,2.56
October 31 2022,Douglas,WA,Passenger,157,59,216,28404,28620,0.75
May 31 2018,Okanogan,WA,Truck,0,0,0,16410,16410,0.00
August 31 2020,Montgomery,AL,Passenger,1,1,2,38,40,5.00
December 31 2023,Benton,AR,Passenger,1,0,1,25,26,3.85
January 31 2021,Washington,WI,Passenger,1,0,1,3,4,25.00
July 31 2019,Clark,WA,Truck,0,0,0,80559,80559,0.00
December 31 2019,Mason,WA,Passenger,142,133,275,47603,47878,0.57
March 31 2025,Klickitat,WA,Truck,27,0,27,8140,8167,0.33
September 30 2022,Fulton,GA,Passenger,1,1,2,87,89,2.25
April 30 2018,Skamania,WA,Truck,0,0,0,3925,3925,0.00
April 30 2019,Okanogan,WA,Truck,0,0,0,16472,16472,0.00
April 30 2024,Chatham,NC,Passenger,1,0,1,5,6,16.67
July 31 2020,Goochland,VA,Passenger,3,1,4,293,297,1.35
November 30 2024,Monterey,CA,Truck,1,0,1,26,27,3.70
October 31 2019,Franklin,WA,Truck,0,0,0,19645,19645,0.00
September 30 2019,Maui,HI,Passenger,2,0,2,43,45,4.44
November 30 2020,Oldham,KY,Passenger,0,1,1,5,6,16.67
April 30 2017,Whatcom,WA,Passenger,441,159,600,142395,142995,0.42
May 31 2023,Jackson,OK,Passenger,0,1,1,43,44,2.27
September 30 2023,Fredericksburg,VA,Passenger,1,0,1,5,6,16.67
December 31 2022,Duval,FL,Passenger,1,0,1,302,303,0.33
October 31 2024,Duval,FL,Truck,1,0,1,49,50,2.00
September 30 2022,Chelan,WA,Truck,6,0,6,23055,23061,0.03
December 31 2020,Chesapeake,VA,Passenger,0,2,2,425,427,0.47
September 30 2024,Kootenai,ID,Truck,1,0,1,21,22,4.55
February 28 2019,Oldham,KY,Passenger,0,1,1,5,6,16.67
August 31 2020,Franklin,WA,Passenger,66,76,142,60743,60885,0.23
October 31 2019,New London,CT,Passenger,0,1,1,236,237,0.42
October 31 2024,Harnett,NC,Passenger,4,1,5,127,132,3.79
August 31 2019,Albemarle,VA,Passenger,1,0,1,24,25,4.00
July 31 2024,Cowlitz,WA,Truck,22,0,22,27848,27870,0.08
June 30 2023,Kern,CA,Passenger,2,1,3,207,210,1.43
August 31 2023,Chatham,NC,Passenger,1,0,1,6,7,14.29
April 30 2024,Kane,IL,Passenger,1,0,1,7,8,12.50
August 31 2024,San Diego,CA,Passenger,26,7,33,2018,2051,1.61
January 31 2025,Clallam,WA,Passenger,922,416,1338,48557,49895,2.68
April 30 2022,Douglas,WA,Truck,0,0,0,12734,12734,0.00
March 31 2021,Monroe,IL,Passenger,1,0,1,2,3,33.33
January 31 2024,Los Angeles,CA,Passenger,15,4,19,697,716,2.65
October 31 2019,Orange,CA,Passenger,8,3,11,556,567,1.94
March 31 2024,Churchill,NV,Passenger,0,1,1,40,41,2.44
April 30 2019,Richland,SC,Passenger,0,1,1,157,158,0.63
January 31 2020,Cochise,AZ,Passenger,0,1,1,111,112,0.89
July 31 2024,Hamilton,IN,Passenger,1,0,1,25,26,3.85
March 31 2017,Prince William,VA,Passenger,0,4,4,272,276,1.45
June 30 2020,Tulsa,OK,Passenger,1,0,1,58,59,1.69
January 31 2017,El Paso,TX,Passenger,0,1,1,589,590,0.17
March 31 2022,St. Clair,IL,Passenger,1,0,1,141,142,0.70
January 31 2022,Honolulu,HI,Passenger,4,5,9,438,447,2.01
November 30 2018,Gwinnett,GA,Passenger,0,1,1,81,82,1.22
March 31 2019,Randolph,NC,Passenger,1,0,1,5,6,16.67
August 31 2018,Palm Beach,FL,Passenger,0,2,2,90,92,2.17
September 30 2017,Virginia Beach,VA,Passenger,2,1,3,653,656,0.46
November 30 2020,Skamania,WA,Passenger,33,21,54,8295,8349,0.65
December 31 2024,Monroe,WI,Passenger,2,0,2,8,10,20.00
November 30 2017,San Juan,WA,Truck,0,0,0,5569,5569,0.00
October 31 2019,Tulsa,OK,Passenger,1,0,1,61,62,1.61
January 31 2017,Guilford,NC,Passenger,1,0,1,37,38,2.63
July 31 2024,Washoe,NV,Passenger,5,0,5,57,62,8.06
May 31 2018,Anne Arundel,MD,Passenger,0,1,1,447,448,0.22
November 30 2022,Orange,NY,Passenger,0,1,1,48,49,2.04
June 30 2020,Loudoun,VA,Passenger,1,0,1,86,87,1.15
May 31 2019,District of Columbia,DC,Passenger,1,1,2,196,198,1.01
August 31 2018,Douglas,WA,Truck,0,0,0,12026,12026,0.00
April 30 2022,Lake,FL,Passenger,1,0,1,26,27,3.70
February 28 2019,Thurston,WA,Truck,0,0,0,54865,54865,0.00
October 31 2021,Fulton,GA,Passenger,0,1,1,90,91,1.10
June 30 2024,Doña Ana,NM,Passenger,1,0,1,12,13,7.69
November 30 2017,Arlington,VA,Passenger,1,2,3,183,186,1.61
July 31 2019,Denver,CO,Passenger,1,0,1,138,139,0.72
January 31 2021,Cowlitz,WA,Truck,0,0,0,28951,28951,0.00
July 31 2022,Chelan,WA,Passenger,477,126,603,54137,54740,1.10
March 31 2024,Okanogan,WA,Truck,12,0,12,16345,16357,0.07
August 31 2024,,,Passenger,3,3,6,268,274,2.19
February 28 2019,Marion,OR,Passenger,1,0,1,125,126,0.79
July 31 2022,Alameda,CA,Passenger,9,2,11,237,248,4.44
February 28 2023,Okanogan,WA,Passenger,106,56,162,26074,26236,0.62
November 30 2019,Klamath,OR,Passenger,1,0,1,43,44,2.27
September 30 2024,York,VA,Passenger,2,0,2,67,69,2.90
June 30 2021,Pima,AZ,Passenger,2,1,3,333,336,0.89
February 29 2020,Sussex,NJ,Passenger,1,0,1,3,4,25.00
November 30 2021,Chesapeake,VA,Passenger,2,1,3,414,417,0.72
January 31 2023,Garfield,WA,Passenger,1,3,4,1305,1309,0.31
September 30 2023,Montgomery,MD,Passenger,6,2,8,199,207,3.86
January 31 2020,Grant,WA,Passenger,58,72,130,65588,65718,0.20
April 30 2023,Dallas,TX,Truck,1,0,1,11,12,8.33
February 28 2019,Penobscot,ME,Passenger,0,1,1,14,15,6.67
July 31 2023,Mason,WA,Truck,13,0,13,20572,20585,0.06
March 31 2025,Clark,WA,Truck,348,0,348,80140,80488,0.43
April 30 2020,Cameron,TX,Passenger,1,0,1,27,28,3.57
July 31 2022,Salt Lake,UT,Passenger,2,1,3,167,170,1.76
December 31 2018,Norfolk,MA,Passenger,1,0,1,39,40,2.50
April 30 2025,Autauga,AL,Passenger,1,2,3,9,12,25.00
March 31 2022,Marion,IN,Passenger,1,0,1,52,53,1.89
November 30 2019,Hillsborough,FL,Passenger,0,1,1,204,205,0.49
March 31 2024,Anchorage,AK,Passenger,1,0,1,106,107,0.93
April 30 2018,Yakima,WA,Passenger,62,84,146,163192,163338,0.09
July 31 2022,Wahkiakum,WA,Passenger,24,12,36,3066,3102,1.16
April 30 2017,Los Angeles,CA,Passenger,2,1,3,1387,1390,0.22
June 30 2019,Arlington,VA,Passenger,0,2,2,166,168,1.19
March 31 2019,Norfolk,VA,Passenger,2,2,4,345,349,1.15
October 31 2020,Sacramento,CA,Passenger,1,1,2,276,278,0.72
April 30 2024,Ada,ID,Passenger,2,0,2,136,138,1.45
October 31 2017,Stevens,WA,Truck,0,0,0,18288,18288,0.00
October 31 2022,Bryan,GA,Passenger,0,1,1,36,37,2.70
February 28 2025,Montgomery,PA,Passenger,1,0,1,14,15,6.67
August 31 2019,Montgomery,PA,Passenger,2,0,2,40,42,4.76
October 31 2024,Kitsap,WA,Passenger,5123,1812,6935,174703,181638,3.82
March 31 2024,Charles,MD,Passenger,1,1,2,54,56,3.57
July 31 2019,Franklin,MA,Passenger,0,1,1,2,3,33.33
November 30 2021,New London,CT,Passenger,2,4,6,222,228,2.63
August 31 2019,Shelby,TN,Passenger,0,1,1,100,101,0.99
May 31 2022,Lincoln,WA,Truck,0,0,0,4830,4830,0.00
May 31 2017,Walla Walla,WA,Passenger,23,24,47,34840,34887,0.13
February 29 2024,Rockdale,GA,Passenger,1,0,1,8,9,11.11
September 30 2021,Travis,TX,Passenger,5,4,9,168,177,5.08
August 31 2023,Howard,MD,Passenger,0,2,2,62,64,3.12
October 31 2020,Lincoln,WA,Passenger,5,10,15,7602,7617,0.20
November 30 2022,Los Angeles,CA,Passenger,6,6,12,867,879,1.37
February 28 2022,San Mateo,CA,Passenger,3,1,4,107,111,3.60
September 30 2018,Klickitat,WA,Truck,0,0,0,8128,8128,0.00
May 31 2020,Randolph,NC,Passenger,1,0,1,7,8,12.50
July 31 2021,San Juan,WA,Passenger,442,141,583,14222,14805,3.94
February 28 2017,Hawaii,HI,Passenger,1,0,1,92,93,1.08
July 31 2019,Ramsey,MN,Passenger,1,0,1,46,47,2.13
August 31 2023,Charlottesville,VA,Passenger,0,2,2,4,6,33.33
July 31 2024,Currituck,NC,Passenger,1,0,1,19,20,5.00
June 30 2021,San Mateo,CA,Passenger,2,0,2,128,130,1.54
September 30 2024,Jefferson,WA,Passenger,796,319,1115,23904,25019,4.46
February 29 2020,Walla Walla,WA,Passenger,68,62,130,36282,36412,0.36
May 31 2023,Davidson,TN,Passenger,1,0,1,55,56,1.79
December 31 2018,Sangamon,IL,Passenger,1,0,1,9,10,10.00
June 30 2022,Chatham,NC,Passenger,1,0,1,7,8,12.50
June 30 2023,Chelan,WA,Passenger,641,164,805,54172,54977,1.46
September 30 2020,Clark,WA,Truck,0,0,0,82800,82800,0.00
December 31 2022,Howard,MD,Passenger,0,2,2,60,62,3.23
May 31 2023,Autauga,AL,Passenger,2,1,3,14,17,17.65
December 31 2021,Carson City,NV,Passenger,1,0,1,12,13,7.69
May 31 2018,Richland,SC,Passenger,0,1,1,171,172,0.58
December 31 2020,New London,CT,Passenger,1,2,3,231,234,1.28
February 29 2024,Jefferson,WA,Truck,19,0,19,9222,9241,0.21
January 31 2023,Anne Arundel,MD,Truck,1,0,1,48,49,2.04
May 31 2020,Cumberland,NC,Passenger,1,3,4,471,475,0.84
August 31 2020,Contra Costa,CA,Passenger,4,4,8,291,299,2.68
September 30 2023,Thurston,WA,Passenger,3445,1299,4744,189028,193772,2.45
May 31 2021,Lake,FL,Passenger,1,0,1,27,28,3.57
October 31 2019,DeKalb,GA,Passenger,1,0,1,88,89,1.12
May 31 2022,Tom Green,TX,Passenger,0,1,1,23,24,4.17
October 31 2024,Thurston,WA,Truck,185,0,185,53165,53350,0.35
July 31 2018,Fairfax,VA,Passenger,3,1,4,838,842,0.48
February 28 2022,Pima,AZ,Passenger,1,1,2,312,314,0.64
August 31 2019,Franklin,WA,Passenger,50,71,121,60195,60316,0.20
August 31 2022,Benton,WA,Truck,5,0,5,43341,43346,0.01
October 31 2022,Sumter,SC,Passenger,0,1,1,31,32,3.12
November 30 2020,Sussex,NJ,Passenger,1,0,1,2,3,33.33
December 31 2022,Baltimore,MD,Passenger,1,0,1,78,79,1.27
April 30 2020,Guadalupe,TX,Passenger,1,0,1,67,68,1.47
December 31 2020,Kitsap,WA,Truck,0,0,0,54292,54292,0.00
February 28 2025,Virginia Beach,VA,Truck,1,0,1,106,107,0.93
January 31 2019,Collier,FL,Passenger,1,0,1,24,25,4.00
December 31 2019,Valencia,NM,Passenger,1,0,1,8,9,11.11
December 31 2023,Whitman,WA,Truck,7,0,7,8622,8629,0.08
September 30 2019,Cook,IL,Passenger,1,0,1,266,267,0.37
April 30 2021,Chelan,WA,Passenger,314,94,408,54640,55048,0.74
March 31 2022,St. Mary's,MD,Passenger,1,0,1,230,231,0.43
February 28 2018,Deschutes,OR,Passenger,1,0,1,189,190,0.53
October 31 2024,Jefferson,WA,Truck,31,0,31,9098,9129,0.34
October 31 2017,Klickitat,WA,Truck,0,0,0,7996,7996,0.00
June 30 2017,Jefferson,WA,Passenger,104,61,165,23839,24004,0.69
November 30 2022,Pend Oreille,WA,Passenger,19,13,32,8945,8977,0.36
December 31 2020,Montgomery,TX,Passenger,2,0,2,56,58,3.45
February 29 2020,Walla Walla,WA,Truck,0,0,0,13687,13687,0.00
May 31 2020,Fairbanks North Star,AK,Passenger,0,1,1,103,104,0.96
June 30 2021,Okaloosa,FL,Passenger,0,1,1,129,130,0.77
April 30 2020,Okanogan,WA,Truck,0,0,0,16373,16373,0.00
November 30 2021,St. Louis,MO,Passenger,1,0,1,79,80,1.25
October 31 2024,Larimer,CO,Passenger,1,0,1,31,32,3.12
November 30 2023,Baltimore,MD,Passenger,1,0,1,74,75,1.33
April 30 2025,Skagit,WA,Passenger,1907,667,2574,86985,89559,2.87
February 29 2024,Medina,TX,Passenger,1,0,1,6,7,14.29
December 31 2021,Spokane,WA,Truck,0,0,0,102607,102607,0.00
October 31 2023,Duval,FL,Truck,1,0,1,57,58,1.72
June 30 2023,Lincoln,WA,Passenger,17,19,36,7634,7670,0.47
April 30 2023,Solano,CA,Passenger,4,1,5,165,170,2.94
December 31 2017,Lumpkin,GA,Passenger,1,0,1,9,10,10.00
October 31 2017,Benton,WA,Truck,0,0,0,40380,40380,0.00
March 31 2019,Washtenaw,MI,Passenger,1,0,1,36,37,2.70
January 31 2022,Howard,MD,Passenger,0,2,2,67,69,2.90
February 28 2023,Marion,IN,Passenger,1,0,1,38,39,2.56
July 31 2017,Nassau,NY,Passenger,1,1,2,39,41,4.88
February 28 2019,Cameron,TX,Passenger,1,0,1,35,36,2.78
May 31 2024,Clark,WA,Passenger,8219,2965,11184,313958,325142,3.44
October 31 2018,Frederick,MD,Passenger,0,1,1,81,82,1.22
September 30 2023,Essex,MA,Passenger,1,0,1,15,16,6.25
February 28 2017,Pierce,WA,Passenger,862,779,1641,526525,528166,0.31
July 31 2018,Caddo,LA,Passenger,0,1,1,24,25,4.00
July 31 2023,Columbia,GA,Passenger,1,1,2,82,84,2.38
May 31 2017,Yakima,WA,Passenger,42,55,97,159338,159435,0.06
August 31 2024,Hillsborough,FL,Passenger,2,1,3,97,100,3.00
August 31 2024,Skamania,WA,Passenger,162,55,217,7876,8093,2.68
May 31 2025,Guam,GU,Passenger,0,1,1,27,28,3.57
September 30 2022,Portsmouth,VA,Passenger,0,1,1,77,78,1.28
October 31 2022,Essex,MA,Passenger,3,0,3,18,21,14.29
April 30 2018,Pend Oreille,WA,Truck,0,0,0,5654,5654,0.00
July 31 2023,Stevens,WA,Truck,2,0,2,18643,18645,0.01
May 31 2019,Douglas,NE,Passenger,0,1,1,67,68,1.47
March 31 2022,Ada,ID,Passenger,2,0,2,228,230,0.87
August 31 2017,Arlington,VA,Passenger,1,2,3,179,182,1.65
January 31 2024,Texas,MO,Passenger,1,0,1,2,3,33.33
December 31 2018,Klamath,OR,Passenger,1,0,1,43,44,2.27
July 31 2018,Manassas,VA,Passenger,0,1,1,9,10,10.00
February 29 2024,Calvert,MD,Passenger,1,2,3,79,82,3.66
April 30 2021,Allegheny,PA,Passenger,2,1,3,79,82,3.66
April 30 2024,Pueblo,CO,Passenger,1,0,1,18,19,5.26
September 30 2020,,,Passenger,6,1,7,396,403,1.74
June 30 2021,Philadelphia,PA,Passenger,1,0,1,60,61,1.64
July 31 2018,Arlington,VA,Passenger,1,2,3,182,185,1.62
August 31 2023,Duval,FL,Passenger,2,1,3,272,275,1.09
March 31 2018,Howard,MD,Passenger,0,1,1,91,92,1.09
February 28 2023,Ada,ID,Passenger,3,0,3,181,184,1.63
November 30 2022,Suffolk,MA,Passenger,3,1,4,32,36,11.11
September 30 2017,Santa Clara,CA,Passenger,5,2,7,412,419,1.67
December 31 2021,Pend Oreille,WA,Passenger,18,9,27,9113,9140,0.30
December 31 2023,Garfield,WA,Passenger,0,3,3,1293,1296,0.23
January 31 2020,Douglas,NE,Passenger,0,1,1,62,63,1.59
May 31 2025,Suffolk,MA,Passenger,2,1,3,23,26,11.54
June 30 2020,Bexar,TX,Passenger,2,5,7,641,648,1.08
February 28 2023,Walla Walla,WA,Truck,3,0,3,13812,13815,0.02
May 31 2019,Pima,AZ,Passenger,0,1,1,438,439,0.23
April 30 2021,San Joaquin,CA,Passenger,1,0,1,121,122,0.82
March 31 2018,Thurston,WA,Truck,0,0,0,53968,53968,0.00
August 31 2017,Manassas,VA,Passenger,0,1,1,9,10,10.00
August 31 2023,Williamson,TN,Passenger,0,1,1,18,19,5.26
April 30 2021,Snohomish,WA,Truck,1,0,1,126303,126304,0.00
April 30 2025,Pierce,WA,Passenger,14745,4394,19139,512227,531366,3.60
January 31 2018,Orange,CA,Passenger,4,1,5,598,603,0.83
May 31 2024,Skagit,WA,Passenger,1497,536,2033,88348,90381,2.25
January 31 2020,Denton,TX,Passenger,1,0,1,108,109,0.92
April 30 2019,Whitman,WA,Truck,0,0,0,8514,8514,0.00
November 30 2024,St. Mary's,MD,Passenger,4,0,4,176,180,2.22
April 30 2023,Salt Lake,UT,Passenger,3,1,4,153,157,2.55
October 31 2023,DuPage,IL,Passenger,6,1,7,39,46,15.22
August 31 2022,Bryan,GA,Passenger,0,1,1,35,36,2.78
April 30 2024,Will,IL,Passenger,0,1,1,15,16,6.25
August 31 2017,Stevens,WA,Passenger,8,22,30,31497,31527,0.10
March 31 2018,Richland,SC,Passenger,0,1,1,173,174,0.57
August 31 2022,Mason,WA,Truck,4,0,4,20919,20923,0.02
December 31 2022,Marion,OR,Passenger,1,0,1,105,106,0.94
September 30 2022,Wahkiakum,WA,Truck,1,0,1,1799,1800,0.06
July 31 2021,Contra Costa,CA,Passenger,2,4,6,250,256,2.34
February 28 2023,St. Mary's,MD,Passenger,2,0,2,214,216,0.93
November 30 2017,Collier,FL,Passenger,1,0,1,28,29,3.45
November 30 2021,Yamhill,OR,Passenger,1,0,1,41,42,2.38
March 31 2024,Virginia Beach,VA,Truck,1,0,1,114,115,0.87
April 30 2023,Tom Green,TX,Passenger,0,1,1,18,19,5.26
September 30 2018,Benton,WA,Truck,0,0,0,41327,41327,0.00
December 31 2019,Snohomish,WA,Passenger,4015,1709,5724,535731,541455,1.06
April 30 2020,Albemarle,VA,Passenger,1,0,1,26,27,3.70
March 31 2017,Deschutes,OR,Passenger,1,0,1,212,213,0.47
May 31 2020,Chelan,WA,Passenger,228,79,307,54086,54393,0.56
July 31 2024,Kootenai,ID,Passenger,3,3,6,102,108,5.56
August 31 2021,Skagit,WA,Passenger,620,287,907,91558,92465,0.98
January 31 2025,Harford,MD,Passenger,2,0,2,42,44,4.55
July 31 2024,Orange,NC,Passenger,1,0,1,6,7,14.29
August 31 2020,Ada,ID,Passenger,0,1,1,298,299,0.33
April 30 2022,Forsyth,GA,Passenger,1,0,1,16,17,5.88
September 30 2021,Riverside,CA,Passenger,6,0,6,601,607,0.99
May 31 2024,Greene,OH,Passenger,2,0,2,20,22,9.09
November 30 2017,Hamilton,IN,Passenger,1,0,1,54,55,1.82
September 30 2018,Chelan,WA,Truck,0,0,0,22014,22014,0.00
November 30 2021,Kitsap,WA,Truck,0,0,0,54126,54126,0.00
April 30 2024,Clackamas,OR,Passenger,0,1,1,116,117,0.85
August 31 2023,Santa Clara,CA,Passenger,22,7,29,247,276,10.51
August 31 2023,Thurston,WA,Truck,70,0,70,53644,53714,0.13
July 31 2024,Newport,RI,Truck,1,0,1,8,9,11.11
September 30 2024,Brevard,FL,Passenger,1,0,1,58,59,1.69
June 30 2020,Ulster,NY,Passenger,1,0,1,14,15,6.67
May 31 2023,Hamilton,IN,Passenger,1,0,1,26,27,3.70
August 31 2023,Oldham,KY,Passenger,0,1,1,4,5,20.00
August 31 2017,Clark,WA,Passenger,794,528,1322,300675,301997,0.44
October 31 2017,Pierce,WA,Passenger,1040,917,1957,525253,527210,0.37
November 30 2023,Williamsburg,VA,Passenger,0,1,1,5,6,16.67
June 30 2018,Volusia,FL,Passenger,0,1,1,35,36,2.78
May 31 2024,Tooele,UT,Passenger,2,0,2,9,11,18.18
November 30 2023,Howard,MD,Passenger,0,2,2,64,66,3.03
September 30 2020,Powhatan,VA,Passenger,1,0,1,1,2,50.00
June 30 2024,Arapahoe,CO,Passenger,2,1,3,69,72,4.17
May 31 2022,Carroll,MD,Passenger,0,1,1,17,18,5.56
July 31 2021,Wilson,NC,Passenger,1,0,1,1,2,50.00
May 31 2022,Salt Lake,UT,Passenger,2,1,3,178,181,1.66
May 31 2024,Autauga,AL,Passenger,2,2,4,13,17,23.53
March 31 2023,Cumberland,PA,Passenger,1,0,1,53,54,1.85
August 31 2020,San Juan,WA,Passenger,320,101,421,13912,14333,2.94
October 31 2021,Portsmouth,VA,Passenger,0,1,1,80,81,1.23
February 28 2021,Columbia,OR,Passenger,1,0,1,23,24,4.17
January 31 2025,Geary,KS,Passenger,1,0,1,64,65,1.54
April 30 2019,Penobscot,ME,Passenger,0,1,1,15,16,6.25
July 31 2023,Fairfax,VA,Truck,1,0,1,87,88,1.14
January 31 2025,Charleston,SC,Passenger,0,2,2,46,48,4.17
July 31 2024,Goochland,VA,Passenger,3,0,3,51,54,5.56
December 31 2023,Cache,UT,Passenger,1,0,1,12,13,7.69
June 30 2022,Marion,IN,Passenger,1,0,1,49,50,2.00
August 31 2020,Boone,MO,Passenger,0,1,1,10,11,9.09
September 30 2024,Kootenai,ID,Passenger,3,3,6,90,96,6.25
June 30 2023,Clay,FL,Passenger,1,0,1,78,79,1.27
December 31 2024,Montgomery,AL,Passenger,1,1,2,21,23,8.70
November 30 2023,Marion,OR,Passenger,1,0,1,79,80,1.25
May 31 2017,Essex,MA,Passenger,1,0,1,28,29,3.45
August 31 2023,Newport News,VA,Passenger,1,0,1,117,118,0.85
January 31 2017,Grant,WA,Passenger,16,21,37,60373,60410,0.06
May 31 2022,Pulaski,MO,Passenger,2,0,2,117,119,1.68
December 31 2021,Spartanburg,SC,Passenger,0,1,1,49,50,2.00
January 31 2022,Cameron,TX,Passenger,1,0,1,26,27,3.70
May 31 2017,Pend Oreille,WA,Truck,0,0,0,5563,5563,0.00
December 31 2024,Madison,IL,Passenger,1,0,1,8,9,11.11
December 31 2017,Hardin,KY,Passenger,0,1,1,119,120,0.83
May 31 2020,Allegheny,PA,Passenger,2,0,2,82,84,2.38
September 30 2021,Sacramento,CA,Passenger,2,1,3,268,271,1.11
April 30 2020,Bexar,TX,Passenger,1,5,6,657,663,0.90
June 30 2019,Manassas,VA,Passenger,0,1,1,9,10,10.00
August 31 2022,Stevens,WA,Truck,1,0,1,18863,18864,0.01
November 30 2019,Travis,TX,Passenger,5,2,7,221,228,3.07
January 31 2017,Hardin,KY,Passenger,0,1,1,125,126,0.79
February 28 2023,Lee,AL,Passenger,1,0,1,21,22,4.55
January 31 2022,Galveston,TX,Passenger,0,1,1,24,25,4.00
March 31 2024,Kauai,HI,Passenger,0,1,1,21,22,4.55
April 30 2021,Fairbanks North Star,AK,Passenger,0,1,1,91,92,1.09
February 29 2020,Duval,FL,Passenger,1,2,3,375,378,0.79
May 31 2025,Benton,WA,Passenger,2269,911,3180,134321,137501,2.31
April 30 2025,Greene,OH,Passenger,2,0,2,16,18,11.11
April 30 2018,Muskogee,OK,Passenger,0,1,1,1,2,50.00
April 30 2020,Okanogan,WA,Passenger,34,31,65,25869,25934,0.25
January 31 2022,Yavapai,AZ,Passenger,0,1,1,40,41,2.44
May 31 2018,Jefferson,CO,Passenger,0,1,1,68,69,1.45
February 28 2018,San Diego,CA,Passenger,5,2,7,2573,2580,0.27
February 28 2019,Howard,MD,Passenger,0,1,1,88,89,1.12
January 31 2018,Wise,TX,Passenger,1,0,1,4,5,20.00
July 31 2018,Marin,CA,Passenger,1,0,1,58,59,1.69
December 31 2023,Okanogan,WA,Truck,8,0,8,16346,16354,0.05
November 30 2018,Clark,WA,Truck,0,0,0,79698,79698,0.00
May 31 2022,Solano,CA,Passenger,1,0,1,180,181,0.55
February 29 2024,Yakima,WA,Passenger,685,309,994,166369,167363,0.59
March 31 2025,El Paso,TX,Passenger,2,2,4,257,261,1.53
June 30 2018,Nassau,NY,Passenger,2,0,2,39,41,4.88
April 30 2021,Los Angeles,CA,Passenger,10,11,21,1018,1039,2.02
February 29 2020,Oklahoma,OK,Passenger,0,1,1,137,138,0.72
October 31 2020,Kitsap,WA,Passenger,1465,730,2195,179416,181611,1.21
September 30 2019,Frederick,MD,Passenger,1,1,2,76,78,2.56
January 31 2019,Snohomish,WA,Passenger,3073,1489,4562,528000,532562,0.86
June 30 2018,Honolulu,HI,Passenger,1,2,3,540,543,0.55
June 30 2017,Grays Harbor,WA,Truck,0,0,0,19881,19881,0.00
March 31 2019,Kitsap,WA,Truck,1,0,1,53712,53713,0.00
November 30 2020,Hennepin,MN,Passenger,2,0,2,103,105,1.90
December 31 2020,Saginaw,MI,Passenger,2,0,2,10,12,16.67
June 30 2018,Yakima,WA,Truck,0,0,0,58477,58477,0.00
May 31 2024,Chelan,WA,Passenger,852,244,1096,54349,55445,1.98
November 30 2017,Tulare,CA,Passenger,1,0,1,189,190,0.53
April 30 2021,Charleston,SC,Passenger,2,0,2,95,97,2.06
October 31 2020,Franklin,WA,Passenger,73,77,150,61053,61203,0.25
January 31 2025,Escambia,FL,Passenger,1,1,2,105,107,1.87
April 30 2019,Caddo,LA,Passenger,0,1,1,26,27,3.70
February 29 2024,Milwaukee,WI,Passenger,1,0,1,45,46,2.17
September 30 2024,Richmond,GA,Passenger,0,1,1,50,51,1.96
April 30 2017,Guilford,NC,Passenger,1,0,1,34,35,2.86
May 31 2024,Pierce,WA,Passenger,10836,3518,14354,521323,535677,2.68
July 31 2023,Shasta,CA,Passenger,1,0,1,33,34,2.94
March 31 2025,Goochland,VA,Passenger,1,0,1,23,24,4.17
January 31 2022,Duval,FL,Passenger,0,2,2,335,337,0.59
December 31 2022,Rockdale,GA,Passenger,1,0,1,9,10,10.00
October 31 2017,Chelan,WA,Truck,0,0,0,21482,21482,0.00
February 28 2017,Cowlitz,WA,Passenger,50,46,96,69044,69140,0.14
November 30 2022,Plaquemines,LA,Passenger,1,1,2,19,21,9.52
January 31 2017,Stevens,WA,Truck,0,0,0,18324,18324,0.00
June 30 2019,Wayne,MI,Passenger,0,1,1,67,68,1.47
October 31 2021,Wahkiakum,WA,Truck,0,0,0,1824,1824,0.00
October 31 2023,Ventura,CA,Passenger,3,2,5,246,251,1.99
March 31 2024,Loudoun,VA,Passenger,2,1,3,60,63,4.76
May 31 2023,St. Lawrence,NY,Passenger,1,1,2,5,7,28.57
February 28 2018,Prince William,VA,Passenger,0,5,5,262,267,1.87
December 31 2019,Hawaii,HI,Passenger,1,0,1,68,69,1.45
December 31 2022,Essex,MA,Passenger,3,0,3,18,21,14.29
April 30 2024,Providence,RI,Passenger,1,0,1,20,21,4.76
August 31 2018,Klickitat,WA,Truck,0,0,0,8148,8148,0.00
June 30 2018,Washington,OR,Passenger,0,1,1,504,505,0.20
April 30 2021,Nassau,FL,Passenger,1,0,1,37,38,2.63
February 29 2024,New Haven,CT,Passenger,2,2,4,25,29,13.79
September 30 2023,Middlesex,NJ,Passenger,1,0,1,20,21,4.76
November 30 2017,Santa Fe,NM,Passenger,0,1,1,44,45,2.22
September 30 2022,Hamilton,IN,Passenger,1,0,1,29,30,3.33
January 31 2021,Carroll,NH,Passenger,0,1,1,3,4,25.00
March 31 2020,Lewis,WA,Passenger,105,110,215,59180,59395,0.36
September 30 2023,Pend Oreille,WA,Passenger,31,16,47,8815,8862,0.53
December 31 2024,Penobscot,ME,Passenger,0,1,1,4,5,20.00
October 31 2024,Walla Walla,WA,Truck,20,0,20,13658,13678,0.15
December 31 2021,Kootenai,ID,Passenger,1,2,3,210,213,1.41
November 30 2017,Charles,MD,Passenger,0,1,1,85,86,1.16
July 31 2023,Middlesex,CT,Passenger,1,0,1,10,11,9.09
March 31 2023,Muscogee,GA,Passenger,1,2,3,131,134,2.24
June 30 2023,Asotin,WA,Truck,0,0,0,6617,6617,0.00
January 31 2020,San Diego,CA,Passenger,12,5,17,2768,2785,0.61
September 30 2021,San Juan,WA,Passenger,461,145,606,14164,14770,4.10
March 31 2019,Snohomish,WA,Truck,1,0,1,121859,121860,0.00
January 31 2019,Valencia,NM,Passenger,1,0,1,11,12,8.33
May 31 2021,Pacific,WA,Truck,0,0,0,7932,7932,0.00
September 30 2017,Garfield,WA,Passenger,1,0,1,1296,1297,0.08
September 30 2020,Palm Beach,FL,Passenger,1,2,3,84,87,3.45
June 30 2018,Ada,ID,Passenger,0,2,2,343,345,0.58
December 31 2021,Allegheny,PA,Passenger,2,1,3,75,78,3.85
December 31 2022,Walla Walla,WA,Passenger,201,105,306,35614,35920,0.85
November 30 2018,Douglas,WA,Truck,0,0,0,12121,12121,0.00
November 30 2018,Suffolk,MA,Passenger,0,1,1,44,45,2.22
May 31 2025,El Paso,TX,Passenger,2,2,4,245,249,1.61
July 31 2018,Klickitat,WA,Passenger,24,31,55,15212,15267,0.36
June 30 2019,Klickitat,WA,Passenger,34,32,66,15549,15615,0.42
August 31 2022,Monterey,CA,Passenger,1,2,3,152,155,1.94
January 31 2019,Flathead,MT,Passenger,1,0,1,69,70,1.43
December 31 2022,Williamsburg,VA,Passenger,0,1,1,8,9,11.11
March 31 2020,Ulster,NY,Passenger,1,0,1,15,16,6.25
March 31 2021,Whatcom,WA,Passenger,1297,575,1872,150254,152126,1.23
November 30 2020,,,Passenger,5,1,6,398,404,1.49
May 31 2018,Manassas,VA,Passenger,0,1,1,9,10,10.00
September 30 2022,Spokane,WA,Passenger,1760,886,2646,323472,326118,0.81
February 28 2017,Island,WA,Passenger,100,122,222,59402,59624,0.37
March 31 2024,Montgomery,PA,Passenger,1,0,1,21,22,4.55
December 31 2017,Stevens,WA,Truck,0,0,0,18359,18359,0.00
February 28 2022,Whatcom,WA,Passenger,1691,682,2373,149048,151421,1.57
November 30 2018,Shasta,CA,Passenger,1,0,1,44,45,2.22
September 30 2021,Lincoln,WA,Passenger,7,16,23,7663,7686,0.30
April 30 2022,Pacific,WA,Truck,0,0,0,7969,7969,0.00
September 30 2022,Columbia,OR,Passenger,1,0,1,21,22,4.55
October 31 2020,Ventura,CA,Passenger,1,1,2,306,308,0.65
September 30 2020,Suffolk,MA,Passenger,0,2,2,40,42,4.76
January 31 2025,Pacific,WA,Passenger,142,132,274,15506,15780,1.74
February 28 2021,Lewis,WA,Passenger,127,134,261,58824,59085,0.44
May 31 2018,Caddo,LA,Passenger,0,1,1,24,25,4.00
October 31 2020,Riverside,CA,Passenger,6,0,6,655,661,0.91
November 30 2023,Multnomah,OR,Passenger,6,1,7,516,523,1.34
March 31 2023,Randolph,NC,Passenger,1,0,1,1,2,50.00
April 30 2022,Palm Beach,FL,Passenger,2,1,3,60,63,4.76
January 31 2022,Okanogan,WA,Passenger,68,47,115,26486,26601,0.43
December 31 2021,Los Angeles,CA,Passenger,8,7,15,957,972,1.54
November 30 2023,Essex,MA,Passenger,1,0,1,15,16,6.25
December 31 2022,Multnomah,OR,Passenger,4,2,6,584,590,1.02
November 30 2021,Hanover,VA,Passenger,1,0,1,3,4,25.00
September 30 2024,Cowlitz,WA,Truck,28,0,28,27879,27907,0.10
April 30 2018,Clark,NV,Passenger,2,3,5,809,814,0.61
October 31 2019,Saginaw,MI,Passenger,1,0,1,11,12,8.33
January 31 2019,Hawaii,HI,Passenger,1,0,1,69,70,1.43
May 31 2020,Spokane,WA,Truck,1,0,1,97609,97610,0.00
November 30 2020,Maui,HI,Passenger,2,0,2,31,33,6.06
May 31 2023,Mason,WA,Passenger,428,202,630,46188,46818,1.35
August 31 2023,Sussex,NJ,Passenger,1,0,1,2,3,33.33
March 31 2020,Lake,IL,Passenger,1,0,1,175,176,0.57
June 30 2024,Hoke,NC,Passenger,1,0,1,73,74,1.35
December 31 2021,Carroll,NH,Passenger,0,1,1,3,4,25.00
October 31 2024,Okanogan,WA,Passenger,210,101,311,25986,26297,1.18
September 30 2017,Lincoln,WA,Truck,0,0,0,4471,4471,0.00
May 31 2024,Newport,RI,Passenger,0,2,2,52,54,3.70
November 30 2020,Denton,TX,Passenger,1,0,1,99,100,1.00
May 31 2019,San Joaquin,CA,Passenger,1,0,1,143,144,0.69
June 30 2019,Charles,MD,Passenger,0,1,1,89,90,1.11
April 30 2025,Tooele,UT,Passenger,1,0,1,7,8,12.50
April 30 2019,Manassas,VA,Passenger,0,1,1,8,9,11.11
May 31 2023,Fairfax,VA,Passenger,10,3,13,651,664,1.96
July 31 2018,Clay,FL,Passenger,0,1,1,96,97,1.03
August 31 2017,Klickitat,WA,Passenger,22,24,46,14785,14831,0.31
April 30 2021,Fairfax,VA,Passenger,6,3,9,733,742,1.21
September 30 2022,Hawaii,HI,Passenger,1,0,1,45,46,2.17
April 30 2023,Carroll,MD,Passenger,0,1,1,23,24,4.17
June 30 2022,Hillsborough,FL,Passenger,1,1,2,152,154,1.30
October 31 2017,Stevens,WA,Passenger,9,22,31,31513,31544,0.10
January 31 2024,San Mateo,CA,Passenger,4,1,5,87,92,5.43
November 30 2020,Boulder,CO,Passenger,1,1,2,51,53,3.77
January 31 2022,Burlington,NJ,Passenger,0,1,1,114,115,0.87
December 31 2024,Providence,RI,Passenger,1,0,1,19,20,5.00
April 30 2021,Bradley,TN,Passenger,1,0,1,0,1,100.00
January 31 2024,Okaloosa,FL,Passenger,0,2,2,92,94,2.13
November 30 2019,Montgomery,PA,Passenger,2,0,2,39,41,4.88
May 31 2020,Columbia,WA,Passenger,4,3,7,2406,2413,0.29
February 28 2019,DeKalb,GA,Passenger,1,0,1,81,82,1.22
March 31 2023,Loudoun,VA,Passenger,3,1,4,66,70,5.71
January 31 2017,Clark,WA,Truck,0,0,0,77489,77489,0.00
July 31 2022,New London,CT,Passenger,2,5,7,202,209,3.35
February 28 2025,Houston,GA,Passenger,1,0,1,27,28,3.57
September 30 2020,Camden,NJ,Passenger,0,1,1,21,22,4.55
July 31 2019,Grays Harbor,WA,Truck,0,0,0,20527,20527,0.00
May 31 2025,Palm Beach,FL,Passenger,1,0,1,24,25,4.00
January 31 2019,Island,WA,Passenger,288,230,518,63156,63674,0.81
June 30 2019,Clallam,WA,Passenger,173,141,314,50481,50795,0.62
August 31 2023,Travis,TX,Passenger,3,4,7,111,118,5.93
February 29 2020,Dallas,TX,Passenger,1,0,1,215,216,0.46
August 31 2024,Whitman,WA,Passenger,245,134,379,21902,22281,1.70
February 29 2020,Skamania,WA,Truck,0,0,0,4102,4102,0.00
May 31 2023,Stevens,WA,Passenger,109,63,172,29606,29778,0.58
July 31 2024,Richmond,GA,Passenger,0,1,1,50,51,1.96
November 30 2023,Pend Oreille,WA,Truck,2,0,2,5580,5582,0.04
May 31 2023,Goochland,VA,Passenger,3,2,5,112,117,4.27
November 30 2019,Franklin,WA,Passenger,52,74,126,60744,60870,0.21
December 31 2021,Washington,WI,Passenger,1,0,1,2,3,33.33
July 31 2021,Juneau,AK,Passenger,0,1,1,31,32,3.12
December 31 2020,Jones,GA,Passenger,1,0,1,0,1,100.00
August 31 2023,Walla Walla,WA,Passenger,234,117,351,35357,35708,0.98
March 31 2025,Washoe,NV,Passenger,3,0,3,42,45,6.67
October 31 2023,Travis,TX,Passenger,3,4,7,102,109,6.42
April 30 2017,Morris,NJ,Passenger,1,0,1,22,23,4.35
May 31 2023,San Mateo,CA,Passenger,6,1,7,99,106,6.60
August 31 2021,Kittitas,WA,Truck,0,0,0,14780,14780,0.00
August 31 2019,Wilson,TX,Passenger,0,1,1,7,8,12.50
June 30 2020,Charles,MD,Passenger,1,1,2,76,78,2.56
February 28 2022,Kings,CA,Passenger,2,0,2,319,321,0.62
July 31 2021,Yakima,WA,Truck,0,0,0,61680,61680,0.00
January 31 2019,Kitsap,WA,Truck,1,0,1,53708,53709,0.00
November 30 2018,Kalamazoo,MI,Passenger,1,0,1,18,19,5.26
July 31 2024,Monterey,CA,Passenger,1,5,6,131,137,4.38
May 31 2017,Marion,OR,Passenger,1,0,1,180,181,0.55
March 31 2018,Kitsap,WA,Passenger,740,428,1168,176796,177964,0.66
August 31 2023,Bartow,GA,Passenger,0,1,1,3,4,25.00
February 28 2019,Whitman,WA,Passenger,25,40,65,22743,22808,0.28
October 31 2020,Kern,CA,Passenger,0,1,1,219,220,0.45
February 28 2019,Honolulu,HI,Passenger,2,3,5,520,525,0.95
May 31 2017,Pacific,WA,Truck,0,0,0,7459,7459,0.00
January 31 2025,Lewis,WA,Truck,24,0,24,25831,25855,0.09
April 30 2020,Walla Walla,WA,Truck,0,0,0,13609,13609,0.00
May 31 2021,Collin,TX,Passenger,2,1,3,136,139,2.16
January 31 2018,Montgomery,PA,Passenger,1,0,1,35,36,2.78
August 31 2024,Oldham,KY,Passenger,0,1,1,4,5,20.00
October 31 2021,Cowlitz,WA,Passenger,258,154,412,71800,72212,0.57
October 31 2021,Spokane,WA,Passenger,1216,726,1942,325850,327792,0.59
April 30 2017,Pacific,WA,Passenger,9,8,17,15073,15090,0.11
May 31 2018,Asotin,WA,Passenger,8,6,14,12591,12605,0.11
January 31 2019,Kent,MI,Passenger,0,1,1,27,28,3.57
April 30 2018,Norfolk,MA,Passenger,1,0,1,40,41,2.44
October 31 2022,Montgomery,MD,Passenger,3,2,5,211,216,2.31
March 31 2023,Charles,MD,Passenger,1,1,2,60,62,3.23
August 31 2018,Stevens,WA,Truck,0,0,0,18656,18656,0.00
March 31 2021,Columbia,WA,Truck,0,0,0,1546,1546,0.00
October 31 2018,Juneau,AK,Passenger,0,1,1,48,49,2.04
October 31 2023,Benton,AR,Passenger,1,0,1,26,27,3.70
December 31 2021,Monterey,CA,Passenger,1,2,3,163,166,1.81
June 30 2024,Chesapeake,VA,Passenger,1,0,1,283,284,0.35
August 31 2023,DeKalb,GA,Passenger,2,0,2,46,48,4.17
December 31 2022,Okanogan,WA,Passenger,96,52,148,26113,26261,0.56
October 31 2017,Clallam,WA,Passenger,96,85,181,48705,48886,0.37
December 31 2022,Adams,WA,Passenger,23,11,34,12974,13008,0.26
February 29 2024,Ada,ID,Passenger,2,0,2,139,141,1.42
February 28 2023,Olmsted,MN,Passenger,1,0,1,7,8,12.50
February 29 2024,Shelby,AL,Passenger,1,0,1,4,5,20.00
May 31 2018,Prince George,VA,Passenger,0,1,1,69,70,1.43
September 30 2022,Nueces,TX,Passenger,1,0,1,66,67,1.49
October 31 2019,Wilson,TX,Passenger,0,1,1,8,9,11.11
November 30 2022,Ray,MO,Passenger,0,1,1,2,3,33.33
December 31 2022,Sussex,NJ,Passenger,1,0,1,2,3,33.33
March 31 2025,Currituck,NC,Passenger,1,0,1,18,19,5.26
November 30 2023,Alexandria,VA,Passenger,3,0,3,103,106,2.83
August 31 2021,Yamhill,OR,Passenger,1,0,1,42,43,2.33
May 31 2025,Clark,WA,Truck,373,0,373,78599,78972,0.47
August 31 2021,Collier,FL,Passenger,1,0,1,23,24,4.17
February 28 2018,Frederick,MD,Passenger,0,1,1,89,90,1.11
January 31 2025,Plaquemines,LA,Passenger,1,0,1,16,17,5.88
March 31 2019,Snohomish,WA,Passenger,3193,1520,4713,527691,532404,0.89
January 31 2018,Norfolk,MA,Passenger,1,0,1,40,41,2.44
January 31 2022,Williams,ND,Passenger,0,1,1,9,10,10.00
August 31 2020,Yakima,WA,Truck,0,0,0,60397,60397,0.00
June 30 2023,Loudoun,VA,Passenger,2,1,3,67,70,4.29
March 31 2024,Spotsylvania,VA,Passenger,1,1,2,26,28,7.14
December 31 2019,Lewis,WA,Passenger,106,104,210,59527,59737,0.35
September 30 2021,Kern,CA,Passenger,1,1,2,205,207,0.97
February 29 2024,Will,IL,Passenger,0,1,1,15,16,6.25
July 31 2019,Klickitat,WA,Truck,0,0,0,8241,8241,0.00
April 30 2020,DeKalb,IN,Passenger,1,0,1,1,2,50.00
March 31 2020,Clallam,WA,Truck,1,0,1,21811,21812,0.00
October 31 2024,Garfield,OK,Passenger,1,0,1,16,17,5.88
November 30 2023,Dallas,TX,Passenger,2,0,2,97,99,2.02
July 31 2024,Cuyahoga,OH,Passenger,1,0,1,45,46,2.17
September 30 2022,Cowlitz,WA,Passenger,366,179,545,70212,70757,0.77
February 28 2021,Harrison,MS,Passenger,2,0,2,53,55,3.64
July 31 2024,Greene,OH,Passenger,2,0,2,19,21,9.52
July 31 2022,Kittitas,WA,Truck,1,0,1,14608,14609,0.01
October 31 2020,Stafford,VA,Passenger,1,1,2,103,105,1.90
March 31 2017,San Diego,CA,Passenger,4,2,6,2805,2811,0.21
February 28 2023,New Haven,CT,Passenger,0,2,2,29,31,6.45
August 31 2021,Charles,MD,Passenger,1,1,2,74,76,2.63
December 31 2024,Asotin,WA,Passenger,60,31,91,12214,12305,0.74
May 31 2023,Cowlitz,WA,Passenger,457,206,663,69845,70508,0.94
May 31 2024,Montgomery,TX,Passenger,1,0,1,24,25,4.00
September 30 2021,Howard,MD,Passenger,0,1,1,66,67,1.49
December 31 2018,Montgomery,PA,Passenger,2,0,2,37,39,5.13
June 30 2023,Saginaw,MI,Passenger,0,1,1,4,5,20.00
April 30 2022,Danville,VA,Passenger,1,0,1,0,1,100.00
August 31 2018,Grays Harbor,WA,Truck,0,0,0,20300,20300,0.00
June 30 2024,Sonoma,CA,Passenger,2,1,3,69,72,4.17
November 30 2021,Whitman,WA,Truck,0,0,0,8548,8548,0.00
September 30 2023,Isle of Wight,VA,Passenger,0,1,1,18,19,5.26
January 31 2019,Spokane,WA,Passenger,470,379,849,307421,308270,0.28
February 28 2022,Cumberland,NC,Passenger,1,4,5,406,411,1.22
December 31 2021,San Joaquin,CA,Passenger,1,1,2,115,117,1.71
September 30 2024,Frederick,MD,Passenger,1,1,2,45,47,4.26
August 31 2021,New London,CT,Passenger,2,3,5,216,221,2.26
June 30 2024,Riverside,CA,Passenger,8,2,10,431,441,2.27
January 31 2025,Cumberland,NC,Passenger,3,2,5,294,299,1.67
October 31 2020,Thurston,WA,Truck,0,0,0,56203,56203,0.00
April 30 2023,Garfield,WA,Passenger,1,3,4,1305,1309,0.31
February 28 2022,Lee,FL,Passenger,1,0,1,45,46,2.17
September 30 2024,Wichita,TX,Passenger,1,0,1,30,31,3.23
March 31 2017,Whatcom,WA,Passenger,416,156,572,142172,142744,0.40
July 31 2021,Marion,IN,Passenger,1,0,1,53,54,1.85
May 31 2017,Grant,WA,Truck,0,0,0,25221,25221,0.00
February 29 2020,Ramsey,MN,Passenger,1,0,1,49,50,2.00
November 30 2024,Washington,OR,Passenger,2,0,2,202,204,0.98
August 31 2022,Ray,MO,Passenger,0,1,1,2,3,33.33
January 31 2019,Lewis,WA,Passenger,95,84,179,58351,58530,0.31
December 31 2023,Anne Arundel,MD,Truck,1,0,1,42,43,2.33
October 31 2017,Clark,WA,Passenger,829,559,1388,302156,303544,0.46
March 31 2022,New Haven,CT,Passenger,0,2,2,31,33,6.06
July 31 2023,Chelan,WA,Truck,31,0,31,23161,23192,0.13
June 30 2024,Suffolk,VA,Passenger,1,1,2,95,97,2.06
March 31 2018,Williamson,TX,Passenger,0,1,1,180,181,0.55
March 31 2020,El Paso,CO,Passenger,3,1,4,754,758,0.53
August 31 2021,Charleston,SC,Passenger,1,1,2,94,96,2.08
October 31 2019,San Juan,WA,Truck,0,0,0,5918,5918,0.00
June 30 2023,Kittitas,WA,Truck,8,0,8,14585,14593,0.05
October 31 2020,Chesapeake,VA,Passenger,0,2,2,425,427,0.47
March 31 2020,Harrison,MS,Passenger,1,0,1,58,59,1.69
September 30 2021,Stafford,VA,Passenger,2,1,3,108,111,2.70
December 31 2022,Dallas,TX,Passenger,1,0,1,119,120,0.83
April 30 2020,Richland,SC,Passenger,0,1,1,157,158,0.63
June 30 2023,Collier,FL,Passenger,1,0,1,18,19,5.26
December 31 2020,Owyhee,ID,Passenger,1,0,1,3,4,25.00
January 31 2025,District of Columbia,DC,Passenger,4,1,5,136,141,3.55
November 30 2023,Medina,TX,Passenger,1,0,1,6,7,14.29
June 30 2024,Solano,CA,Passenger,4,0,4,151,155,2.58
September 30 2023,Tarrant,TX,Passenger,2,0,2,117,119,1.68
May 31 2025,Rockingham,NH,Passenger,4,0,4,14,18,22.22
June 30 2017,Dale,AL,Passenger,0,1,1,62,63,1.59
June 30 2018,Skamania,WA,Truck,0,0,0,3950,3950,0.00
October 31 2021,Coryell,TX,Passenger,1,0,1,110,111,0.90
March 31 2023,St. Lawrence,NY,Passenger,1,0,1,5,6,16.67
July 31 2020,Columbia,WA,Truck,0,0,0,1539,1539,0.00
December 31 2020,Snohomish,WA,Passenger,5028,1847,6875,538109,544984,1.26
September 30 2019,Contra Costa,CA,Passenger,2,2,4,357,361,1.11
October 31 2023,Sacramento,CA,Passenger,4,1,5,189,194,2.58
April 30 2021,Carson City,NV,Passenger,1,0,1,13,14,7.14
September 30 2018,Clallam,WA,Passenger,129,122,251,50151,50402,0.50
February 29 2020,St. Mary's,MD,Passenger,1,0,1,224,225,0.44
March 31 2023,Klickitat,WA,Passenger,131,60,191,15123,15314,1.25
April 30 2019,Asotin,WA,Passenger,12,8,20,12652,12672,0.16
November 30 2022,Monterey,CA,Passenger,1,2,3,147,150,2.00
February 28 2019,Eagle,CO,Passenger,1,0,1,5,6,16.67
December 31 2023,Hunt,TX,Passenger,1,0,1,3,4,25.00
November 30 2017,Latah,ID,Passenger,0,1,1,81,82,1.22
August 31 2024,Hardin,KY,Truck,1,0,1,19,20,5.00
June 30 2019,Randolph,NC,Passenger,1,0,1,5,6,16.67
March 31 2018,Whitman,WA,Passenger,18,23,41,22482,22523,0.18
December 31 2024,Kane,IL,Passenger,1,0,1,8,9,11.11
November 30 2021,Kittitas,WA,Truck,0,0,0,14802,14802,0.00
November 30 2023,Grant,WA,Truck,14,0,14,28047,28061,0.05
August 31 2020,Santa Clara,CA,Passenger,12,2,14,314,328,4.27
February 28 2019,Sumter,FL,Passenger,0,1,1,10,11,9.09
August 31 2023,Contra Costa,CA,Passenger,3,2,5,182,187,2.67
May 31 2023,Orange,NC,Passenger,1,0,1,7,8,12.50
November 30 2023,Nassau,NY,Passenger,2,0,2,29,31,6.45
September 30 2024,Pierce,WA,Truck,438,0,438,132792,133230,0.33
May 31 2019,Snohomish,WA,Truck,1,0,1,122018,122019,0.00
May 31 2017,Norfolk,MA,Passenger,1,0,1,42,43,2.33
April 30 2024,Wilson,TX,Passenger,0,1,1,3,4,25.00
May 31 2019,Clark,WA,Passenger,1474,914,2388,313068,315456,0.76
January 31 2024,Columbia,WA,Passenger,12,0,12,2414,2426,0.49
May 31 2023,Wahkiakum,WA,Truck,2,0,2,1773,1775,0.11
April 30 2018,Pacific,WA,Truck,0,0,0,7592,7592,0.00
May 31 2022,Garfield,WA,Passenger,0,3,3,1321,1324,0.23
November 30 2024,Rockdale,GA,Passenger,1,0,1,7,8,12.50
July 31 2023,Gwinnett,GA,Passenger,1,0,1,60,61,1.64
July 31 2022,Collier,FL,Passenger,1,0,1,19,20,5.00
June 30 2018,Virginia Beach,VA,Passenger,2,1,3,691,694,0.43
August 31 2022,Chelan,WA,Truck,5,0,5,23026,23031,0.02
July 31 2023,Ray,MO,Passenger,0,1,1,1,2,50.00
February 29 2020,Essex,MA,Passenger,1,0,1,29,30,3.33
July 31 2020,Pima,AZ,Passenger,3,1,4,385,389,1.03
September 30 2021,Loudoun,VA,Passenger,1,0,1,75,76,1.32
July 31 2017,Albemarle,VA,Passenger,0,1,1,31,32,3.12
March 31 2022,Walla Walla,WA,Truck,0,0,0,14019,14019,0.00
February 29 2020,Fort Bend,TX,Passenger,1,0,1,51,52,1.92
November 30 2018,Madison,ID,Passenger,1,0,1,35,36,2.78
June 30 2017,Whatcom,WA,Passenger,462,175,637,142995,143632,0.44
June 30 2022,Juneau,AK,Passenger,0,1,1,36,37,2.70
April 30 2024,King,WA,Passenger,76410,18707,95117,1310595,1405712,6.77
February 28 2019,Okanogan,WA,Passenger,19,21,40,25952,25992,0.15
May 31 2024,Hamilton,OH,Passenger,2,0,2,35,37,5.41
February 28 2023,Dallas,TX,Truck,1,0,1,11,12,8.33
April 30 2017,Cascade,MT,Passenger,0,1,1,68,69,1.45
April 30 2018,Duval,FL,Passenger,1,2,3,380,383,0.78
April 30 2018,Skamania,WA,Passenger,12,8,20,8701,8721,0.23
August 31 2019,Calvert,MD,Passenger,0,2,2,89,91,2.20
July 31 2017,Skamania,WA,Truck,0,0,0,3872,3872,0.00
October 31 2020,Howard,MD,Passenger,0,1,1,73,74,1.35
October 31 2020,Solano,CA,Passenger,1,0,1,215,216,0.46
August 31 2021,Island,WA,Passenger,646,316,962,62861,63823,1.51
October 31 2022,Isle of Wight,VA,Passenger,0,1,1,19,20,5.00
January 31 2018,Lincoln,WA,Passenger,2,6,8,7584,7592,0.11
November 30 2022,San Joaquin,CA,Passenger,1,0,1,105,106,0.94
July 31 2024,Dakota,MN,Passenger,0,1,1,11,12,8.33
April 30 2018,San Francisco,CA,Passenger,0,1,1,136,137,0.73
May 31 2018,Kitsap,WA,Truck,1,0,1,53084,53085,0.00
April 30 2021,Polk,FL,Passenger,1,0,1,75,76,1.32
November 30 2019,Orange,CA,Passenger,8,2,10,551,561,1.78
March 31 2021,Pima,AZ,Passenger,2,1,3,358,361,0.83
January 31 2024,Collin,TX,Passenger,4,0,4,58,62,6.45
July 31 2024,Pinellas,FL,Passenger,1,0,1,53,54,1.85
April 30 2022,Medina,TX,Passenger,1,0,1,8,9,11.11
February 28 2019,Williamson,TX,Passenger,0,1,1,174,175,0.57
June 30 2022,Ferry,WA,Truck,0,0,0,3571,3571,0.00
April 30 2024,Lincoln,OR,Passenger,1,0,1,24,25,4.00
March 31 2022,Douglas,CO,Passenger,1,1,2,94,96,2.08
March 31 2025,Sarasota,FL,Passenger,1,0,1,17,18,5.56
March 31 2017,Missoula,MT,Passenger,1,0,1,81,82,1.22
December 31 2024,Caddo,LA,Passenger,1,0,1,13,14,7.14
May 31 2023,Chelan,WA,Passenger,620,159,779,54153,54932,1.42
July 31 2017,Lincoln,WA,Truck,0,0,0,4443,4443,0.00
November 30 2017,Orange,FL,Passenger,1,1,2,155,157,1.27
July 31 2017,Virginia Beach,VA,Passenger,2,1,3,650,653,0.46
January 31 2024,St. Louis,MN,Passenger,0,1,1,4,5,20.00
December 31 2019,Asotin,WA,Passenger,14,9,23,12669,12692,0.18
June 30 2019,Alameda,CA,Passenger,3,2,5,321,326,1.53
December 31 2019,Island,WA,Passenger,374,254,628,63459,64087,0.98
January 31 2023,Spokane,WA,Passenger,1987,949,2936,323128,326064,0.90
June 30 2020,Lake,IL,Passenger,1,0,1,172,173,0.58
January 31 2023,Platte,MO,Passenger,1,1,2,21,23,8.70
August 31 2018,Montgomery,AL,Passenger,1,0,1,49,50,2.00
December 31 2018,Montgomery,MD,Passenger,1,0,1,288,289,0.35
December 31 2020,Douglas,CO,Passenger,1,1,2,88,90,2.22
May 31 2025,Williamson,TN,Passenger,0,1,1,6,7,14.29
April 30 2022,Suffolk,VA,Passenger,1,0,1,130,131,0.76
October 31 2017,Snohomish,WA,Passenger,1945,996,2941,515038,517979,0.57
February 28 2022,San Francisco,CA,Passenger,2,2,4,103,107,3.74
February 29 2024,Forsyth,GA,Passenger,2,0,2,10,12,16.67
March 31 2023,Larimer,CO,Passenger,1,0,1,50,51,1.96
August 31 2023,Frederick,MD,Passenger,2,1,3,54,57,5.26
November 30 2017,Lincoln,WA,Passenger,2,6,8,7547,7555,0.11
April 30 2017,Hardin,KY,Passenger,0,1,1,122,123,0.81
July 31 2024,Muscogee,GA,Passenger,2,2,4,105,109,3.67
June 30 2020,Santa Cruz,CA,Passenger,1,0,1,36,37,2.70
September 30 2021,Maui,HI,Passenger,1,0,1,27,28,3.57
April 30 2023,Horry,SC,Passenger,1,0,1,19,20,5.00
February 28 2021,Santa Clara,CA,Passenger,10,2,12,309,321,3.74
March 31 2024,Montgomery,OH,Passenger,0,1,1,43,44,2.27
October 31 2023,Kent,DE,Passenger,1,0,1,43,44,2.27
December 31 2020,Pierce,WA,Truck,0,0,0,144586,144586,0.00
September 30 2020,Carson City,NV,Passenger,1,0,1,12,13,7.69
June 30 2019,Adams,WA,Passenger,5,6,11,12745,12756,0.09
December 31 2019,Monterey,CA,Passenger,1,1,2,192,194,1.03
June 30 2024,Walla Walla,WA,Truck,13,0,13,13636,13649,0.10
November 30 2022,Virginia Beach,VA,Truck,1,0,1,129,130,0.77
November 30 2021,Sarasota,FL,Passenger,2,0,2,47,49,4.08
February 29 2020,Salt Lake,UT,Passenger,1,0,1,216,217,0.46
March 31 2018,Grant,WA,Truck,0,0,0,25736,25736,0.00
June 30 2024,Skamania,WA,Truck,4,0,4,3850,3854,0.10
January 31 2025,Hillsborough,FL,Passenger,2,1,3,88,91,3.30
June 30 2020,Larimer,CO,Passenger,1,0,1,56,57,1.75
April 30 2022,Oldham,KY,Passenger,0,1,1,5,6,16.67
January 31 2019,Polk,FL,Passenger,1,0,1,73,74,1.35
February 28 2021,Multnomah,OR,Passenger,4,5,9,751,760,1.18
January 31 2024,Hamilton,IN,Passenger,1,0,1,27,28,3.57
September 30 2020,Orange,NC,Passenger,1,0,1,13,14,7.14
May 31 2017,Hamilton,TN,Passenger,1,0,1,23,24,4.17
October 31 2017,Charles,MD,Passenger,0,1,1,84,85,1.18
January 31 2025,Middlesex,MA,Passenger,5,0,5,64,69,7.25
August 31 2020,Asotin,WA,Passenger,17,14,31,12339,12370,0.25
October 31 2023,Oldham,KY,Passenger,0,1,1,5,6,16.67
August 31 2023,Ulster,NY,Passenger,1,0,1,9,10,10.00
September 30 2022,Monterey,CA,Passenger,1,2,3,146,149,2.01
October 31 2024,Asotin,WA,Passenger,59,30,89,12233,12322,0.72
May 31 2021,Clinton,PA,Passenger,1,0,1,0,1,100.00
April 30 2024,Pettis,MO,Passenger,1,0,1,4,5,20.00
January 31 2019,Montgomery,AL,Passenger,1,1,2,45,47,4.26
September 30 2024,Pulaski,AR,Truck,1,0,1,4,5,20.00
January 31 2024,Orange,FL,Passenger,5,0,5,76,81,6.17
March 31 2024,Boulder,CO,Passenger,1,0,1,25,26,3.85
October 31 2021,Orange,CA,Passenger,7,2,9,472,481,1.87
May 31 2021,District of Columbia,DC,Passenger,4,1,5,183,188,2.66
July 31 2022,Cumberland,PA,Passenger,1,0,1,53,54,1.85
August 31 2021,Columbia,WA,Passenger,7,2,9,2456,2465,0.37
February 28 2018,Whatcom,WA,Truck,1,0,1,42025,42026,0.00
January 31 2024,Isle of Wight,VA,Passenger,0,1,1,17,18,5.56
November 30 2020,Howard,MD,Passenger,0,1,1,74,75,1.33
July 31 2019,Sacramento,CA,Passenger,0,1,1,307,308,0.32
August 31 2024,Suffolk,VA,Passenger,1,1,2,93,95,2.11
May 31 2018,Los Angeles,CA,Passenger,6,5,11,1192,1203,0.91
July 31 2018,Virginia Beach,VA,Passenger,2,1,3,691,694,0.43
December 31 2018,Garfield,WA,Passenger,1,1,2,1328,1330,0.15
May 31 2020,Manassas,VA,Passenger,0,1,1,6,7,14.29
December 31 2021,Lewis,WA,Passenger,204,166,370,59532,59902,0.62
October 31 2017,Kent,MI,Passenger,0,1,1,36,37,2.70
September 30 2020,Plaquemines,LA,Passenger,0,1,1,14,15,6.67
March 31 2017,DeKalb,IN,Passenger,1,0,1,1,2,50.00
January 31 2020,Mason,WA,Truck,0,0,0,20551,20551,0.00
June 30 2022,Wilson,TX,Passenger,0,1,1,3,4,25.00
March 31 2020,Chatham,NC,Passenger,1,0,1,7,8,12.50
January 31 2019,Cowlitz,WA,Truck,0,0,0,28719,28719,0.00
August 31 2022,Hays,TX,Passenger,1,0,1,14,15,6.67
November 30 2022,Skamania,WA,Passenger,89,51,140,8088,8228,1.70
March 31 2021,Orange,NC,Passenger,1,0,1,12,13,7.69
June 30 2024,San Diego,CA,Passenger,26,7,33,2074,2107,1.57
May 31 2025,Los Angeles,CA,Passenger,11,3,14,458,472,2.97
November 30 2022,Yellowstone,MT,Passenger,0,1,1,26,27,3.70
October 31 2021,Powhatan,VA,Passenger,1,0,1,1,2,50.00
January 31 2017,Dane,WI,Passenger,1,0,1,199,200,0.50
August 31 2024,Geary,KS,Passenger,1,0,1,69,70,1.43
December 31 2023,Maricopa,AZ,Passenger,18,3,21,899,920,2.28
November 30 2018,Prince George's,MD,Passenger,1,1,2,191,193,1.04
October 31 2020,Island,WA,Passenger,463,284,747,62678,63425,1.18
February 28 2017,Pima,AZ,Passenger,0,2,2,468,470,0.43
February 28 2025,Lewis,WA,Passenger,612,447,1059,60136,61195,1.73
October 31 2023,Santa Cruz,CA,Passenger,1,0,1,26,27,3.70
August 31 2017,Collin,TX,Passenger,0,1,1,150,151,0.66
June 30 2023,Williamson,TN,Passenger,0,1,1,18,19,5.26
May 31 2020,Franklin,WA,Truck,0,0,0,19852,19852,0.00
October 31 2023,Ada,ID,Passenger,3,0,3,155,158,1.90
January 31 2021,Oldham,KY,Passenger,0,1,1,5,6,16.67
August 31 2023,Carroll,MD,Passenger,0,1,1,20,21,4.76
October 31 2023,Yellowstone,MT,Passenger,0,1,1,22,23,4.35
November 30 2019,Chesapeake,VA,Passenger,0,1,1,446,447,0.22
March 31 2021,Newport,RI,Passenger,0,1,1,75,76,1.32
December 31 2024,Cowlitz,WA,Passenger,832,314,1146,69887,71033,1.61
November 30 2023,Santa Clara,CA,Passenger,24,7,31,230,261,11.88
April 30 2024,DuPage,IL,Passenger,6,1,7,33,40,17.50
July 31 2020,Williams,ND,Passenger,0,1,1,11,12,8.33
January 31 2021,Sevier,AR,Passenger,0,1,1,1,2,50.00
April 30 2017,New Haven,CT,Passenger,0,1,1,59,60,1.67
January 31 2021,King,WA,Truck,6,1,7,184184,184191,0.00
November 30 2020,Henrico,VA,Passenger,0,1,1,20,21,4.76
July 31 2024,Middlesex,NJ,Passenger,1,0,1,22,23,4.35
April 30 2025,Hennepin,MN,Passenger,1,0,1,36,37,2.70
March 31 2022,Middlesex,MA,Passenger,1,0,1,99,100,1.00
June 30 2021,Juneau,AK,Passenger,0,1,1,31,32,3.12
October 31 2022,Kitsap,WA,Passenger,2625,1127,3752,176517,180269,2.08
March 31 2021,Harris,TX,Passenger,1,1,2,265,267,0.75
February 28 2025,Mason,WA,Truck,52,0,52,20320,20372,0.26
February 28 2023,Okanogan,WA,Truck,2,0,2,16429,16431,0.01
February 29 2024,Baltimore,MD,Passenger,1,0,1,71,72,1.39
March 31 2020,Spokane,WA,Truck,1,0,1,97384,97385,0.00
May 31 2017,Carroll,NH,Passenger,0,1,1,0,1,100.00
July 31 2018,Mason,WA,Truck,0,0,0,20041,20041,0.00
March 31 2019,Saratoga,NY,Passenger,1,0,1,59,60,1.67
July 31 2024,Tarrant,TX,Passenger,2,0,2,107,109,1.83
July 31 2023,Skamania,WA,Truck,1,0,1,3843,3844,0.03
November 30 2020,Asotin,WA,Truck,0,0,0,6661,6661,0.00
June 30 2024,Los Angeles,CA,Passenger,16,3,19,648,667,2.85
October 31 2020,Jefferson,WA,Truck,0,0,0,9570,9570,0.00
February 28 2018,Whitman,WA,Passenger,18,21,39,22523,22562,0.17
August 31 2017,Garfield,WA,Passenger,1,0,1,1302,1303,0.08
April 30 2025,Snohomish,WA,Truck,733,0,733,117152,117885,0.62
July 31 2023,Portsmouth,VA,Passenger,0,2,2,67,69,2.90
November 30 2021,Clark,WA,Passenger,3363,1534,4897,320299,325196,1.51
June 30 2022,Sonoma,CA,Passenger,0,1,1,95,96,1.04
March 31 2023,Calvert,MD,Passenger,0,3,3,85,88,3.41
May 31 2024,Cache,UT,Passenger,1,0,1,11,12,8.33
August 31 2021,Chelan,WA,Truck,0,0,0,23064,23064,0.00
August 31 2022,Ferry,WA,Truck,0,0,0,3581,3581,0.00
February 29 2020,Greene,MO,Passenger,0,1,1,35,36,2.78
September 30 2017,Fulton,GA,Passenger,1,0,1,113,114,0.88
April 30 2018,Brevard,FL,Passenger,0,1,1,109,110,0.91
July 31 2019,Dakota,MN,Passenger,0,1,1,39,40,2.50
December 31 2019,Putnam,TN,Passenger,0,1,1,5,6,16.67
April 30 2023,Fredericksburg,VA,Passenger,1,0,1,5,6,16.67
December 31 2019,Ventura,CA,Passenger,0,2,2,323,325,0.62
February 28 2025,Adams,CO,Passenger,1,0,1,25,26,3.85
March 31 2025,Douglas,WA,Truck,26,0,26,12910,12936,0.20
July 31 2022,Currituck,NC,Passenger,1,0,1,26,27,3.70
June 30 2018,Portsmouth,VA,Passenger,0,1,1,75,76,1.32
March 31 2025,Rockingham,NH,Passenger,2,0,2,15,17,11.76
December 31 2020,Shelby,OH,Passenger,0,1,1,2,3,33.33
December 31 2020,Skagit,WA,Truck,1,0,1,32750,32751,0.00
July 31 2017,Clallam,WA,Truck,0,0,0,21044,21044,0.00
May 31 2017,Twin Falls,ID,Passenger,0,1,1,24,25,4.00
March 31 2023,Oldham,KY,Passenger,0,1,1,5,6,16.67
December 31 2019,King,WA,Passenger,21928,7542,29470,1393394,1422864,2.07
September 30 2022,Clinton,PA,Passenger,1,0,1,1,2,50.00
May 31 2023,Asotin,WA,Passenger,35,19,54,12329,12383,0.44
June 30 2022,Williamson,TX,Passenger,1,2,3,121,124,2.42
November 30 2017,Canyon,ID,Passenger,0,1,1,102,103,0.97
November 30 2020,Grant,WA,Passenger,78,80,158,65712,65870,0.24
June 30 2017,Canyon,ID,Passenger,0,1,1,110,111,0.90
March 31 2021,Saginaw,MI,Passenger,2,0,2,11,13,15.38
September 30 2021,San Diego,CA,Passenger,18,6,24,2634,2658,0.90
June 30 2019,Columbia,WA,Truck,0,0,0,1532,1532,0.00
June 30 2024,Kittitas,WA,Passenger,535,143,678,29406,30084,2.25
July 31 2019,Pierce,WA,Truck,0,0,0,139914,139914,0.00
January 31 2019,Marion,IN,Passenger,1,0,1,120,121,0.83
May 31 2021,Howard,MD,Passenger,0,1,1,72,73,1.37
May 31 2021,Howard,IN,Passenger,0,1,1,4,5,20.00
February 29 2024,Sarasota,FL,Passenger,1,0,1,32,33,3.03
November 30 2021,King,WA,Passenger,34667,10094,44761,1360391,1405152,3.19
November 30 2017,Walla Walla,WA,Truck,0,0,0,13306,13306,0.00
July 31 2024,Deschutes,OR,Passenger,1,0,1,78,79,1.27
December 31 2024,Harnett,NC,Passenger,4,1,5,123,128,3.91
February 28 2019,Rogers,OK,Passenger,1,0,1,7,8,12.50
December 31 2023,Walla Walla,WA,Truck,10,0,10,13687,13697,0.07
October 31 2022,Thurston,WA,Truck,30,0,30,54666,54696,0.05
August 31 2023,Saginaw,MI,Passenger,0,1,1,4,5,20.00
June 30 2023,Chatham,NC,Passenger,1,0,1,6,7,14.29
May 31 2017,Franklin,WA,Passenger,28,44,72,55437,55509,0.13
January 31 2024,Muscogee,GA,Passenger,2,2,4,113,117,3.42
May 31 2020,Valencia,NM,Passenger,1,0,1,8,9,11.11
November 30 2018,Flathead,MT,Passenger,1,0,1,65,66,1.52
April 30 2017,Juneau,AK,Passenger,0,1,1,56,57,1.75
September 30 2021,Louisa,VA,Passenger,0,1,1,1,2,50.00
January 31 2018,Columbia,WA,Truck,0,0,0,1545,1545,0.00
May 31 2019,Collier,FL,Passenger,1,0,1,27,28,3.57
March 31 2023,Monterey,CA,Passenger,1,4,5,142,147,3.40
April 30 2022,Skagit,WA,Truck,1,0,1,32428,32429,0.00
April 30 2020,Yakima,WA,Passenger,129,115,244,165176,165420,0.15
August 31 2020,Utah,UT,Passenger,0,1,1,148,149,0.67
October 31 2021,San Juan,WA,Truck,0,0,0,5969,5969,0.00
December 31 2024,Chelan,WA,Truck,76,0,76,22870,22946,0.33
February 28 2025,Doña Ana,NM,Passenger,1,0,1,10,11,9.09
January 31 2023,Harford,MD,Passenger,1,1,2,49,51,3.92
December 31 2020,Pulaski,MO,Passenger,1,0,1,141,142,0.70
March 31 2022,Carroll,MD,Passenger,0,1,1,17,18,5.56
January 31 2019,Thurston,WA,Truck,0,0,0,54880,54880,0.00
May 31 2025,Allegheny,PA,Passenger,2,0,2,40,42,4.76
June 30 2020,Virginia Beach,VA,Passenger,1,0,1,672,673,0.15
August 31 2020,Denver,CO,Passenger,1,0,1,128,129,0.78
December 31 2017,Hamilton,TN,Passenger,1,0,1,22,23,4.35
March 31 2021,Washtenaw,MI,Passenger,0,1,1,35,36,2.78
May 31 2023,Osceola,FL,Passenger,1,0,1,24,25,4.00
June 30 2022,El Paso,TX,Passenger,2,0,2,382,384,0.52
October 31 2022,Sarasota,FL,Passenger,1,0,1,38,39,2.56
June 30 2024,Hennepin,MN,Passenger,1,0,1,42,43,2.33
January 31 2025,Hunt,TX,Passenger,1,0,1,4,5,20.00
November 30 2017,Santa Clara,CA,Passenger,7,1,8,409,417,1.92
March 31 2022,Manassas,VA,Passenger,0,1,1,7,8,12.50
November 30 2017,Grays Harbor,WA,Passenger,42,41,83,45573,45656,0.18
October 31 2023,Marion,OR,Passenger,1,0,1,81,82,1.22
October 31 2022,Madison,IL,Passenger,1,0,1,16,17,5.88
October 31 2022,Ray,MO,Passenger,0,1,1,2,3,33.33
November 30 2017,Whitman,WA,Truck,0,0,0,8437,8437,0.00
April 30 2022,King,WA,Passenger,39252,10824,50076,1346919,1396995,3.58
March 31 2024,Meade,KY,Passenger,1,0,1,17,18,5.56
January 31 2021,Yakima,WA,Truck,0,0,0,61053,61053,0.00
December 31 2023,Harris,TX,Passenger,2,2,4,168,172,2.33
May 31 2018,Lee,AL,Passenger,1,0,1,33,34,2.94
February 28 2018,Sacramento,CA,Passenger,1,1,2,312,314,0.64
February 28 2021,Washington,MD,Passenger,1,0,1,9,10,10.00
December 31 2024,Middlesex,NJ,Passenger,1,0,1,20,21,4.76
December 31 2017,Benton,WA,Truck,0,0,0,40566,40566,0.00
July 31 2021,Richland,SC,Passenger,0,1,1,142,143,0.70
January 31 2020,Camden,NJ,Passenger,0,2,2,18,20,10.00
February 28 2025,Madison,AL,Passenger,1,0,1,27,28,3.57
February 28 2022,Placer,CA,Passenger,2,0,2,91,93,2.15
January 31 2024,Washoe,NV,Passenger,5,0,5,60,65,7.69
September 30 2017,Grant,WA,Truck,0,0,0,25420,25420,0.00
June 30 2017,Portsmouth,VA,Passenger,0,1,1,70,71,1.41
February 28 2025,San Diego,CA,Truck,1,0,1,391,392,0.26
June 30 2024,Davidson,TN,Passenger,1,0,1,38,39,2.56
December 31 2018,Santa Rosa,FL,Passenger,1,0,1,90,91,1.10
October 31 2022,Lexington,SC,Passenger,1,0,1,22,23,4.35
June 30 2022,Pennington,SD,Passenger,2,0,2,30,32,6.25
January 31 2019,Kitsap,WA,Passenger,979,556,1535,179813,181348,0.85
April 30 2024,San Bernardino,CA,Passenger,6,1,7,327,334,2.10
April 30 2021,Louisa,VA,Passenger,0,1,1,1,2,50.00
March 31 2025,Nueces,TX,Passenger,2,0,2,46,48,4.17
December 31 2022,Lee,FL,Passenger,1,0,1,44,45,2.22
April 30 2022,Pierce,WA,Truck,3,0,3,142627,142630,0.00
October 31 2022,Charlottesville,VA,Passenger,0,1,1,6,7,14.29
January 31 2019,Riverside,CA,Passenger,2,2,4,706,710,0.56
January 31 2020,Norfolk,VA,Passenger,2,2,4,340,344,1.16
June 30 2020,Putnam,TN,Passenger,0,1,1,5,6,16.67
January 31 2022,Kings,CA,Passenger,2,0,2,324,326,0.61
March 31 2017,Bergen,NJ,Passenger,0,2,2,32,34,5.88
April 30 2024,Wahkiakum,WA,Passenger,36,23,59,3049,3108,1.90
July 31 2020,Jefferson,WA,Passenger,250,143,393,24704,25097,1.57
December 31 2023,Newport News,VA,Passenger,1,0,1,112,113,0.88
August 31 2017,Bergen,NJ,Passenger,0,2,2,30,32,6.25
August 31 2019,Norfolk,VA,Passenger,2,2,4,338,342,1.17
September 30 2020,Ferry,WA,Truck,0,0,0,3577,3577,0.00
August 31 2022,Manassas,VA,Passenger,0,1,1,8,9,11.11
October 31 2018,Klamath,OR,Passenger,1,0,1,40,41,2.44
January 31 2024,Snohomish,WA,Truck,290,0,290,120143,120433,0.24
May 31 2025,Weld,CO,Passenger,1,0,1,11,12,8.33
August 31 2022,Lake,IL,Passenger,5,0,5,138,143,3.50
June 30 2023,Randolph,NC,Passenger,1,0,1,1,2,50.00
November 30 2019,Okanogan,WA,Truck,0,0,0,16550,16550,0.00
August 31 2021,Anne Arundel,MD,Passenger,2,1,3,384,387,0.78
May 31 2017,Cumberland,NC,Passenger,2,0,2,597,599,0.33
August 31 2019,Charles,MD,Passenger,0,1,1,89,90,1.11
August 31 2023,Orange,CA,Passenger,10,4,14,411,425,3.29
December 31 2018,Santa Fe,NM,Passenger,0,1,1,43,44,2.27
January 31 2024,Currituck,NC,Passenger,1,0,1,23,24,4.17
September 30 2024,Pulaski,MO,Passenger,3,0,3,91,94,3.19
November 30 2024,San Juan,WA,Passenger,795,234,1029,13525,14554,7.07
August 31 2022,Allegheny,PA,Passenger,2,1,3,73,76,3.95
July 31 2022,Snohomish,WA,Truck,27,0,27,123314,123341,0.02
October 31 2024,Churchill,NV,Passenger,0,1,1,38,39,2.56
February 28 2018,Ada,ID,Passenger,0,2,2,364,366,0.55
May 31 2024,Washington,WI,Passenger,1,0,1,0,1,100.00
October 31 2023,Whitman,WA,Passenger,184,93,277,21878,22155,1.25
December 31 2024,Ferry,WA,Truck,0,0,0,3409,3409,0.00
November 30 2024,Wahkiakum,WA,Truck,7,0,7,1783,1790,0.39
February 28 2023,Cowlitz,WA,Truck,7,0,7,28292,28299,0.02
April 30 2022,Ada,ID,Passenger,2,0,2,228,230,0.87
March 31 2022,Stafford,VA,Passenger,2,1,3,99,102,2.94
April 30 2022,Ferry,WA,Passenger,19,4,23,4391,4414,0.52
November 30 2018,Hawaii,HI,Passenger,1,0,1,74,75,1.33
August 31 2018,Duval,FL,Passenger,1,2,3,384,387,0.78
May 31 2023,Garfield,WA,Truck,0,0,0,975,975,0.00
February 29 2024,San Luis Obispo,CA,Passenger,1,1,2,51,53,3.77
October 31 2023,Columbia,OR,Passenger,1,0,1,15,16,6.25
August 31 2024,Doña Ana,NM,Passenger,1,0,1,11,12,8.33
November 30 2018,Walla Walla,WA,Truck,0,0,0,13515,13515,0.00
June 30 2017,San Diego,CA,Passenger,4,2,6,2728,2734,0.22
November 30 2024,Cumberland,NC,Passenger,3,2,5,299,304,1.64
July 31 2024,Orange,FL,Passenger,4,1,5,59,64,7.81
March 31 2022,Ulster,NY,Passenger,1,0,1,16,17,5.88
April 30 2024,Kent,MI,Passenger,1,0,1,20,21,4.76
January 31 2018,Bexar,TX,Passenger,1,2,3,827,830,0.36
October 31 2021,Pacific,WA,Truck,0,0,0,7981,7981,0.00
August 31 2024,Houston,GA,Passenger,1,0,1,29,30,3.33
January 31 2025,Sarpy,NE,Passenger,0,1,1,52,53,1.89
July 31 2023,Maui,HI,Passenger,1,0,1,22,23,4.35
January 31 2025,Milwaukee,WI,Passenger,1,0,1,34,35,2.86
September 30 2021,Mohave,AZ,Passenger,1,0,1,73,74,1.35
October 31 2017,Clark,NV,Passenger,2,3,5,818,823,0.61
October 31 2017,Pinal,AZ,Passenger,2,0,2,234,236,0.85
April 30 2021,DeKalb,GA,Passenger,1,0,1,73,74,1.35
February 28 2021,Carroll,NH,Passenger,0,1,1,3,4,25.00
May 31 2018,Dallas,TX,Passenger,0,1,1,205,206,0.49
October 31 2019,Wahkiakum,WA,Truck,0,0,0,1750,1750,0.00
November 30 2021,Spartanburg,SC,Passenger,0,1,1,48,49,2.04
February 28 2021,Grays Harbor,WA,Passenger,142,130,272,48759,49031,0.55
October 31 2023,San Diego,CA,Truck,1,0,1,464,465,0.22
August 31 2022,Hamilton,IN,Passenger,2,0,2,27,29,6.90
May 31 2023,Lincoln,WA,Passenger,17,18,35,7672,7707,0.45
May 31 2022,Calvert,MD,Passenger,0,3,3,87,90,3.33
June 30 2021,Sevier,AR,Passenger,0,1,1,1,2,50.00
January 31 2022,Sonoma,CA,Passenger,0,1,1,94,95,1.05
January 31 2022,Garfield,WA,Truck,0,0,0,993,993,0.00
January 31 2020,DeKalb,IN,Passenger,1,0,1,1,2,50.00
August 31 2019,Tulsa,OK,Passenger,1,0,1,60,61,1.64
June 30 2020,District of Columbia,DC,Passenger,1,1,2,194,196,1.02
November 30 2024,Allegheny,PA,Passenger,2,0,2,49,51,3.92
October 31 2021,Albemarle,VA,Passenger,2,0,2,27,29,6.90
March 31 2020,Honolulu,HI,Passenger,4,2,6,515,521,1.15
January 31 2023,Hays,TX,Passenger,1,0,1,11,12,8.33
March 31 2023,Kittitas,WA,Truck,7,0,7,14545,14552,0.05
August 31 2023,Moore,NC,Passenger,0,1,1,130,131,0.76
July 31 2023,Newport News,VA,Passenger,1,0,1,118,119,0.84
April 30 2019,San Juan,WA,Passenger,204,69,273,14324,14597,1.87
May 31 2024,Orange,NY,Passenger,0,1,1,37,38,2.63
November 30 2021,Mason,WA,Truck,0,0,0,21213,21213,0.00
November 30 2024,Lewis,WA,Truck,23,0,23,25760,25783,0.09
September 30 2023,Richmond,GA,Passenger,0,1,1,63,64,1.56
August 31 2018,Norfolk,VA,Passenger,2,2,4,335,339,1.18
December 31 2019,Sacramento,CA,Passenger,0,1,1,306,307,0.33
May 31 2022,Snohomish,WA,Passenger,8129,2476,10605,532041,542646,1.95
September 30 2017,Walla Walla,WA,Passenger,27,28,55,35019,35074,0.16
December 31 2018,Dallas,TX,Passenger,0,1,1,219,220,0.45
March 31 2021,Montgomery,TX,Passenger,2,1,3,56,59,5.08
November 30 2022,St. Clair,IL,Passenger,1,0,1,134,135,0.74
August 31 2024,Whatcom,WA,Truck,126,0,126,42300,42426,0.30
June 30 2024,Lewis,WA,Truck,17,0,17,25622,25639,0.07
July 31 2021,Carroll,NH,Passenger,0,1,1,3,4,25.00
November 30 2021,Burlington,NJ,Passenger,0,1,1,117,118,0.85
October 31 2020,Skagit,WA,Passenger,468,231,699,91409,92108,0.76
October 31 2018,Douglas,NE,Passenger,0,1,1,71,72,1.39
January 31 2019,Kalamazoo,MI,Passenger,1,0,1,17,18,5.56
July 31 2022,Penobscot,ME,Passenger,0,2,2,10,12,16.67
June 30 2023,Wichita,TX,Passenger,1,0,1,35,36,2.78
July 31 2022,Harris,TX,Passenger,1,1,2,198,200,1.00
July 31 2024,Asotin,WA,Truck,3,0,3,6562,6565,0.05
April 30 2022,Klickitat,WA,Truck,0,0,0,8268,8268,0.00
February 28 2022,Yakima,WA,Passenger,301,178,479,167810,168289,0.28
March 31 2020,Denver,CO,Passenger,1,0,1,133,134,0.75
July 31 2024,Clatsop,OR,Passenger,1,0,1,35,36,2.78
January 31 2021,Fairfax,VA,Passenger,6,2,8,726,734,1.09
January 31 2021,Asotin,WA,Passenger,16,13,29,12420,12449,0.23
September 30 2017,Yakima,WA,Truck,0,0,0,57696,57696,0.00
March 31 2025,Prince William,VA,Passenger,1,4,5,118,123,4.07
November 30 2022,Yavapai,AZ,Passenger,0,1,1,29,30,3.33
October 31 2022,Howard,MD,Passenger,0,2,2,66,68,2.94
March 31 2018,Norfolk,VA,Passenger,1,2,3,322,325,0.92
April 30 2024,Polk,OR,Passenger,1,1,2,20,22,9.09
June 30 2024,Cumberland,NC,Passenger,3,2,5,319,324,1.54
November 30 2017,Montgomery,PA,Passenger,1,0,1,40,41,2.44
January 31 2022,Penobscot,ME,Passenger,0,2,2,9,11,18.18
January 31 2025,Prince George's,MD,Passenger,4,2,6,104,110,5.45
January 31 2024,Clackamas,OR,Passenger,0,1,1,119,120,0.83
February 28 2019,El Paso,CO,Passenger,3,3,6,779,785,0.76
January 31 2018,Tarrant,TX,Passenger,1,0,1,233,234,0.43
June 30 2021,Lee,FL,Passenger,1,0,1,48,49,2.04
November 30 2022,King,WA,Truck,338,2,340,178582,178922,0.19
June 30 2023,Bell,TX,Passenger,1,0,1,303,304,0.33
October 31 2019,Davidson,TN,Passenger,1,0,1,87,88,1.14
March 31 2021,Cumberland,NC,Passenger,1,2,3,449,452,0.66
April 30 2022,Marion,OR,Passenger,1,0,1,127,128,0.78
May 31 2024,Pinellas,FL,Passenger,1,0,1,53,54,1.85
August 31 2021,Sedgwick,KS,Passenger,0,1,1,88,89,1.12
December 31 2024,District of Columbia,DC,Truck,1,0,1,15,16,6.25
October 31 2021,Botetourt,VA,Passenger,1,0,1,0,1,100.00
April 30 2021,Frederick,MD,Passenger,1,1,2,65,67,2.99
March 31 2018,Snohomish,WA,Passenger,2132,1157,3289,517694,520983,0.63
August 31 2018,Lewis,WA,Passenger,83,64,147,57865,58012,0.25
October 31 2018,San Juan,WA,Passenger,169,69,238,14201,14439,1.65
August 31 2017,Santa Fe,NM,Passenger,0,1,1,45,46,2.17
July 31 2022,Nassau,NY,Passenger,4,0,4,34,38,10.53
January 31 2019,Franklin,WA,Truck,0,0,0,19118,19118,0.00
August 31 2021,El Paso,TX,Passenger,2,0,2,397,399,0.50
July 31 2018,Moore,NC,Passenger,0,1,1,198,199,0.50
December 31 2019,Sarasota,FL,Passenger,2,0,2,41,43,4.65
October 31 2024,El Paso,CO,Passenger,10,8,18,457,475,3.79
June 30 2017,Pend Oreille,WA,Truck,0,0,0,5573,5573,0.00
September 30 2020,Mason,WA,Passenger,162,128,290,47416,47706,0.61
February 29 2020,Anne Arundel,MD,Passenger,1,1,2,419,421,0.48
June 30 2024,Wahkiakum,WA,Truck,5,0,5,1755,1760,0.28
January 31 2021,Skamania,WA,Passenger,34,23,57,8330,8387,0.68
April 30 2024,Kitsap,WA,Truck,135,0,135,51496,51631,0.26
January 31 2020,Clark,WA,Passenger,1939,1056,2995,319747,322742,0.93
January 31 2024,Rockdale,GA,Passenger,1,0,1,8,9,11.11
October 31 2024,Camden,GA,Passenger,1,0,1,96,97,1.03
March 31 2023,Columbia,GA,Passenger,0,1,1,92,93,1.08
December 31 2024,Thurston,WA,Passenger,5236,1792,7028,189197,196225,3.58
December 31 2020,Bucks,PA,Passenger,1,0,1,25,26,3.85
March 31 2021,Sedgwick,KS,Passenger,1,1,2,95,97,2.06
August 31 2017,Tarrant,TX,Passenger,1,0,1,238,239,0.42
December 31 2024,Duval,FL,Truck,1,0,1,48,49,2.04
March 31 2018,Nantucket,MA,Passenger,1,0,1,4,5,20.00
April 30 2023,Cascade,MT,Passenger,0,1,1,43,44,2.27
February 28 2022,Randolph,NC,Passenger,1,0,1,5,6,16.67
July 31 2019,Manatee,FL,Passenger,1,0,1,39,40,2.50
September 30 2023,Cowlitz,WA,Truck,10,0,10,27990,28000,0.04
June 30 2022,Lake,FL,Passenger,1,0,1,24,25,4.00
June 30 2022,Pinal,AZ,Passenger,0,1,1,162,163,0.61
August 31 2021,Wichita,TX,Passenger,1,0,1,44,45,2.22
September 30 2019,Penobscot,ME,Passenger,0,1,1,15,16,6.25
August 31 2017,DeKalb,IN,Passenger,1,0,1,1,2,50.00
June 30 2020,Ada,ID,Passenger,0,1,1,309,310,0.32
April 30 2025,Osceola,FL,Passenger,1,0,1,18,19,5.26
January 31 2024,Pueblo,CO,Passenger,1,0,1,19,20,5.00
February 28 2022,Dallas,TX,Passenger,1,0,1,160,161,0.62
November 30 2021,Norfolk,VA,Passenger,2,3,5,316,321,1.56
July 31 2020,Prince William,VA,Passenger,2,4,6,222,228,2.63
August 31 2019,Wahkiakum,WA,Passenger,2,2,4,3026,3030,0.13
January 31 2024,Bell,TX,Passenger,2,0,2,267,269,0.74
January 31 2024,Ferry,WA,Truck,0,0,0,3520,3520,0.00
November 30 2021,DeKalb,GA,Passenger,1,0,1,71,72,1.39
February 29 2024,Carroll,MD,Passenger,0,1,1,18,19,5.26
April 30 2018,Queens,NY,Passenger,1,0,1,64,65,1.54
August 31 2023,Prince George,VA,Passenger,1,0,1,59,60,1.67
August 31 2023,Dallas,TX,Passenger,3,0,3,100,103,2.91
January 31 2022,Whitman,WA,Truck,0,0,0,8555,8555,0.00
March 31 2018,Lewis,WA,Passenger,55,49,104,57160,57264,0.18
August 31 2023,St. Louis,MN,Passenger,0,1,1,6,7,14.29
March 31 2023,King,WA,Passenger,51995,13135,65130,1318739,1383869,4.71
July 31 2020,Clay,FL,Passenger,0,1,1,96,97,1.03
December 31 2017,Wahkiakum,WA,Truck,0,0,0,1670,1670,0.00
March 31 2018,Adams,WA,Truck,0,0,0,5148,5148,0.00
March 31 2024,Stevens,WA,Passenger,144,73,217,29509,29726,0.73
February 29 2024,Pulaski,MO,Passenger,2,0,2,100,102,1.96
January 31 2025,Brown,WI,Passenger,1,0,1,3,4,25.00
June 30 2023,Spokane,WA,Truck,39,0,39,101519,101558,0.04
April 30 2020,Placer,CA,Passenger,2,0,2,105,107,1.87
December 31 2020,Miami-Dade,FL,Passenger,1,0,1,112,113,0.88
October 31 2023,Skamania,WA,Passenger,131,55,186,8035,8221,2.26
August 31 2023,Pend Oreille,WA,Truck,0,0,0,5596,5596,0.00
February 29 2024,Stafford,VA,Passenger,3,0,3,73,76,3.95
March 31 2023,Ada,ID,Passenger,3,0,3,181,184,1.63
October 31 2022,Stafford,VA,Passenger,3,1,4,91,95,4.21
May 31 2018,Maricopa,AZ,Passenger,1,2,3,1716,1719,0.17
July 31 2018,Okanogan,WA,Truck,0,0,0,16423,16423,0.00
January 31 2020,Bucks,PA,Passenger,1,0,1,24,25,4.00
May 31 2025,Clackamas,OR,Passenger,1,1,2,79,81,2.47
March 31 2023,Ferry,WA,Passenger,19,4,23,4329,4352,0.53
December 31 2024,El Paso,CO,Truck,1,0,1,118,119,0.84
October 31 2022,Henrico,VA,Passenger,0,1,1,20,21,4.76
November 30 2023,Penobscot,ME,Passenger,0,1,1,7,8,12.50
October 31 2017,Palm Beach,FL,Passenger,0,2,2,99,101,1.98
December 31 2019,District of Columbia,DC,Passenger,1,1,2,196,198,1.01
November 30 2022,Fairfax,VA,Passenger,8,3,11,671,682,1.61
November 30 2020,Botetourt,VA,Passenger,1,0,1,0,1,100.00
January 31 2019,Eagle,CO,Passenger,1,0,1,5,6,16.67
September 30 2020,Greene,MO,Passenger,0,1,1,40,41,2.44
December 31 2024,Portsmouth,VA,Passenger,0,2,2,59,61,3.28
June 30 2024,Harris,TX,Passenger,1,2,3,152,155,1.94
August 31 2017,New London,CT,Passenger,1,0,1,247,248,0.40
June 30 2023,Dorchester,SC,Passenger,1,0,1,55,56,1.79
December 31 2021,Lake,FL,Passenger,1,0,1,27,28,3.57
February 28 2025,Bannock,ID,Passenger,1,0,1,7,8,12.50
February 29 2024,New London,CT,Passenger,2,4,6,181,187,3.21
June 30 2019,Dakota,MN,Passenger,0,1,1,39,40,2.50
November 30 2023,Brevard,FL,Passenger,1,0,1,70,71,1.41
March 31 2023,St. Louis,MN,Passenger,0,1,1,8,9,11.11
June 30 2024,Hardin,KY,Truck,1,0,1,19,20,5.00
July 31 2020,Alameda,CA,Passenger,2,0,2,290,292,0.68
April 30 2024,Charles,MD,Passenger,1,1,2,54,56,3.57
February 28 2022,San Diego,CA,Passenger,16,6,22,2592,2614,0.84
May 31 2020,Orange,FL,Passenger,1,0,1,141,142,0.70
September 30 2021,Carroll,MD,Passenger,0,1,1,18,19,5.26
February 29 2024,Adams,WA,Passenger,31,14,45,13086,13131,0.34
April 30 2023,El Dorado,CA,Passenger,1,0,1,27,28,3.57
August 31 2024,Middlesex,CT,Passenger,1,0,1,5,6,16.67
October 31 2024,Whitman,WA,Truck,11,0,11,8600,8611,0.13
August 31 2023,Monroe,WI,Passenger,1,0,1,9,10,10.00
April 30 2020,Grant,WA,Passenger,59,72,131,65227,65358,0.20
November 30 2021,Leavenworth,KS,Passenger,0,1,1,101,102,0.98
December 31 2023,Williamson,TX,Passenger,1,1,2,79,81,2.47
October 31 2021,Saginaw,MI,Passenger,1,0,1,8,9,11.11
October 31 2022,Hamilton,OH,Truck,1,0,1,3,4,25.00
January 31 2022,St. Louis,MO,Passenger,1,0,1,80,81,1.23
January 31 2022,Prince William,VA,Passenger,1,3,4,208,212,1.89
February 28 2022,Lake,IN,Passenger,0,1,1,10,11,9.09
August 31 2022,Cass,MN,Passenger,0,1,1,3,4,25.00
October 31 2023,Tompkins,NY,Passenger,1,0,1,15,16,6.25
January 31 2020,Adams,WA,Passenger,7,7,14,12897,12911,0.11
December 31 2023,Lewis,WA,Truck,10,0,10,25697,25707,0.04
May 31 2024,Fairfax,VA,Truck,1,0,1,83,84,1.19
July 31 2019,Stevens,WA,Passenger,19,30,49,31683,31732,0.15
July 31 2021,Clark,WA,Truck,0,0,0,84165,84165,0.00
June 30 2022,Washington,MD,Passenger,2,0,2,14,16,12.50
July 31 2022,Whatcom,WA,Passenger,1865,750,2615,148428,151043,1.73
March 31 2022,Louisa,VA,Passenger,0,1,1,2,3,33.33
August 31 2023,Onslow,NC,Passenger,0,1,1,146,147,0.68
March 31 2025,Loudoun,VA,Passenger,2,1,3,50,53,5.66
November 30 2021,Charleston,SC,Passenger,1,1,2,90,92,2.17
November 30 2017,Whatcom,WA,Passenger,524,213,737,144580,145317,0.51
June 30 2019,Bergen,NJ,Passenger,1,0,1,27,28,3.57
May 31 2024,Pacific,WA,Passenger,111,107,218,15523,15741,1.38
September 30 2024,Rockingham,NH,Passenger,2,0,2,15,17,11.76
March 31 2021,Clallam,WA,Truck,1,0,1,21937,21938,0.00
September 30 2020,Washtenaw,MI,Passenger,1,1,2,38,40,5.00
November 30 2021,Sussex,NJ,Passenger,1,0,1,2,3,33.33
April 30 2020,Washtenaw,MI,Passenger,1,0,1,38,39,2.56
February 29 2020,Alameda,CA,Passenger,3,1,4,301,305,1.31
May 31 2023,Virginia Beach,VA,Truck,1,0,1,123,124,0.81
April 30 2024,Clark,WA,Truck,180,0,180,80623,80803,0.22
March 31 2020,Cowlitz,WA,Passenger,134,114,248,73141,73389,0.34
February 29 2020,Clay,FL,Passenger,0,1,1,95,96,1.04
December 31 2021,Arlington,VA,Passenger,2,0,2,149,151,1.32
September 30 2019,Santa Clara,CA,Passenger,7,2,9,389,398,2.26
February 28 2021,Clark,WA,Truck,0,0,0,83458,83458,0.00
February 28 2017,Fulton,GA,Passenger,1,1,2,129,131,1.53
August 31 2024,Sarpy,NE,Passenger,1,1,2,56,58,3.45
April 30 2021,Clinton,PA,Passenger,1,0,1,0,1,100.00
April 30 2025,Marin,CA,Truck,1,0,1,6,7,14.29
October 31 2018,Franklin,MA,Passenger,0,1,1,2,3,33.33
January 31 2023,Franklin,WA,Passenger,260,124,384,61721,62105,0.62
December 31 2023,Cumberland,NC,Passenger,3,3,6,338,344,1.74
February 29 2024,Monterey,CA,Passenger,1,5,6,133,139,4.32
December 31 2018,Mercer,NJ,Passenger,0,1,1,17,18,5.56
January 31 2018,Okanogan,WA,Truck,0,0,0,16331,16331,0.00
June 30 2020,Sarasota,FL,Passenger,2,0,2,44,46,4.35
November 30 2019,Columbia,WA,Truck,0,0,0,1535,1535,0.00
June 30 2023,Klickitat,WA,Passenger,149,64,213,15091,15304,1.39
January 31 2023,Cowlitz,WA,Passenger,419,191,610,70045,70655,0.86
May 31 2023,Clark,WA,Truck,90,0,90,81285,81375,0.11
August 31 2023,New London,CT,Passenger,2,4,6,195,201,2.99
January 31 2019,Garfield,WA,Passenger,1,1,2,1331,1333,0.15
August 31 2018,Marion,IN,Passenger,1,0,1,121,122,0.82
February 29 2024,Howard,MD,Passenger,0,2,2,63,65,3.08
February 28 2018,Island,WA,Truck,0,0,0,20801,20801,0.00
July 31 2019,Yakima,WA,Truck,0,0,0,59239,59239,0.00
March 31 2021,Snohomish,WA,Truck,1,0,1,125847,125848,0.00
November 30 2018,Skamania,WA,Truck,0,0,0,4009,4009,0.00
February 29 2024,Kern,CA,Passenger,2,1,3,186,189,1.59
April 30 2019,St. Mary's,MD,Passenger,1,0,1,218,219,0.46
January 31 2023,Washington,OR,Passenger,2,0,2,329,331,0.60
October 31 2023,Leavenworth,KS,Passenger,1,2,3,79,82,3.66
April 30 2021,Mason,WA,Truck,0,0,0,21268,21268,0.00
April 30 2020,Davidson,TN,Passenger,1,0,1,87,88,1.14
October 31 2019,Mason,WA,Passenger,140,126,266,47529,47795,0.56
March 31 2023,Leavenworth,KS,Passenger,1,2,3,89,92,3.26
June 30 2019,Tarrant,TX,Passenger,3,0,3,217,220,1.36
November 30 2018,Island,WA,Passenger,266,225,491,63021,63512,0.77
May 31 2023,King,WA,Truck,686,2,688,175508,176196,0.39
January 31 2021,Grant,WA,Truck,0,0,0,27578,27578,0.00
October 31 2019,Washtenaw,MI,Passenger,1,0,1,42,43,2.33
June 30 2022,Asotin,WA,Passenger,23,19,42,12686,12728,0.33
August 31 2020,Guadalupe,TX,Passenger,1,0,1,63,64,1.56
August 31 2022,Middlesex,NJ,Passenger,1,0,1,26,27,3.70
April 30 2022,San Mateo,CA,Passenger,4,1,5,111,116,4.31
May 31 2024,Honolulu,HI,Passenger,6,2,8,297,305,2.62
April 30 2021,Ventura,CA,Passenger,1,2,3,306,309,0.97
January 31 2024,Thurston,WA,Passenger,3908,1427,5335,188785,194120,2.75
October 31 2020,Pierce,WA,Passenger,2656,1741,4397,553992,558389,0.79
August 31 2022,Newport,RI,Passenger,0,1,1,67,68,1.47
February 28 2017,Middlesex,MA,Passenger,1,0,1,154,155,0.65
March 31 2025,Kitsap,WA,Truck,250,0,250,50997,51247,0.49
December 31 2023,San Francisco,CA,Passenger,3,1,4,70,74,5.41
June 30 2021,St. Louis,MO,Passenger,1,0,1,92,93,1.08
January 31 2024,Mason,WA,Passenger,565,231,796,46048,46844,1.70
November 30 2022,Pennington,SD,Passenger,2,0,2,28,30,6.67
April 30 2024,Walla Walla,WA,Passenger,284,148,432,35344,35776,1.21
October 31 2022,Adams,CO,Passenger,1,0,1,46,47,2.13
October 31 2019,Walla Walla,WA,Truck,0,0,0,13661,13661,0.00
June 30 2023,Ferry,WA,Truck,0,0,0,3578,3578,0.00
September 30 2021,Manassas,VA,Passenger,0,1,1,7,8,12.50
December 31 2020,Broward,FL,Passenger,2,1,3,112,115,2.61
February 29 2024,Montgomery,AL,Passenger,1,1,2,30,32,6.25
July 31 2022,Garfield,WA,Truck,0,0,0,970,970,0.00
July 31 2024,Pulaski,AR,Passenger,1,0,1,25,26,3.85
February 28 2025,Sacramento,CA,Passenger,1,0,1,137,138,0.72
February 29 2024,Pima,AZ,Passenger,2,0,2,208,210,0.95
December 31 2020,Cowlitz,WA,Truck,0,0,0,28910,28910,0.00
December 31 2018,Ramsey,MN,Passenger,1,0,1,44,45,2.22
December 31 2023,Plaquemines,LA,Passenger,1,1,2,17,19,10.53
January 31 2022,El Dorado,CA,Passenger,1,0,1,34,35,2.86
December 31 2018,New London,CT,Passenger,0,1,1,245,246,0.41
September 30 2020,Davidson,TN,Passenger,1,0,1,81,82,1.22
July 31 2022,Hennepin,MN,Passenger,1,0,1,72,73,1.37
July 31 2024,Carroll,MD,Passenger,0,1,1,14,15,6.67
March 31 2022,Kern,CA,Passenger,1,1,2,204,206,0.97
July 31 2022,Fort Bend,TX,Passenger,1,0,1,30,31,3.23
April 30 2020,Montgomery,TX,Passenger,1,0,1,60,61,1.64
September 30 2022,Frederick,MD,Passenger,1,0,1,63,64,1.56
April 30 2022,Larimer,CO,Passenger,1,0,1,57,58,1.72
February 28 2025,Clark,WA,Passenger,10319,3511,13830,314376,328206,4.21
April 30 2024,Johnson,MO,Passenger,1,0,1,26,27,3.70
December 31 2019,Larimer,CO,Passenger,1,0,1,61,62,1.61
September 30 2024,Wahkiakum,WA,Passenger,41,26,67,3048,3115,2.15
April 30 2024,St. Clair,IL,Passenger,0,1,1,112,113,0.88
March 31 2022,Kitsap,WA,Passenger,2270,1008,3278,178502,181780,1.80
February 28 2025,Whitman,WA,Passenger,292,149,441,21858,22299,1.98
November 30 2020,Albemarle,VA,Passenger,1,0,1,27,28,3.57
August 31 2023,Monterey,CA,Passenger,1,3,4,132,136,2.94
February 28 2017,Moore,NC,Passenger,0,1,1,212,213,0.47
October 31 2020,Muskogee,OK,Passenger,0,1,1,2,3,33.33
March 31 2024,Marion,IN,Passenger,2,0,2,30,32,6.25
May 31 2021,Baltimore,MD,Passenger,1,0,1,116,117,0.85
September 30 2023,Burlington,NJ,Passenger,2,2,4,88,92,4.35
June 30 2020,Sacramento,CA,Passenger,1,1,2,289,291,0.69
January 31 2025,Cochise,AZ,Passenger,1,0,1,58,59,1.69
January 31 2024,Williamson,TN,Passenger,0,1,1,15,16,6.25
December 31 2017,Honolulu,HI,Passenger,2,2,4,579,583,0.69
September 30 2020,Clackamas,OR,Passenger,2,0,2,208,210,0.95
October 31 2022,Spartanburg,SC,Passenger,0,1,1,31,32,3.12
January 31 2024,Sedgwick,KS,Passenger,0,1,1,56,57,1.75
February 29 2024,Essex,NJ,Passenger,2,1,3,8,11,27.27
April 30 2018,Gwinnett,GA,Passenger,0,1,1,85,86,1.16
November 30 2021,Calvert,MD,Passenger,0,3,3,92,95,3.16
November 30 2023,Fredericksburg,VA,Passenger,1,0,1,5,6,16.67
June 30 2017,Columbia,WA,Passenger,1,1,2,2354,2356,0.08
February 28 2021,Kittitas,WA,Passenger,141,53,194,29805,29999,0.65
June 30 2019,Orange,CA,Passenger,7,1,8,571,579,1.38
February 28 2022,Bristol,MA,Passenger,1,0,1,15,16,6.25
March 31 2020,Hawaii,HI,Passenger,1,0,1,68,69,1.45
August 31 2021,Flathead,MT,Passenger,2,0,2,59,61,3.28
November 30 2019,Portsmouth,VA,Passenger,0,1,1,79,80,1.25
June 30 2021,Broward,FL,Passenger,2,0,2,117,119,1.68
April 30 2020,Douglas,WA,Passenger,69,40,109,28000,28109,0.39
September 30 2019,Montgomery,PA,Passenger,2,0,2,39,41,4.88
February 28 2017,Jackson,MO,Passenger,1,0,1,75,76,1.32
August 31 2023,Albemarle,VA,Passenger,3,0,3,19,22,13.64
March 31 2020,San Joaquin,CA,Passenger,1,0,1,143,144,0.69
May 31 2022,Bartow,GA,Passenger,0,1,1,4,5,20.00
October 31 2022,Mason,WA,Truck,6,0,6,20869,20875,0.03
February 28 2023,Anchorage,AK,Passenger,1,0,1,137,138,0.72
May 31 2023,Allen,IN,Passenger,1,0,1,13,14,7.14
August 31 2023,Orange,FL,Passenger,4,0,4,81,85,4.71
October 31 2019,Lake,IL,Passenger,1,0,1,175,176,0.57
May 31 2022,New Haven,CT,Passenger,0,2,2,31,33,6.06
April 30 2024,Alameda,CA,Passenger,8,1,9,187,196,4.59
January 31 2019,Shasta,CA,Passenger,1,0,1,45,46,2.17
June 30 2023,Texas,MO,Passenger,1,0,1,2,3,33.33
February 28 2022,Hudson,NJ,Passenger,2,0,2,44,46,4.35
October 31 2017,Jefferson,WA,Passenger,116,68,184,24059,24243,0.76
May 31 2022,Columbia,OR,Passenger,1,0,1,24,25,4.00
December 31 2024,Pinellas,FL,Passenger,1,0,1,47,48,2.08
August 31 2019,Clay,FL,Passenger,0,1,1,90,91,1.10
March 31 2024,Yolo,CA,Passenger,3,0,3,27,30,10.00
September 30 2023,Autauga,AL,Passenger,2,1,3,12,15,20.00
August 31 2023,Hudson,NJ,Passenger,2,0,2,30,32,6.25
November 30 2017,Twin Falls,ID,Passenger,0,1,1,26,27,3.70
June 30 2017,Island,WA,Passenger,117,137,254,60064,60318,0.42
August 31 2022,Orange,NC,Passenger,1,0,1,8,9,11.11
December 31 2022,Loudoun,VA,Passenger,3,1,4,69,73,5.48
September 30 2022,DeKalb,GA,Passenger,1,0,1,56,57,1.75
May 31 2022,Santa Cruz,CA,Passenger,1,0,1,30,31,3.23
March 31 2018,Walla Walla,WA,Passenger,32,35,67,35450,35517,0.19
December 31 2021,Wahkiakum,WA,Passenger,17,10,27,3078,3105,0.87
September 30 2023,Whatcom,WA,Truck,67,0,67,42526,42593,0.16
March 31 2019,King,WA,Truck,6,1,7,181651,181658,0.00
January 31 2020,Lincoln,WA,Truck,0,0,0,4667,4667,0.00
June 30 2017,Prince George's,MD,Passenger,0,1,1,185,186,0.54
February 28 2022,Cook,IL,Passenger,3,0,3,243,246,1.22
August 31 2020,Brevard,FL,Passenger,0,1,1,89,90,1.11
November 30 2023,Churchill,NV,Passenger,0,1,1,42,43,2.33
February 28 2022,Skamania,WA,Truck,0,0,0,3996,3996,0.00
June 30 2021,Skamania,WA,Passenger,44,34,78,8393,8471,0.92
November 30 2017,Benton,WA,Truck,0,0,0,40490,40490,0.00
July 31 2024,Columbia,WA,Truck,1,0,1,1557,1558,0.06
May 31 2020,,,Passenger,7,1,8,408,416,1.92
February 28 2025,Pettis,MO,Passenger,1,0,1,3,4,25.00
January 31 2024,Tooele,UT,Passenger,2,0,2,12,14,14.29
May 31 2020,Jones,GA,Passenger,1,0,1,0,1,100.00
June 30 2017,Douglas,WA,Passenger,34,26,60,26709,26769,0.22
September 30 2021,Davidson,TN,Passenger,1,0,1,76,77,1.30
July 31 2024,Franklin,WA,Truck,17,0,17,20886,20903,0.08
October 31 2017,Lewis,WA,Passenger,53,41,94,56279,56373,0.17
June 30 2020,Arlington,VA,Passenger,0,2,2,156,158,1.27
May 31 2019,Montgomery,MD,Passenger,1,0,1,292,293,0.34
October 31 2019,Wayne,MI,Passenger,0,1,1,63,64,1.56
February 28 2021,Wahkiakum,WA,Truck,0,0,0,1779,1779,0.00
May 31 2019,Cook,IL,Passenger,1,0,1,262,263,0.38
February 28 2023,Bexar,TX,Passenger,6,3,9,476,485,1.86
February 28 2019,Pinal,AZ,Passenger,2,0,2,222,224,0.89
March 31 2020,Klamath,OR,Passenger,1,0,1,42,43,2.33
December 31 2020,Stafford,VA,Passenger,2,1,3,101,104,2.88
August 31 2023,Middlesex,MA,Passenger,4,0,4,97,101,3.96
June 30 2021,St. Clair,IL,Passenger,1,0,1,149,150,0.67
February 28 2022,Collier,FL,Passenger,1,0,1,22,23,4.35
October 31 2017,Lane,OR,Passenger,0,1,1,220,221,0.45
October 31 2019,Maui,HI,Passenger,2,0,2,45,47,4.26
June 30 2019,Howard,MD,Passenger,0,1,1,83,84,1.19
February 28 2021,Garfield,WA,Truck,0,0,0,1003,1003,0.00
November 30 2020,Sumter,FL,Passenger,0,1,1,10,11,9.09
October 31 2022,Santa Cruz,CA,Passenger,1,0,1,26,27,3.70
March 31 2017,Clark,WA,Passenger,718,454,1172,298190,299362,0.39
December 31 2022,DuPage,IL,Passenger,5,1,6,47,53,11.32
August 31 2017,Pierce,WA,Truck,0,0,0,137187,137187,0.00
July 31 2022,Washoe,NV,Passenger,1,0,1,80,81,1.23
May 31 2025,Duval,FL,Truck,1,0,1,43,44,2.27
February 29 2024,Mason,WA,Truck,21,0,21,20369,20390,0.10
April 30 2020,Contra Costa,CA,Passenger,3,3,6,314,320,1.88
June 30 2017,Klickitat,WA,Passenger,23,24,47,14802,14849,0.32
December 31 2019,Travis,TX,Passenger,5,2,7,218,225,3.11
December 31 2024,Jackson,MS,Passenger,1,0,1,10,11,9.09
October 31 2019,Snohomish,WA,Truck,0,0,0,122949,122949,0.00
May 31 2024,York,VA,Passenger,2,0,2,70,72,2.78
February 28 2021,Goochland,VA,Passenger,4,3,7,281,288,2.43
February 28 2025,Otero,NM,Passenger,0,1,1,16,17,5.88
September 30 2020,Hamilton,IN,Passenger,1,0,1,42,43,2.33
November 30 2019,Pacific,WA,Truck,0,0,0,7732,7732,0.00
September 30 2020,Sedgwick,KS,Passenger,1,1,2,102,104,1.92
April 30 2021,Kittitas,WA,Truck,0,0,0,14777,14777,0.00
June 30 2023,St. Mary's,MD,Passenger,2,0,2,208,210,0.95
March 31 2023,Jefferson,IL,Passenger,1,0,1,1,2,50.00
April 30 2020,Frederick,MD,Passenger,1,1,2,68,70,2.86
June 30 2023,Orange,NY,Passenger,0,1,1,45,46,2.17
November 30 2024,Osceola,FL,Passenger,1,0,1,20,21,4.76
February 28 2025,Nueces,TX,Passenger,2,0,2,47,49,4.08
May 31 2017,Whatcom,WA,Passenger,455,167,622,142621,143243,0.43
January 31 2018,Kittitas,WA,Truck,0,0,0,13879,13879,0.00
June 30 2019,Pierce,WA,Truck,0,0,0,139692,139692,0.00
May 31 2024,Chatham,NC,Passenger,1,0,1,4,5,20.00
May 31 2025,Muscogee,GA,Passenger,1,2,3,82,85,3.53
May 31 2019,Okanogan,WA,Truck,0,0,0,16500,16500,0.00
August 31 2022,Muscogee,GA,Passenger,0,2,2,142,144,1.39
August 31 2023,San Juan,WA,Truck,15,0,15,5920,5935,0.25
July 31 2022,Walla Walla,WA,Truck,1,0,1,13902,13903,0.01
February 28 2018,San Mateo,CA,Passenger,0,1,1,142,143,0.70
October 31 2021,Benton,WA,Passenger,593,429,1022,135779,136801,0.75
June 30 2017,Yakima,WA,Passenger,45,57,102,159361,159463,0.06
February 29 2024,Hoke,NC,Passenger,1,0,1,75,76,1.32
July 31 2023,Yakima,WA,Passenger,515,262,777,165808,166585,0.47
May 31 2021,Kitsap,WA,Passenger,1795,832,2627,179983,182610,1.44
December 31 2024,Jefferson,WA,Truck,36,0,36,9077,9113,0.40
December 31 2018,Orange,FL,Passenger,3,0,3,177,180,1.67
December 31 2018,Yakima,WA,Passenger,82,99,181,164707,164888,0.11
February 28 2021,Newport,RI,Passenger,0,1,1,76,77,1.30
July 31 2024,Pacific,WA,Truck,11,0,11,7782,7793,0.14
December 31 2023,Los Angeles,CA,Passenger,14,4,18,709,727,2.48
June 30 2024,Cumberland,PA,Passenger,1,0,1,47,48,2.08
August 31 2024,James City,VA,Passenger,1,0,1,30,31,3.23
August 31 2022,,,Passenger,5,2,7,354,361,1.94
April 30 2020,Hamilton,IN,Passenger,1,0,1,44,45,2.22
October 31 2022,Moore,NC,Passenger,0,1,1,132,133,0.75
August 31 2018,Clark,WA,Passenger,1069,765,1834,309079,310913,0.59
January 31 2019,Tarrant,TX,Passenger,2,0,2,217,219,0.91
July 31 2021,Denton,TX,Passenger,1,0,1,99,100,1.00
March 31 2019,Clark,WA,Truck,0,0,0,79943,79943,0.00
June 30 2020,Monroe,IL,Passenger,1,0,1,3,4,25.00
December 31 2018,San Juan,WA,Truck,0,0,0,5813,5813,0.00
September 30 2023,Fairfax,VA,Passenger,12,3,15,622,637,2.35
January 31 2018,,,Passenger,3,1,4,442,446,0.90
April 30 2025,Benton,WA,Truck,103,0,103,42600,42703,0.24
February 28 2025,Marion,OR,Passenger,1,0,1,59,60,1.67
May 31 2017,Pend Oreille,WA,Passenger,2,4,6,9312,9318,0.06
September 30 2024,Arlington,VA,Passenger,5,0,5,114,119,4.20
May 31 2017,Anne Arundel,MD,Passenger,0,1,1,505,506,0.20
February 28 2017,Grays Harbor,WA,Truck,0,0,0,19810,19810,0.00
July 31 2022,Okanogan,WA,Passenger,85,49,134,26235,26369,0.51
February 29 2024,Lexington,SC,Passenger,1,0,1,17,18,5.56
June 30 2023,Fairfax,VA,Truck,1,0,1,89,90,1.11
January 31 2022,Lincoln,WA,Passenger,6,17,23,7718,7741,0.30
January 31 2020,Snohomish,WA,Passenger,4238,1718,5956,537527,543483,1.10
March 31 2024,Montgomery,AL,Passenger,1,1,2,31,33,6.06
November 30 2023,Pacific,WA,Passenger,87,102,189,15481,15670,1.21
September 30 2021,Yakima,WA,Passenger,257,164,421,168790,169211,0.25
July 31 2020,Douglas,WA,Truck,0,0,0,12343,12343,0.00
August 31 2024,Bexar,TX,Passenger,5,3,8,352,360,2.22
December 31 2018,Frederick,MD,Passenger,0,1,1,77,78,1.28
February 28 2017,Ventura,CA,Passenger,0,2,2,397,399,0.50
January 31 2023,Anne Arundel,MD,Passenger,2,3,5,332,337,1.48
December 31 2019,Dallas,IA,Passenger,0,1,1,10,11,9.09
January 31 2020,Howard,MD,Passenger,0,1,1,84,85,1.18
June 30 2024,Yakima,WA,Passenger,801,346,1147,166729,167876,0.68
August 31 2018,Mason,WA,Truck,0,0,0,20073,20073,0.00
April 30 2019,Cowlitz,WA,Passenger,89,101,190,72721,72911,0.26
August 31 2020,Montgomery,PA,Passenger,1,0,1,30,31,3.23
November 30 2024,Grays Harbor,WA,Passenger,525,262,787,47611,48398,1.63
January 31 2022,El Paso,CO,Passenger,2,4,6,705,711,0.84
July 31 2017,Dallas,TX,Passenger,0,1,1,186,187,0.53
September 30 2020,Chatham,NC,Passenger,1,0,1,7,8,12.50
January 31 2021,Broward,FL,Passenger,2,1,3,112,115,2.61
November 30 2020,Adams,WA,Passenger,10,6,16,12929,12945,0.12
September 30 2023,Dakota,MN,Passenger,0,1,1,13,14,7.14
February 28 2021,Montgomery,PA,Passenger,1,0,1,28,29,3.45
October 31 2021,Yamhill,OR,Passenger,1,0,1,41,42,2.38
October 31 2018,Snohomish,WA,Truck,1,0,1,121822,121823,0.00
January 31 2019,Collin,TX,Passenger,1,1,2,165,167,1.20
May 31 2021,Bradley,TN,Passenger,1,0,1,0,1,100.00
July 31 2024,Marin,CA,Passenger,3,2,5,35,40,12.50
December 31 2021,Prince William,VA,Passenger,1,3,4,206,210,1.90
May 31 2025,Grays Harbor,WA,Passenger,606,289,895,46442,47337,1.89
March 31 2020,Chelan,WA,Truck,0,0,0,22538,22538,0.00
January 31 2023,Washington,WI,Passenger,1,0,1,1,2,50.00
August 31 2024,Tarrant,TX,Passenger,2,0,2,98,100,2.00
November 30 2024,Orange,NC,Passenger,1,0,1,6,7,14.29
October 31 2019,Lewis,WA,Truck,0,0,0,26039,26039,0.00
November 30 2022,New Haven,CT,Passenger,0,2,2,31,33,6.06
February 28 2022,Hillsborough,FL,Passenger,0,2,2,154,156,1.28
October 31 2021,Montgomery,TX,Passenger,2,1,3,50,53,5.66
September 30 2019,Cameron,TX,Passenger,1,0,1,36,37,2.70
July 31 2020,Tulsa,OK,Passenger,1,0,1,57,58,1.72
December 31 2024,Franklin,WA,Passenger,588,212,800,62966,63766,1.25
September 30 2019,Kittitas,WA,Passenger,81,44,125,29814,29939,0.42
June 30 2023,Hawaii,HI,Passenger,1,0,1,41,42,2.38
January 31 2019,Klickitat,WA,Truck,0,0,0,8215,8215,0.00
August 31 2019,Loudoun,VA,Passenger,1,0,1,94,95,1.05
November 30 2017,Carroll,NH,Passenger,0,1,1,1,2,50.00
November 30 2022,Spokane,WA,Passenger,1887,912,2799,323368,326167,0.86
September 30 2018,Chelan,WA,Passenger,117,59,176,53794,53970,0.33
May 31 2020,Tarrant,TX,Passenger,1,0,1,194,195,0.51
March 31 2017,Thurston,WA,Truck,0,0,0,53257,53257,0.00
January 31 2020,Douglas,CO,Passenger,1,0,1,86,87,1.15
November 30 2023,Allen,IN,Passenger,1,0,1,10,11,9.09
April 30 2023,King,WA,Truck,636,2,638,175843,176481,0.36
August 31 2023,Beaufort,SC,Passenger,1,0,1,31,32,3.12
December 31 2021,Kitsap,WA,Truck,0,0,0,54043,54043,0.00
January 31 2017,Dallas,TX,Passenger,1,0,1,236,237,0.42
September 30 2024,Douglas,CO,Passenger,0,1,1,49,50,2.00
June 30 2024,Nassau,NY,Passenger,2,0,2,23,25,8.00
December 31 2018,Beaufort,SC,Passenger,1,0,1,39,40,2.50
February 28 2021,San Francisco,CA,Passenger,2,2,4,104,108,3.70
September 30 2020,St. Mary's,MD,Passenger,1,0,1,233,234,0.43
November 30 2021,Moore,NC,Passenger,0,1,1,136,137,0.73
October 31 2022,Williamsburg,VA,Passenger,0,1,1,8,9,11.11
October 31 2022,Arapahoe,CO,Passenger,0,1,1,98,99,1.01
March 31 2020,Oklahoma,OK,Passenger,0,1,1,139,140,0.71
March 31 2019,Franklin,MA,Passenger,0,1,1,2,3,33.33
April 30 2020,Mercer,NJ,Passenger,0,1,1,14,15,6.67
March 31 2023,DeKalb,GA,Passenger,2,0,2,54,56,3.57
July 31 2017,Grays Harbor,WA,Truck,0,0,0,19886,19886,0.00
February 28 2019,Bucks,PA,Passenger,1,0,1,22,23,4.35
March 31 2020,Randolph,NC,Passenger,1,0,1,7,8,12.50
July 31 2018,King,WA,Passenger,13475,5797,19272,1371393,1390665,1.39
April 30 2021,Yakima,WA,Passenger,207,139,346,169073,169419,0.20
October 31 2020,Ferry,WA,Truck,0,0,0,3592,3592,0.00
January 31 2025,Bexar,TX,Passenger,6,3,9,315,324,2.78
March 31 2023,Burlington,NJ,Passenger,2,2,4,97,101,3.96
October 31 2024,Sacramento,CA,Truck,1,0,1,27,28,3.57
November 30 2023,Fairfax,VA,Truck,1,0,1,90,91,1.10
September 30 2023,Larimer,CO,Passenger,1,0,1,40,41,2.44
April 30 2020,Skamania,WA,Truck,0,0,0,4054,4054,0.00
September 30 2022,Onslow,NC,Passenger,0,1,1,166,167,0.60
October 31 2021,Okaloosa,FL,Passenger,0,1,1,127,128,0.78
April 30 2019,Hawaii,HI,Passenger,1,0,1,71,72,1.39
May 31 2025,Currituck,NC,Passenger,1,0,1,18,19,5.26
December 31 2024,Island,WA,Passenger,1724,602,2326,60233,62559,3.72
September 30 2020,Jefferson,WA,Truck,0,0,0,9536,9536,0.00
December 31 2020,Clallam,WA,Passenger,273,186,459,49867,50326,0.91
May 31 2024,Texas,MO,Passenger,1,0,1,2,3,33.33
May 31 2025,St. Mary's,MD,Passenger,3,0,3,171,174,1.72
October 31 2019,Allegheny,PA,Passenger,2,0,2,87,89,2.25
August 31 2023,Grant,WA,Passenger,307,139,446,67145,67591,0.66
July 31 2023,Multnomah,OR,Passenger,5,2,7,554,561,1.25
March 31 2023,Doña Ana,NM,Passenger,1,0,1,17,18,5.56
June 30 2023,Hays,TX,Passenger,1,0,1,11,12,8.33
September 30 2020,Los Angeles,CA,Passenger,9,12,21,1065,1086,1.93
April 30 2024,Cache,UT,Passenger,1,0,1,11,12,8.33
March 31 2025,Lewis,WA,Passenger,612,425,1037,58376,59413,1.75
September 30 2019,Brevard,FL,Passenger,0,1,1,97,98,1.02
March 31 2023,Travis,TX,Passenger,3,4,7,121,128,5.47
April 30 2023,Dakota,MN,Passenger,0,1,1,16,17,5.88
May 31 2025,Snohomish,WA,Truck,731,0,731,115291,116022,0.63
October 31 2021,Miami-Dade,FL,Passenger,1,0,1,114,115,0.87
December 31 2022,Pend Oreille,WA,Passenger,21,13,34,8922,8956,0.38
July 31 2017,Santa Rosa,FL,Passenger,1,0,1,114,115,0.87
June 30 2023,Fairbanks North Star,AK,Passenger,0,1,1,65,66,1.52
April 30 2025,Penobscot,ME,Passenger,0,1,1,3,4,25.00
March 31 2024,Thurston,WA,Truck,113,0,113,53074,53187,0.21
January 31 2025,Medina,TX,Passenger,1,0,1,5,6,16.67
July 31 2017,Garfield,WA,Passenger,0,0,0,1296,1296,0.00
September 30 2023,Ada,ID,Passenger,3,0,3,161,164,1.83
May 31 2019,Caddo,LA,Passenger,0,1,1,27,28,3.57
July 31 2017,Mercer,NJ,Passenger,0,1,1,16,17,5.88
June 30 2019,Berkshire,MA,Passenger,0,1,1,6,7,14.29
January 31 2024,Maricopa,AZ,Passenger,17,3,20,888,908,2.20
April 30 2022,Sacramento,CA,Passenger,1,1,2,257,259,0.77
July 31 2017,Maui,HI,Passenger,1,0,1,68,69,1.45
October 31 2021,Philadelphia,PA,Passenger,1,0,1,55,56,1.79
January 31 2019,Albemarle,VA,Passenger,1,0,1,25,26,3.85
February 28 2021,Benton,WA,Truck,0,0,0,43349,43349,0.00
June 30 2020,Charleston,SC,Passenger,1,0,1,108,109,0.92
March 31 2023,Bartow,GA,Passenger,0,1,1,4,5,20.00
March 31 2018,Juneau,AK,Passenger,0,1,1,46,47,2.13
August 31 2018,Arlington,VA,Passenger,1,1,2,180,182,1.10
December 31 2022,Yellowstone,MT,Passenger,0,1,1,26,27,3.70
April 30 2019,Klickitat,WA,Passenger,32,33,65,15500,15565,0.42
October 31 2024,Clark,NV,Passenger,8,2,10,458,468,2.14
December 31 2023,Cumberland,PA,Passenger,1,0,1,47,48,2.08
March 31 2017,Norfolk,VA,Passenger,1,1,2,299,301,0.66
November 30 2024,Honolulu,HI,Passenger,2,1,3,254,257,1.17
April 30 2018,Whitman,WA,Truck,0,0,0,8467,8467,0.00
May 31 2020,New London,CT,Passenger,1,1,2,234,236,0.85
August 31 2020,Prince William,VA,Passenger,2,3,5,223,228,2.19
November 30 2024,Harnett,NC,Passenger,4,1,5,125,130,3.85
January 31 2023,Dorchester,SC,Passenger,1,0,1,62,63,1.59
September 30 2018,Franklin,MA,Passenger,0,1,1,2,3,33.33
March 31 2021,St. Mary's,MD,Passenger,1,0,1,232,233,0.43
May 31 2017,Harnett,NC,Passenger,1,0,1,268,269,0.37
October 31 2023,San Bernardino,CA,Passenger,5,1,6,356,362,1.66
April 30 2020,Maui,HI,Passenger,2,0,2,37,39,5.13
March 31 2021,Mason,WA,Passenger,185,135,320,47847,48167,0.66
June 30 2024,Currituck,NC,Passenger,1,0,1,20,21,4.76
August 31 2018,Monroe,IL,Passenger,1,0,1,4,5,20.00
November 30 2021,Columbia,GA,Passenger,0,1,1,114,115,0.87
November 30 2022,Chelan,WA,Passenger,524,142,666,54149,54815,1.21
September 30 2017,Snohomish,WA,Passenger,1910,972,2882,514174,517056,0.56
June 30 2018,Deschutes,OR,Passenger,1,0,1,183,184,0.54
December 31 2020,Botetourt,VA,Passenger,1,0,1,0,1,100.00
April 30 2025,Pend Oreille,WA,Passenger,56,19,75,8450,8525,0.88
January 31 2022,Williamson,TX,Passenger,1,2,3,128,131,2.29
June 30 2024,Muscogee,GA,Passenger,2,2,4,107,111,3.60
April 30 2023,El Paso,CO,Passenger,4,7,11,589,600,1.83
May 31 2020,Deschutes,OR,Passenger,4,0,4,155,159,2.52
June 30 2018,Collier,FL,Passenger,1,0,1,27,28,3.57
January 31 2021,Walla Walla,WA,Passenger,103,67,170,36124,36294,0.47
June 30 2021,Fairfax,VA,Passenger,5,4,9,733,742,1.21
November 30 2023,Garfield,WA,Truck,0,0,0,974,974,0.00
August 31 2021,Stevens,WA,Truck,0,0,0,18890,18890,0.00
January 31 2023,Sedgwick,KS,Passenger,0,1,1,78,79,1.27
September 30 2019,Guadalupe,TX,Passenger,1,0,1,72,73,1.37
June 30 2022,Montgomery,PA,Passenger,2,0,2,27,29,6.90
October 31 2024,Spokane,WA,Passenger,4016,1810,5826,320555,326381,1.79
March 31 2017,Essex,NJ,Passenger,1,0,1,19,20,5.00
December 31 2023,Osceola,FL,Passenger,1,0,1,23,24,4.17
March 31 2022,Frederick,MD,Passenger,1,1,2,70,72,2.78
October 31 2018,Twin Falls,ID,Passenger,0,1,1,24,25,4.00
April 30 2021,Grant,WA,Passenger,102,86,188,66738,66926,0.28
August 31 2020,Queens,NY,Passenger,1,0,1,55,56,1.79
July 31 2022,San Francisco,CA,Passenger,2,0,2,96,98,2.04
October 31 2017,Alameda,CA,Passenger,0,1,1,360,361,0.28
March 31 2021,Pacific,WA,Truck,0,0,0,7869,7869,0.00
June 30 2020,Travis,TX,Passenger,4,2,6,200,206,2.91
August 31 2021,St. Mary's,MD,Passenger,1,0,1,229,230,0.43
August 31 2022,Pulaski,AR,Passenger,1,0,1,38,39,2.56
June 30 2023,Pacific,WA,Passenger,74,92,166,15552,15718,1.06
January 31 2017,Okanogan,WA,Passenger,3,15,18,25809,25827,0.07
May 31 2024,San Juan,WA,Passenger,744,210,954,13555,14509,6.58
May 31 2024,Spokane,WA,Truck,103,0,103,101222,101325,0.10
December 31 2023,Weld,CO,Passenger,1,0,1,19,20,5.00
October 31 2023,Clay,FL,Passenger,1,0,1,75,76,1.32
October 31 2018,Washoe,NV,Passenger,1,0,1,117,118,0.85
May 31 2021,Eagle,CO,Passenger,1,0,1,8,9,11.11
May 31 2023,Denton,TX,Passenger,2,0,2,73,75,2.67
December 31 2024,Harford,MD,Passenger,2,0,2,43,45,4.44
December 31 2020,Thurston,WA,Truck,0,0,0,56289,56289,0.00
July 31 2020,Boone,MO,Passenger,0,1,1,10,11,9.09
October 31 2024,Allen,IN,Passenger,1,1,2,5,7,28.57
September 30 2024,Shelby,AL,Passenger,1,0,1,2,3,33.33
November 30 2018,Randolph,NC,Passenger,1,0,1,4,5,20.00
February 28 2018,Grant,WA,Truck,0,0,0,25671,25671,0.00
December 31 2024,Clatsop,OR,Passenger,1,0,1,34,35,2.86
August 31 2018,Kent,MI,Passenger,0,1,1,30,31,3.23
May 31 2020,Ulster,NY,Passenger,1,0,1,14,15,6.67
May 31 2018,Benton,WA,Truck,0,0,0,40972,40972,0.00
August 31 2024,Kootenai,ID,Passenger,3,3,6,96,102,5.88
June 30 2020,Clark,WA,Passenger,2015,1060,3075,317426,320501,0.96
September 30 2017,Travis,TX,Passenger,1,0,1,199,200,0.50
December 31 2023,Washington,MD,Passenger,1,0,1,15,16,6.25
May 31 2025,Sedgwick,KS,Passenger,0,1,1,41,42,2.38
June 30 2022,Washington,WI,Passenger,1,0,1,2,3,33.33
May 31 2022,St. Clair,IL,Passenger,1,0,1,137,138,0.72
November 30 2022,Meade,KY,Passenger,1,0,1,20,21,4.76
October 31 2022,District of Columbia,DC,Passenger,2,0,2,169,171,1.17
May 31 2025,Washington,OR,Passenger,1,0,1,174,175,0.57
March 31 2024,Howard,MD,Passenger,0,2,2,60,62,3.23
October 31 2019,Grays Harbor,WA,Passenger,95,95,190,48280,48470,0.39
October 31 2021,New London,CT,Passenger,2,4,6,217,223,2.69
January 31 2017,Skagit,WA,Passenger,107,81,188,87436,87624,0.21
June 30 2024,Orange,NC,Passenger,1,0,1,6,7,14.29
November 30 2022,Marion,OR,Passenger,1,0,1,105,106,0.94
December 31 2020,New York,NY,Passenger,4,0,4,64,68,5.88
July 31 2024,Rockdale,GA,Passenger,1,0,1,7,8,12.50
July 31 2023,Hunt,TX,Passenger,1,0,1,4,5,20.00
October 31 2018,Benton,WA,Truck,0,0,0,41411,41411,0.00
July 31 2024,Hoke,NC,Passenger,1,0,1,72,73,1.37
April 30 2019,Franklin,WA,Passenger,52,66,118,59434,59552,0.20
July 31 2020,Palm Beach,FL,Passenger,0,2,2,85,87,2.30
November 30 2024,Clark,WA,Truck,290,0,290,80803,81093,0.36
February 28 2021,Douglas,NE,Passenger,1,1,2,58,60,3.33
May 31 2025,Olmsted,MN,Passenger,1,0,1,3,4,25.00
March 31 2021,Plaquemines,LA,Passenger,0,1,1,17,18,5.56
February 29 2020,Charles,MD,Passenger,0,1,1,79,80,1.25
October 31 2021,Sumter,SC,Passenger,0,1,1,33,34,2.94
March 31 2024,Island,WA,Truck,43,0,43,20648,20691,0.21
August 31 2022,Cumberland,PA,Passenger,1,0,1,52,53,1.89
August 31 2021,Chatham,NC,Passenger,1,0,1,7,8,12.50
October 31 2021,Riverside,CA,Passenger,8,0,8,600,608,1.32
September 30 2022,Okanogan,WA,Truck,1,0,1,16496,16497,0.01
November 30 2020,Monroe,IL,Passenger,1,0,1,2,3,33.33
October 31 2024,York,VA,Passenger,2,0,2,68,70,2.86
February 28 2025,District of Columbia,DC,Passenger,4,1,5,136,141,3.55
January 31 2020,Sumter,FL,Passenger,0,1,1,9,10,10.00
July 31 2019,New Haven,CT,Passenger,0,2,2,46,48,4.17
May 31 2025,Goochland,VA,Passenger,1,0,1,19,20,5.00
March 31 2021,Jefferson,WA,Truck,0,0,0,9583,9583,0.00
April 30 2019,Portsmouth,VA,Passenger,0,1,1,75,76,1.32
August 31 2020,El Paso,CO,Passenger,3,1,4,730,734,0.54
August 31 2023,Douglas,WA,Passenger,217,68,285,28744,29029,0.98
May 31 2023,Yavapai,AZ,Passenger,0,1,1,28,29,3.45
November 30 2024,Anne Arundel,MD,Passenger,6,3,9,278,287,3.14
June 30 2023,Spotsylvania,VA,Passenger,1,0,1,29,30,3.33
December 31 2023,Wahkiakum,WA,Truck,4,0,4,1750,1754,0.23
April 30 2020,Multnomah,OR,Passenger,4,7,11,792,803,1.37
September 30 2021,Lake,IL,Passenger,3,0,3,166,169,1.78
April 30 2021,Bexar,TX,Passenger,3,5,8,603,611,1.31
July 31 2020,Kent,MI,Passenger,0,1,1,31,32,3.12
September 30 2019,Williamson,TX,Passenger,0,2,2,174,176,1.14
June 30 2022,Palm Beach,FL,Passenger,2,1,3,60,63,4.76
September 30 2020,Cumberland,NC,Passenger,1,3,4,459,463,0.86
January 31 2024,Pulaski,AR,Passenger,1,0,1,29,30,3.33
February 28 2023,Sarpy,NE,Passenger,1,0,1,64,65,1.54
September 30 2020,Anne Arundel,MD,Passenger,1,1,2,401,403,0.50
September 30 2020,Vigo,IN,Passenger,1,0,1,6,7,14.29
January 31 2025,Yuba,CA,Passenger,1,0,1,52,53,1.89
July 31 2024,Clallam,WA,Truck,33,0,33,21398,21431,0.15
July 31 2019,Juneau,AK,Passenger,0,2,2,37,39,5.13
November 30 2019,Collier,FL,Passenger,1,0,1,26,27,3.70
August 31 2022,Wake,NC,Passenger,0,1,1,117,118,0.85
June 30 2017,Dane,WI,Passenger,1,0,1,110,111,0.90
October 31 2022,Monterey,CA,Passenger,1,2,3,148,151,1.99
May 31 2024,Gwinnett,GA,Passenger,1,0,1,48,49,2.04
February 29 2020,Carroll,NH,Passenger,0,1,1,3,4,25.00
December 31 2020,Whatcom,WA,Truck,3,0,3,43510,43513,0.01
June 30 2024,Snohomish,WA,Truck,387,0,387,119596,119983,0.32
January 31 2019,DeKalb,IN,Passenger,1,0,1,1,2,50.00
October 31 2023,Kent,MI,Passenger,1,0,1,21,22,4.55
March 31 2022,Onslow,NC,Passenger,0,1,1,162,163,0.61
April 30 2023,Autauga,AL,Passenger,2,1,3,14,17,17.65
August 31 2024,Okaloosa,FL,Passenger,0,2,2,80,82,2.44
June 30 2021,Allen,IN,Passenger,1,0,1,20,21,4.76
June 30 2024,Lake,IL,Passenger,8,0,8,123,131,6.11
March 31 2025,Duval,FL,Passenger,3,1,4,196,200,2.00
June 30 2019,Montgomery,AL,Passenger,1,1,2,42,44,4.55
January 31 2019,Skagit,WA,Truck,1,0,1,32299,32300,0.00
November 30 2020,Spartanburg,SC,Passenger,0,1,1,52,53,1.89
May 31 2025,Ferry,WA,Truck,1,0,1,3330,3331,0.03
January 31 2019,Bergen,NJ,Passenger,1,0,1,27,28,3.57
February 28 2025,Dallas,TX,Truck,1,0,1,11,12,8.33
February 28 2021,Walla Walla,WA,Truck,0,0,0,13896,13896,0.00
February 28 2018,Broward,FL,Passenger,0,1,1,141,142,0.70
June 30 2018,Okanogan,WA,Truck,0,0,0,16432,16432,0.00
September 30 2023,New York,NY,Passenger,3,0,3,40,43,6.98
October 31 2022,Montgomery,AL,Passenger,1,1,2,34,36,5.56
July 31 2021,Danville,VA,Passenger,1,0,1,0,1,100.00
July 31 2023,Frederick,MD,Passenger,2,1,3,54,57,5.26
October 31 2018,Honolulu,HI,Passenger,1,2,3,535,538,0.56
August 31 2019,Alameda,CA,Passenger,3,1,4,308,312,1.28
July 31 2018,Grant,WA,Passenger,33,47,80,63251,63331,0.13
September 30 2021,Grant,WA,Passenger,125,97,222,66797,67019,0.33
October 31 2019,Cook,IL,Passenger,1,0,1,260,261,0.38
October 31 2020,Harrison,MS,Passenger,1,0,1,50,51,1.96
February 28 2025,Volusia,FL,Truck,1,0,1,4,5,20.00
August 31 2020,St. Louis,MO,Passenger,1,0,1,104,105,0.95
October 31 2024,Jefferson,WA,Passenger,810,322,1132,23917,25049,4.52
December 31 2020,Fairfax,VA,Passenger,6,2,8,732,740,1.08
April 30 2021,Kings,NY,Passenger,2,0,2,75,77,2.60
August 31 2017,San Juan,WA,Truck,0,0,0,5545,5545,0.00
February 29 2024,Lincoln,WA,Truck,0,0,0,4800,4800,0.00
June 30 2023,Pinellas,FL,Passenger,1,0,1,67,68,1.47
January 31 2025,Placer,CA,Passenger,3,0,3,55,58,5.17
February 28 2017,Travis,TX,Passenger,1,0,1,207,208,0.48
March 31 2020,Muskogee,OK,Passenger,0,1,1,1,2,50.00
March 31 2019,Lincoln,WA,Passenger,3,6,9,7729,7738,0.12
February 29 2024,Providence,RI,Passenger,1,0,1,19,20,5.00
May 31 2019,Grays Harbor,WA,Truck,0,0,0,20449,20449,0.00
December 31 2017,Lewis,WA,Truck,0,0,0,25315,25315,0.00
June 30 2019,Kern,CA,Passenger,0,1,1,223,224,0.45
June 30 2022,Kings,CA,Passenger,2,0,2,312,314,0.64
November 30 2020,Manassas,VA,Passenger,0,1,1,6,7,14.29
February 28 2022,Maui,HI,Passenger,1,0,1,28,29,3.45
November 30 2023,El Paso,CO,Passenger,6,7,13,541,554,2.35
January 31 2025,Forsyth,GA,Passenger,1,0,1,8,9,11.11
March 31 2019,Penobscot,ME,Passenger,0,1,1,15,16,6.25
August 31 2023,Marin,CA,Passenger,3,2,5,39,44,11.36
May 31 2017,Clackamas,OR,Passenger,1,1,2,312,314,0.64
December 31 2017,Allegheny,PA,Passenger,1,0,1,88,89,1.12
September 30 2020,Washington,OR,Passenger,1,0,1,466,467,0.21
March 31 2023,Hamilton,OH,Truck,1,0,1,3,4,25.00
March 31 2020,DuPage,IL,Passenger,4,0,4,66,70,5.71
July 31 2024,Henrico,VA,Passenger,2,2,4,15,19,21.05
July 31 2018,Washtenaw,MI,Passenger,1,0,1,37,38,2.63
October 31 2017,Fairfax,VA,Passenger,3,1,4,834,838,0.48
August 31 2024,Duval,FL,Passenger,2,1,3,222,225,1.33
October 31 2020,Loudoun,VA,Passenger,1,0,1,82,83,1.20
May 31 2024,St. Lawrence,NY,Passenger,1,1,2,5,7,28.57
October 31 2024,Burlington,NJ,Passenger,0,1,1,67,68,1.47
March 31 2023,Washtenaw,MI,Passenger,0,2,2,31,33,6.06
February 28 2019,Larimer,CO,Passenger,1,0,1,64,65,1.54
June 30 2023,Salt Lake,UT,Passenger,3,1,4,149,153,2.61
September 30 2021,Franklin,WA,Passenger,138,100,238,62056,62294,0.38
July 31 2024,Benton,WA,Truck,47,0,47,42897,42944,0.11
June 30 2021,Middlesex,MA,Passenger,1,0,1,103,104,0.96
March 31 2019,Spokane,WA,Truck,1,0,1,93974,93975,0.00
April 30 2024,Calvert,MD,Passenger,1,2,3,75,78,3.85
May 31 2022,Lincoln,WA,Passenger,8,18,26,7670,7696,0.34
January 31 2022,Adams,WA,Passenger,17,14,31,13011,13042,0.24
February 28 2023,Galveston,TX,Passenger,1,1,2,24,26,7.69
April 30 2020,Calvert,MD,Passenger,0,2,2,91,93,2.15
June 30 2020,Botetourt,VA,Passenger,1,0,1,0,1,100.00
November 30 2021,Snohomish,WA,Passenger,6824,2231,9055,537638,546693,1.66
September 30 2019,Juneau,AK,Passenger,0,2,2,34,36,5.56
May 31 2020,Carson City,NV,Passenger,1,0,1,12,13,7.69
January 31 2022,Williamsburg,VA,Passenger,0,1,1,7,8,12.50
July 31 2022,Orange,FL,Passenger,4,0,4,109,113,3.54
October 31 2024,Williamson,TX,Passenger,2,0,2,61,63,3.17
December 31 2021,Powhatan,VA,Passenger,1,0,1,1,2,50.00
August 31 2021,Portsmouth,VA,Passenger,0,1,1,79,80,1.25
March 31 2017,Benton,WA,Passenger,140,139,279,127895,128174,0.22
December 31 2020,Richland,SC,Passenger,0,1,1,143,144,0.69
December 31 2021,Ray,MO,Passenger,0,1,1,1,2,50.00
February 28 2025,Manassas,VA,Passenger,1,0,1,6,7,14.29
June 30 2018,Marion,IN,Passenger,1,0,1,120,121,0.83
July 31 2024,Jefferson,NY,Passenger,3,0,3,176,179,1.68
April 30 2022,Rockdale,GA,Passenger,1,0,1,8,9,11.11
September 30 2021,Lexington,SC,Passenger,1,0,1,28,29,3.45
January 31 2022,Sussex,NJ,Passenger,1,0,1,2,3,33.33
March 31 2018,Sumter,FL,Passenger,0,1,1,10,11,9.09
February 28 2018,Benton,WA,Passenger,175,178,353,130409,130762,0.27
March 31 2022,Galveston,TX,Passenger,0,1,1,23,24,4.17
September 30 2020,Tarrant,TX,Passenger,1,0,1,189,190,0.53
February 29 2024,Rockingham,NH,Passenger,1,0,1,14,15,6.67
August 31 2020,New Haven,CT,Passenger,0,2,2,34,36,5.56
June 30 2022,Yakima,WA,Truck,1,0,1,61348,61349,0.00
January 31 2022,Rockdale,GA,Passenger,1,0,1,7,8,12.50
January 31 2019,Asotin,WA,Passenger,12,9,21,12723,12744,0.16
December 31 2019,Kent,MI,Passenger,0,1,1,31,32,3.12
January 31 2021,Los Angeles,CA,Passenger,10,11,21,1029,1050,2.00
August 31 2019,Lincoln,WA,Passenger,2,10,12,7783,7795,0.15
November 30 2024,Placer,CA,Passenger,3,0,3,60,63,4.76
April 30 2017,Snohomish,WA,Truck,1,0,1,121977,121978,0.00
June 30 2021,Lake,IN,Passenger,0,1,1,11,12,8.33
April 30 2024,Sedgwick,KS,Passenger,0,1,1,56,57,1.75
June 30 2024,Norfolk,VA,Passenger,0,1,1,246,247,0.40
August 31 2020,New London,CT,Passenger,1,1,2,230,232,0.86
June 30 2020,Fort Bend,TX,Passenger,1,0,1,48,49,2.04
April 30 2022,Pend Oreille,WA,Passenger,16,10,26,9006,9032,0.29
July 31 2019,Klickitat,WA,Passenger,34,33,67,15574,15641,0.43
April 30 2024,Forsyth,GA,Passenger,1,0,1,12,13,7.69
May 31 2021,Sedgwick,KS,Passenger,0,1,1,95,96,1.04
April 30 2023,Beaufort,SC,Passenger,1,0,1,32,33,3.03
January 31 2019,Lee,FL,Passenger,1,0,1,53,54,1.85
April 30 2021,St. Louis,MO,Passenger,1,0,1,99,100,1.00
June 30 2024,Pettis,MO,Passenger,1,0,1,4,5,20.00
April 30 2022,Montgomery,PA,Passenger,2,0,2,26,28,7.14
August 31 2019,Franklin,WA,Truck,0,0,0,19483,19483,0.00
March 31 2022,Whatcom,WA,Passenger,1736,692,2428,148929,151357,1.60
June 30 2020,Pierce,WA,Passenger,2378,1692,4070,548943,553013,0.74
August 31 2022,Jefferson,WA,Passenger,454,225,679,24453,25132,2.70
April 30 2018,Garfield,WA,Passenger,1,0,1,1331,1332,0.08
April 30 2018,Monterey,CA,Passenger,0,2,2,195,197,1.02
May 31 2018,Ferry,WA,Passenger,2,3,5,4414,4419,0.11
February 28 2025,Hamilton,OH,Passenger,2,0,2,35,37,5.41
March 31 2019,Klickitat,WA,Truck,0,0,0,8194,8194,0.00
November 30 2024,Essex,NJ,Passenger,1,1,2,6,8,25.00
April 30 2019,Adams,WA,Passenger,5,6,11,12645,12656,0.09
December 31 2023,San Mateo,CA,Passenger,5,1,6,89,95,6.32
November 30 2023,Middlesex,CT,Passenger,1,0,1,10,11,9.09
January 31 2021,Skamania,WA,Truck,0,0,0,4018,4018,0.00
March 31 2017,Hidalgo,TX,Passenger,0,1,1,102,103,0.97
September 30 2023,Garfield,WA,Truck,0,0,0,971,971,0.00
August 31 2017,Benton,WA,Truck,0,0,0,40159,40159,0.00
April 30 2025,Macomb,MI,Passenger,4,0,4,12,16,25.00
February 29 2020,Suffolk,MA,Passenger,0,1,1,41,42,2.38
January 31 2021,Alexandria,VA,Passenger,3,0,3,134,137,2.19
September 30 2021,Columbia,OR,Passenger,1,0,1,24,25,4.00
August 31 2017,Madison,ID,Passenger,1,0,1,35,36,2.78
April 30 2021,Allen,IN,Passenger,1,0,1,19,20,5.00
January 31 2023,Williamsburg,VA,Passenger,0,1,1,8,9,11.11
April 30 2022,Pacific,WA,Passenger,60,68,128,15897,16025,0.80
February 28 2023,Wahkiakum,WA,Passenger,25,15,40,3038,3078,1.30
July 31 2017,Salt Lake,UT,Passenger,1,0,1,271,272,0.37
July 31 2017,Alameda,CA,Passenger,1,1,2,364,366,0.55
May 31 2018,Chelan,WA,Passenger,103,49,152,53484,53636,0.28
October 31 2019,Island,WA,Truck,0,0,0,21288,21288,0.00
April 30 2022,Santa Clara,CA,Passenger,19,4,23,299,322,7.14
May 31 2022,Pacific,WA,Truck,0,0,0,7939,7939,0.00
May 31 2018,Clark,NV,Passenger,2,3,5,808,813,0.62
March 31 2022,Wahkiakum,WA,Passenger,18,11,29,3071,3100,0.94
June 30 2018,Clay,FL,Passenger,0,1,1,98,99,1.01
September 30 2020,DeKalb,GA,Passenger,1,0,1,86,87,1.15
December 31 2021,Multnomah,OR,Passenger,3,5,8,707,715,1.12
July 31 2022,Monterey,CA,Passenger,1,2,3,152,155,1.94
June 30 2024,Calvert,MD,Passenger,1,2,3,73,76,3.95
January 31 2021,Multnomah,OR,Passenger,4,5,9,753,762,1.18
August 31 2018,Klickitat,WA,Passenger,24,32,56,15274,15330,0.37
May 31 2021,Santa Clara,CA,Passenger,12,3,15,309,324,4.63
October 31 2019,Kootenai,ID,Passenger,1,2,3,237,240,1.25
November 30 2022,Yakima,WA,Passenger,411,217,628,166174,166802,0.38
December 31 2017,Sacramento,CA,Passenger,1,1,2,326,328,0.61
May 31 2020,Greene,MO,Passenger,0,1,1,37,38,2.63
July 31 2022,Yakima,WA,Truck,1,0,1,61277,61278,0.00
June 30 2018,Salt Lake,UT,Passenger,1,0,1,248,249,0.40
May 31 2019,Juneau,AK,Passenger,0,2,2,37,39,5.13
February 29 2020,Botetourt,VA,Passenger,1,0,1,0,1,100.00
June 30 2021,Deschutes,OR,Passenger,1,0,1,144,145,0.69
June 30 2020,Goochland,VA,Passenger,2,1,3,288,291,1.03
June 30 2022,Charlottesville,VA,Passenger,0,1,1,7,8,12.50
May 31 2024,Monroe,WI,Passenger,1,0,1,9,10,10.00
May 31 2022,Rockdale,GA,Passenger,1,0,1,8,9,11.11
March 31 2022,Wilson,TX,Passenger,0,1,1,3,4,25.00
September 30 2018,Tarrant,TX,Passenger,1,0,1,222,223,0.45
April 30 2018,Lincoln,WA,Truck,0,0,0,4530,4530,0.00
December 31 2018,Rogers,OK,Passenger,1,0,1,8,9,11.11
May 31 2022,Jefferson,WA,Truck,0,0,0,9483,9483,0.00
August 31 2024,Benton,WA,Truck,49,0,49,42955,43004,0.11
December 31 2022,Madison,IL,Passenger,1,0,1,16,17,5.88
October 31 2024,Monroe,WI,Passenger,2,0,2,8,10,20.00
January 31 2024,Horry,SC,Passenger,1,0,1,16,17,5.88
January 31 2022,Powhatan,VA,Passenger,1,0,1,1,2,50.00
August 31 2018,Grays Harbor,WA,Passenger,54,65,119,46978,47097,0.25
March 31 2019,Kitsap,WA,Passenger,995,569,1564,179781,181345,0.86
June 30 2024,Otero,NM,Passenger,0,1,1,19,20,5.00
April 30 2022,Maricopa,AZ,Passenger,14,4,18,1320,1338,1.35
May 31 2024,Providence,RI,Passenger,1,0,1,21,22,4.55
October 31 2017,Garfield,WA,Passenger,1,0,1,1317,1318,0.08
March 31 2020,Polk,FL,Passenger,1,0,1,84,85,1.18
January 31 2024,New Haven,CT,Passenger,2,2,4,25,29,13.79
January 31 2019,Grays Harbor,WA,Passenger,67,76,143,47436,47579,0.30
September 30 2023,Hamilton,IN,Passenger,1,0,1,27,28,3.57
October 31 2023,Middlesex,NJ,Passenger,1,0,1,20,21,4.76
October 31 2018,Ferry,WA,Passenger,3,2,5,4405,4410,0.11
February 28 2023,Whatcom,WA,Passenger,2222,822,3044,148313,151357,2.01
October 31 2020,Rockingham,NH,Passenger,1,0,1,28,29,3.45
March 31 2019,District of Columbia,DC,Passenger,1,1,2,193,195,1.03
November 30 2021,Plaquemines,LA,Passenger,0,1,1,18,19,5.26
October 31 2020,St. Louis,MO,Passenger,1,0,1,105,106,0.94
July 31 2023,Leavenworth,KS,Passenger,1,2,3,85,88,3.41
January 31 2023,Klickitat,WA,Truck,4,0,4,8224,8228,0.05
April 30 2017,Mercer,NJ,Passenger,0,1,1,19,20,5.00
April 30 2018,Essex,NJ,Passenger,1,0,1,14,15,6.67
February 28 2018,Volusia,FL,Passenger,0,1,1,35,36,2.78
July 31 2019,Thurston,WA,Passenger,904,651,1555,197921,199476,0.78
June 30 2022,New London,CT,Passenger,2,5,7,200,207,3.38
December 31 2023,Orange,CA,Passenger,8,3,11,383,394,2.79
April 30 2021,Greene,MO,Passenger,0,1,1,42,43,2.33
February 28 2022,Yakima,WA,Truck,0,0,0,61602,61602,0.00
April 30 2021,Denver,CO,Passenger,1,0,1,128,129,0.78
April 30 2018,DeKalb,IN,Passenger,1,0,1,1,2,50.00
July 31 2023,Prince William,VA,Passenger,0,4,4,168,172,2.33
June 30 2019,Adams,WA,Truck,0,0,0,5118,5118,0.00
December 31 2022,Carroll,MD,Passenger,0,1,1,22,23,4.35
May 31 2023,Carroll,MD,Passenger,0,1,1,22,23,4.35
October 31 2017,Tarrant,TX,Passenger,1,0,1,235,236,0.42
December 31 2021,San Juan,WA,Truck,0,0,0,5995,5995,0.00
January 31 2024,Asotin,WA,Passenger,43,25,68,12214,12282,0.55
November 30 2018,Polk,FL,Passenger,1,0,1,69,70,1.43
August 31 2020,Middlesex,MA,Passenger,1,0,1,95,96,1.04
January 31 2021,Hamilton,IN,Passenger,2,0,2,40,42,4.76
June 30 2022,Escambia,FL,Passenger,0,1,1,147,148,0.68
July 31 2020,Lake,IL,Passenger,1,0,1,171,172,0.58
April 30 2021,El Paso,TX,Passenger,2,0,2,408,410,0.49
January 31 2022,Manassas,VA,Passenger,0,1,1,7,8,12.50
November 30 2023,Platte,MO,Passenger,2,1,3,17,20,15.00
April 30 2023,Rockdale,GA,Passenger,1,0,1,8,9,11.11
October 31 2023,Clallam,WA,Truck,22,0,22,21615,21637,0.10
January 31 2021,Mohave,AZ,Passenger,1,0,1,80,81,1.23
October 31 2020,Camden,NJ,Passenger,0,1,1,20,21,4.76
October 31 2020,Nueces,TX,Passenger,1,0,1,93,94,1.06
May 31 2024,Montgomery,AL,Passenger,1,1,2,30,32,6.25
April 30 2019,Ferry,WA,Passenger,4,2,6,4372,4378,0.14
December 31 2022,Okanogan,WA,Truck,2,0,2,16418,16420,0.01
October 31 2022,Nassau,NY,Passenger,3,0,3,31,34,8.82
December 31 2023,St. Louis,MN,Passenger,0,1,1,4,5,20.00
May 31 2020,El Paso,TX,Passenger,2,0,2,428,430,0.47
April 30 2023,Pacific,WA,Truck,3,0,3,7807,7810,0.04
April 30 2023,Bristol,MA,Passenger,1,0,1,10,11,9.09
February 28 2023,Prince William,VA,Passenger,0,4,4,179,183,2.19
November 30 2017,Shelby,TN,Passenger,0,1,1,109,110,0.91
June 30 2022,San Juan,WA,Truck,1,0,1,5977,5978,0.02
August 31 2023,El Dorado,CA,Passenger,1,0,1,24,25,4.00
August 31 2018,Washtenaw,MI,Passenger,1,0,1,37,38,2.63
September 30 2017,Hamilton,IN,Passenger,1,0,1,58,59,1.69
February 28 2018,Dallas,TX,Passenger,0,1,1,197,198,0.51
November 30 2024,Skagit,WA,Truck,66,0,66,31498,31564,0.21
October 31 2024,Marin,CA,Passenger,2,2,4,36,40,10.00
June 30 2021,,,Passenger,4,2,6,378,384,1.56
August 31 2021,Whatcom,WA,Truck,4,0,4,43817,43821,0.01
May 31 2023,Clallam,WA,Truck,18,0,18,21737,21755,0.08
September 30 2017,Pend Oreille,WA,Truck,0,0,0,5550,5550,0.00
May 31 2021,Pacific,WA,Passenger,43,47,90,16037,16127,0.56
October 31 2017,Manassas,VA,Passenger,0,1,1,9,10,10.00
April 30 2019,Clark,NV,Passenger,4,3,7,759,766,0.91
July 31 2018,Williamson,TX,Passenger,0,1,1,182,183,0.55
September 30 2018,Prince George's,MD,Passenger,1,1,2,187,189,1.06
December 31 2024,Wise,TX,Passenger,2,0,2,3,5,40.00
February 29 2024,Grays Harbor,WA,Passenger,390,222,612,47824,48436,1.26
October 31 2017,Douglas,WA,Passenger,36,32,68,26960,27028,0.25
April 30 2024,Saginaw,MI,Passenger,0,1,1,4,5,20.00
June 30 2023,Santa Cruz,CA,Passenger,1,0,1,25,26,3.85
September 30 2019,Asotin,WA,Truck,0,0,0,6679,6679,0.00
July 31 2020,,,Passenger,6,1,7,400,407,1.72
September 30 2024,Skamania,WA,Truck,6,0,6,3848,3854,0.16
September 30 2020,Larimer,CO,Passenger,1,0,1,55,56,1.79
March 31 2022,RÃ­o Grande,PR,Passenger,1,0,1,0,1,100.00
September 30 2022,Santa Clara,CA,Passenger,18,4,22,295,317,6.94
October 31 2023,Caddo,LA,Passenger,2,0,2,16,18,11.11
July 31 2019,Hennepin,MN,Passenger,2,1,3,120,123,2.44
November 30 2023,Grant,WA,Passenger,355,160,515,67273,67788,0.76
August 31 2024,Penobscot,ME,Passenger,0,1,1,4,5,20.00
September 30 2019,Sacramento,CA,Passenger,0,1,1,314,315,0.32
December 31 2024,Clark,NV,Passenger,8,2,10,434,444,2.25
September 30 2024,Walla Walla,WA,Truck,18,0,18,13627,13645,0.13
December 31 2021,Skamania,WA,Truck,0,0,0,3997,3997,0.00
April 30 2025,Lincoln,OR,Passenger,1,0,1,15,16,6.25
September 30 2024,Pierce,WA,Passenger,12315,3787,16102,519328,535430,3.01
November 30 2018,Charleston,SC,Passenger,1,0,1,127,128,0.78
March 31 2019,Sumter,FL,Passenger,0,1,1,10,11,9.09
June 30 2022,Orange,FL,Passenger,4,0,4,114,118,3.39
January 31 2020,Twin Falls,ID,Passenger,0,1,1,30,31,3.23
May 31 2024,Albemarle,VA,Passenger,3,0,3,19,22,13.64
May 31 2017,Jefferson,NY,Passenger,1,1,2,253,255,0.78
February 29 2024,Los Angeles,CA,Passenger,15,4,19,686,705,2.70
July 31 2021,Placer,CA,Passenger,2,0,2,91,93,2.15
April 30 2023,Jefferson,WA,Truck,9,0,9,9312,9321,0.10
November 30 2018,Marion,OR,Passenger,1,0,1,129,130,0.77
June 30 2019,Lake,FL,Passenger,1,0,1,26,27,3.70
May 31 2022,Nassau,NY,Passenger,4,0,4,38,42,9.52
August 31 2023,Cache,UT,Passenger,1,0,1,13,14,7.14
February 28 2022,Lincoln,OR,Passenger,0,1,1,38,39,2.56
July 31 2018,Twin Falls,ID,Passenger,0,1,1,25,26,3.85
June 30 2020,Skamania,WA,Truck,0,0,0,4012,4012,0.00
December 31 2021,Dallas,TX,Passenger,1,0,1,168,169,0.59
June 30 2022,Miami-Dade,FL,Passenger,1,0,1,102,103,0.97
February 28 2017,San Juan,WA,Passenger,88,31,119,13398,13517,0.88
April 30 2020,Walla Walla,WA,Passenger,69,63,132,35966,36098,0.37
May 31 2023,Kane,IL,Passenger,1,0,1,10,11,9.09
April 30 2017,Ventura,CA,Passenger,0,1,1,380,381,0.26
December 31 2018,Douglas,WA,Truck,0,0,0,12158,12158,0.00
October 31 2022,Orange,NC,Passenger,1,0,1,7,8,12.50
August 31 2019,Ventura,CA,Passenger,0,2,2,329,331,0.60
April 30 2025,Providence,RI,Passenger,1,0,1,16,17,5.88
March 31 2017,Okanogan,WA,Passenger,3,16,19,25634,25653,0.07
June 30 2020,Skagit,WA,Passenger,409,221,630,91065,91695,0.69
May 31 2025,Thurston,WA,Truck,251,0,251,51667,51918,0.48
August 31 2022,Charles,MD,Passenger,1,1,2,59,61,3.28
March 31 2021,Asotin,WA,Passenger,17,14,31,12546,12577,0.25
April 30 2020,Grant,WA,Truck,0,0,0,26983,26983,0.00
December 31 2023,Baltimore,MD,Passenger,1,0,1,74,75,1.33
September 30 2023,Washington,OR,Passenger,3,0,3,285,288,1.04
November 30 2023,Anchorage,AK,Passenger,1,0,1,108,109,0.92
July 31 2021,Montgomery,TX,Passenger,2,1,3,51,54,5.56
March 31 2024,Atlantic,NJ,Passenger,1,0,1,6,7,14.29
January 31 2022,Louisa,VA,Passenger,0,1,1,1,2,50.00
January 31 2017,Polk,FL,Passenger,1,0,1,67,68,1.47
March 31 2021,Rogers,OK,Passenger,1,0,1,10,11,9.09
November 30 2021,Kittitas,WA,Passenger,195,76,271,29802,30073,0.90
October 31 2017,Clallam,WA,Truck,0,0,0,21149,21149,0.00
March 31 2022,Lee,FL,Passenger,1,0,1,46,47,2.13
March 31 2020,San Mateo,CA,Passenger,1,1,2,136,138,1.45
August 31 2022,Clark,WA,Passenger,4342,1852,6194,314707,320901,1.93
December 31 2024,Montgomery,OH,Passenger,0,1,1,38,39,2.56
August 31 2024,Sacramento,CA,Truck,1,0,1,28,29,3.45
August 31 2021,Douglas,CO,Passenger,1,1,2,86,88,2.27
October 31 2018,Asotin,WA,Truck,0,0,0,6631,6631,0.00
May 31 2022,Medina,TX,Passenger,1,0,1,9,10,10.00
February 28 2017,Columbia,WA,Passenger,0,1,1,2338,2339,0.04
December 31 2023,Sarasota,FL,Passenger,1,0,1,33,34,2.94
August 31 2024,Harnett,NC,Passenger,4,1,5,132,137,3.65
July 31 2019,Randolph,NC,Passenger,1,0,1,5,6,16.67
January 31 2021,Montgomery,TX,Passenger,2,0,2,57,59,3.39
September 30 2024,Davidson,TN,Passenger,1,0,1,36,37,2.70
February 28 2019,Deschutes,OR,Passenger,3,0,3,179,182,1.65
April 30 2025,Columbia,GA,Passenger,1,1,2,72,74,2.70
September 30 2017,Chelan,WA,Truck,0,0,0,21407,21407,0.00
March 31 2018,Montgomery,MD,Passenger,1,0,1,305,306,0.33
September 30 2023,Hays,TX,Passenger,1,0,1,9,10,10.00
March 31 2020,Orange,CA,Passenger,8,2,10,549,559,1.79
June 30 2021,Ferry,WA,Truck,0,0,0,3642,3642,0.00
December 31 2023,Moore,NC,Passenger,0,1,1,124,125,0.80
June 30 2017,Fulton,GA,Passenger,1,0,1,117,118,0.85
February 28 2017,Spokane,WA,Truck,1,0,1,90215,90216,0.00
February 28 2019,Montgomery,MD,Passenger,1,0,1,291,292,0.34
September 30 2017,Skagit,WA,Passenger,149,120,269,88617,88886,0.30
December 31 2020,Ferry,WA,Truck,0,0,0,3603,3603,0.00
June 30 2018,Jefferson,WA,Passenger,144,97,241,24433,24674,0.98
February 28 2023,Wichita,TX,Passenger,1,0,1,39,40,2.50
March 31 2019,Eagle,CO,Passenger,1,0,1,5,6,16.67
June 30 2023,Whatcom,WA,Truck,57,0,57,42665,42722,0.13
December 31 2021,Flathead,MT,Passenger,2,0,2,59,61,3.28
March 31 2022,Prince William,VA,Passenger,0,4,4,206,210,1.90
August 31 2020,Yakima,WA,Passenger,146,122,268,166016,166284,0.16
June 30 2017,Spokane,WA,Passenger,253,208,461,296689,297150,0.16
December 31 2019,Snohomish,WA,Truck,0,0,0,123204,123204,0.00
November 30 2022,Orange,FL,Passenger,3,0,3,103,106,2.83
March 31 2023,Saratoga,NY,Passenger,1,1,2,50,52,3.85
January 31 2017,Adams,WA,Passenger,1,1,2,12171,12173,0.02
May 31 2020,Richland,SC,Passenger,0,1,1,154,155,0.65
October 31 2019,Spartanburg,SC,Passenger,0,1,1,46,47,2.13
May 31 2018,Northampton,PA,Passenger,0,1,1,60,61,1.64
November 30 2023,Okanogan,WA,Truck,8,0,8,16326,16334,0.05
July 31 2022,Whatcom,WA,Truck,11,0,11,43150,43161,0.03
November 30 2021,Ferry,WA,Truck,0,0,0,3599,3599,0.00
April 30 2024,Galveston,TX,Passenger,1,1,2,20,22,9.09
May 31 2022,Collier,FL,Passenger,1,0,1,21,22,4.55
November 30 2018,Norfolk,MA,Passenger,1,0,1,39,40,2.50
March 31 2017,Hawaii,HI,Passenger,1,0,1,93,94,1.06
January 31 2018,Adams,WA,Truck,0,0,0,5145,5145,0.00
April 30 2025,Montgomery,AL,Passenger,1,1,2,23,25,8.00
July 31 2018,Adams,WA,Truck,0,0,0,5156,5156,0.00
October 31 2020,DuPage,IL,Passenger,4,1,5,61,66,7.58
July 31 2023,Sarasota,FL,Passenger,1,0,1,37,38,2.63
October 31 2021,Loudoun,VA,Passenger,1,0,1,74,75,1.33
January 31 2023,Clark,WA,Passenger,5067,2070,7137,313844,320981,2.22
August 31 2023,Palm Beach,FL,Passenger,3,1,4,52,56,7.14
February 28 2022,Nueces,TX,Passenger,1,0,1,72,73,1.37
August 31 2017,Stevens,WA,Truck,0,0,0,18202,18202,0.00
September 30 2019,Stevens,WA,Passenger,27,28,55,31633,31688,0.17
May 31 2024,Pierce,WA,Truck,306,0,306,133407,133713,0.23
May 31 2018,Duval,FL,Passenger,1,2,3,383,386,0.78
July 31 2023,Clay,FL,Passenger,1,0,1,77,78,1.28
August 31 2020,Pima,AZ,Passenger,3,1,4,381,385,1.04
June 30 2024,Nueces,TX,Passenger,2,0,2,59,61,3.28
August 31 2020,Franklin,WA,Truck,0,0,0,20170,20170,0.00
October 31 2022,Wahkiakum,WA,Truck,1,0,1,1798,1799,0.06
July 31 2022,Douglas,CO,Passenger,1,1,2,88,90,2.22
February 29 2024,Weld,CO,Passenger,1,0,1,17,18,5.56
February 28 2023,Salt Lake,UT,Passenger,2,1,3,155,158,1.90
June 30 2023,Dallas,TX,Truck,1,0,1,11,12,8.33
March 31 2020,Clark,WA,Passenger,1982,1063,3045,320048,323093,0.94
September 30 2017,Multnomah,OR,Passenger,1,3,4,949,953,0.42
November 30 2018,Essex,MA,Passenger,1,0,1,29,30,3.33
June 30 2020,Garfield,WA,Truck,0,0,0,972,972,0.00
May 31 2024,Tarrant,TX,Passenger,2,0,2,115,117,1.71
December 31 2017,Polk,FL,Passenger,1,0,1,66,67,1.49
September 30 2017,Mason,WA,Passenger,61,70,131,44160,44291,0.30
July 31 2023,Clark,WA,Passenger,6048,2373,8421,312745,321166,2.62
August 31 2020,Kittitas,WA,Truck,0,0,0,14554,14554,0.00
January 31 2020,Okanogan,WA,Passenger,32,30,62,26204,26266,0.24
February 28 2023,Lee,FL,Passenger,1,0,1,43,44,2.27
March 31 2025,Manassas,VA,Passenger,1,0,1,6,7,14.29
June 30 2021,Louisa,VA,Passenger,0,1,1,1,2,50.00
June 30 2017,Kent,MI,Passenger,0,1,1,39,40,2.50
November 30 2022,Dallas,TX,Passenger,1,0,1,124,125,0.80
December 31 2018,Kent,MI,Passenger,0,1,1,27,28,3.57
January 31 2019,Whatcom,WA,Passenger,779,373,1152,149625,150777,0.76
December 31 2018,Kitsap,WA,Truck,1,0,1,53614,53615,0.00
May 31 2024,King,WA,Passenger,77996,18946,96942,1306939,1403881,6.91
June 30 2021,Lake,IL,Passenger,2,0,2,166,168,1.19
August 31 2020,Okaloosa,FL,Passenger,0,1,1,147,148,0.68
November 30 2023,Anne Arundel,MD,Truck,1,0,1,43,44,2.27
June 30 2021,Prince George's,MD,Passenger,2,1,3,156,159,1.89
March 31 2023,Gwinnett,GA,Passenger,1,0,1,64,65,1.54
October 31 2019,New Haven,CT,Passenger,0,2,2,46,48,4.17
January 31 2020,Wahkiakum,WA,Truck,0,0,0,1757,1757,0.00
August 31 2018,Lewis,WA,Truck,0,0,0,25600,25600,0.00
April 30 2024,Ventura,CA,Passenger,4,2,6,229,235,2.55
July 31 2021,Miami-Dade,FL,Passenger,1,0,1,117,118,0.85
January 31 2025,Lewis,WA,Passenger,605,445,1050,60160,61210,1.72
October 31 2023,Wayne,MI,Passenger,0,1,1,41,42,2.38
December 31 2020,Grays Harbor,WA,Passenger,127,122,249,48621,48870,0.51
April 30 2019,Clallam,WA,Passenger,160,132,292,50440,50732,0.58
June 30 2020,Multnomah,OR,Passenger,4,7,11,779,790,1.39
November 30 2022,Montgomery,TX,Passenger,1,0,1,42,43,2.33
September 30 2023,Washoe,NV,Passenger,4,0,4,64,68,5.88
June 30 2020,St. Mary's,MD,Passenger,1,0,1,232,233,0.43
June 30 2021,Manassas,VA,Passenger,0,1,1,7,8,12.50
September 30 2023,Orange,NC,Passenger,1,0,1,7,8,12.50
August 31 2020,Columbia,WA,Truck,0,0,0,1524,1524,0.00
February 28 2018,Okanogan,WA,Passenger,7,19,26,25646,25672,0.10
September 30 2022,Orange,NY,Passenger,0,1,1,52,53,1.89
July 31 2019,Harrison,MS,Passenger,1,0,1,62,63,1.59
September 30 2019,Berkshire,MA,Passenger,0,1,1,6,7,14.29
July 31 2017,Missoula,MT,Passenger,1,0,1,73,74,1.35
July 31 2017,Lincoln,WA,Passenger,2,5,7,7514,7521,0.09
June 30 2022,Adams,WA,Passenger,17,10,27,12891,12918,0.21
March 31 2017,Dane,WI,Passenger,1,0,1,160,161,0.62
January 31 2022,Anchorage,AK,Passenger,2,0,2,153,155,1.29
March 31 2018,Contra Costa,CA,Passenger,0,1,1,458,459,0.22
January 31 2024,Palm Beach,FL,Passenger,2,0,2,45,47,4.26
September 30 2024,Cowlitz,WA,Passenger,782,301,1083,69750,70833,1.53
June 30 2024,Asotin,WA,Passenger,50,26,76,12212,12288,0.62
July 31 2022,Santa Cruz,CA,Passenger,1,0,1,28,29,3.45
December 31 2021,Yakima,WA,Passenger,286,173,459,168577,169036,0.27
October 31 2023,Isle of Wight,VA,Passenger,0,1,1,18,19,5.26
May 31 2022,Lake,IN,Passenger,0,1,1,11,12,8.33
March 31 2019,Moore,NC,Passenger,0,1,1,178,179,0.56
September 30 2021,DuPage,IL,Passenger,3,1,4,61,65,6.15
February 28 2022,Juneau,AK,Passenger,0,1,1,35,36,2.78
May 31 2018,Clallam,WA,Passenger,119,110,229,49770,49999,0.46
February 28 2022,New Haven,CT,Passenger,0,2,2,32,34,5.88
June 30 2022,Yakima,WA,Passenger,336,190,526,166785,167311,0.31
August 31 2020,Miami-Dade,FL,Passenger,1,0,1,118,119,0.84
October 31 2022,Goochland,VA,Passenger,2,2,4,146,150,2.67
January 31 2021,Jones,GA,Passenger,1,0,1,0,1,100.00
May 31 2024,Lincoln,OR,Passenger,1,0,1,25,26,3.85
December 31 2024,San Diego,CA,Truck,1,0,1,398,399,0.25
September 30 2017,Walla Walla,WA,Truck,0,0,0,13237,13237,0.00
March 31 2022,Kings,CA,Passenger,2,0,2,318,320,0.62
May 31 2025,Burlington,NJ,Passenger,0,1,1,61,62,1.61
December 31 2022,Virginia Beach,VA,Passenger,3,1,4,544,548,0.73
May 31 2018,Wahkiakum,WA,Passenger,1,2,3,2904,2907,0.10
December 31 2020,Prince George's,MD,Passenger,2,1,3,163,166,1.81
June 30 2019,Washoe,NV,Passenger,2,0,2,123,125,1.60
April 30 2019,Wahkiakum,WA,Passenger,1,1,2,3011,3013,0.07
February 28 2021,Orange,CA,Passenger,6,3,9,491,500,1.80
June 30 2018,Pend Oreille,WA,Passenger,5,5,10,9547,9557,0.10
August 31 2022,Burlington,NJ,Passenger,0,2,2,100,102,1.96
November 30 2024,Monterey,CA,Passenger,1,6,7,127,134,5.22
June 30 2023,Middlesex,CT,Passenger,1,0,1,10,11,9.09
May 31 2017,Bergen,NJ,Passenger,0,2,2,31,33,6.06
April 30 2019,Chelan,WA,Passenger,147,66,213,54284,54497,0.39
June 30 2020,Pinellas,FL,Passenger,1,1,2,124,126,1.59
June 30 2024,St. Louis,MO,Passenger,1,0,1,52,53,1.89
July 31 2021,Yakima,WA,Passenger,237,161,398,169154,169552,0.23
November 30 2022,Pend Oreille,WA,Truck,0,0,0,5594,5594,0.00
August 31 2021,Yakima,WA,Truck,0,0,0,61728,61728,0.00
November 30 2020,Stevens,WA,Truck,0,0,0,18647,18647,0.00
October 31 2020,El Paso,CO,Passenger,3,1,4,726,730,0.55
May 31 2021,Montgomery,PA,Passenger,1,0,1,27,28,3.57
September 30 2023,Chelan,WA,Truck,34,0,34,23174,23208,0.15
November 30 2017,Fulton,GA,Passenger,1,0,1,111,112,0.89
July 31 2018,Stevens,WA,Truck,0,0,0,18632,18632,0.00
November 30 2018,Prince William,VA,Passenger,0,5,5,251,256,1.95
October 31 2022,Garfield,WA,Truck,0,0,0,972,972,0.00
March 31 2018,Manassas,VA,Passenger,0,1,1,8,9,11.11
December 31 2023,Clark,WA,Passenger,7146,2641,9787,313086,322873,3.03
December 31 2022,Bryan,GA,Passenger,0,1,1,37,38,2.63
December 31 2018,Madison,ID,Passenger,1,0,1,33,34,2.94
July 31 2021,Jones,GA,Passenger,1,0,1,0,1,100.00
October 31 2024,Frederick,MD,Passenger,1,2,3,45,48,6.25
October 31 2022,Cowlitz,WA,Passenger,381,183,564,70124,70688,0.80
November 30 2023,Virginia Beach,VA,Passenger,6,3,9,493,502,1.79
January 31 2023,Baltimore,MD,Passenger,1,0,1,76,77,1.30
September 30 2020,Grant,WA,Truck,0,0,0,27288,27288,0.00
April 30 2023,Washington,OR,Passenger,2,0,2,304,306,0.65
March 31 2018,Deschutes,OR,Passenger,1,0,1,185,186,0.54
August 31 2018,Contra Costa,CA,Passenger,0,1,1,432,433,0.23
October 31 2018,Columbia,WA,Truck,0,0,0,1518,1518,0.00
March 31 2023,Benton,WA,Truck,16,0,16,43290,43306,0.04
February 29 2020,Deschutes,OR,Passenger,4,0,4,160,164,2.44
August 31 2021,Marion,IN,Passenger,1,0,1,50,51,1.96
May 31 2020,Guadalupe,TX,Passenger,1,0,1,67,68,1.47
January 31 2024,Adams,CO,Passenger,1,0,1,33,34,2.94
April 30 2018,Morris,NJ,Passenger,1,0,1,17,18,5.56
February 28 2025,Jefferson,WA,Truck,37,0,37,9019,9056,0.41
February 29 2024,San Juan,WA,Passenger,708,206,914,13631,14545,6.28
February 28 2017,Salt Lake,UT,Passenger,1,1,2,339,341,0.59
November 30 2018,Tulsa,OK,Passenger,1,0,1,55,56,1.79
December 31 2020,Carson City,NV,Passenger,1,0,1,14,15,6.67
April 30 2023,Medina,TX,Passenger,1,0,1,7,8,12.50
August 31 2021,Santa Cruz,CA,Passenger,1,0,1,30,31,3.23
February 28 2025,Clatsop,OR,Passenger,1,0,1,33,34,2.94
December 31 2020,San Juan,WA,Passenger,365,112,477,14006,14483,3.29
September 30 2024,Wake,NC,Passenger,5,2,7,91,98,7.14
July 31 2017,Charles,MD,Passenger,0,1,1,87,88,1.14
January 31 2018,New Haven,CT,Passenger,0,1,1,54,55,1.82
July 31 2024,Pinal,AZ,Passenger,3,1,4,83,87,4.60
March 31 2025,Hunt,TX,Passenger,1,0,1,4,5,20.00
September 30 2020,Monroe,IL,Passenger,1,0,1,2,3,33.33
September 30 2020,Nassau,FL,Passenger,1,0,1,39,40,2.50
June 30 2024,Shelby,AL,Passenger,2,0,2,2,4,50.00
November 30 2023,Ulster,NY,Passenger,1,0,1,8,9,11.11
September 30 2021,Lane,OR,Passenger,0,1,1,144,145,0.69
July 31 2023,Williamsburg,VA,Passenger,0,1,1,6,7,14.29
July 31 2019,Grays Harbor,WA,Passenger,82,85,167,47973,48140,0.35
August 31 2022,Williams,ND,Passenger,0,1,1,7,8,12.50
September 30 2021,St. Louis,MO,Passenger,1,0,1,87,88,1.14
November 30 2023,Madison,IL,Passenger,2,0,2,16,18,11.11
June 30 2019,Denver,CO,Passenger,1,0,1,144,145,0.69
January 31 2025,Asotin,WA,Passenger,61,32,93,12222,12315,0.76
March 31 2018,Okanogan,WA,Truck,0,0,0,16331,16331,0.00
May 31 2022,Wake,NC,Passenger,1,1,2,125,127,1.57
September 30 2021,Lewis,WA,Passenger,184,151,335,59529,59864,0.56
December 31 2019,Grays Harbor,WA,Passenger,105,100,205,48373,48578,0.42
April 30 2017,Latah,ID,Passenger,0,1,1,124,125,0.80
September 30 2020,Leavenworth,KS,Passenger,0,1,1,109,110,0.91
April 30 2022,Washington,WI,Passenger,1,0,1,2,3,33.33
July 31 2020,Harrison,MS,Passenger,1,0,1,51,52,1.92
September 30 2018,Garfield,WA,Passenger,1,1,2,1321,1323,0.15
January 31 2018,Kent,MI,Passenger,0,1,1,37,38,2.63
March 31 2020,Moore,NC,Passenger,0,1,1,170,171,0.58
May 31 2022,Montgomery,TX,Passenger,2,0,2,45,47,4.26
March 31 2020,Fresno,CA,Passenger,2,0,2,210,212,0.94
December 31 2022,Tarrant,TX,Passenger,2,0,2,132,134,1.49
September 30 2024,Duval,FL,Truck,1,0,1,51,52,1.92
February 28 2025,Chelan,WA,Truck,85,0,85,22831,22916,0.37
June 30 2020,Wahkiakum,WA,Truck,0,0,0,1735,1735,0.00
June 30 2023,Island,WA,Truck,29,0,29,20909,20938,0.14
November 30 2020,Harnett,NC,Passenger,1,0,1,210,211,0.47
July 31 2023,Boulder,CO,Passenger,2,0,2,36,38,5.26
March 31 2023,El Paso,TX,Passenger,2,1,3,353,356,0.84
December 31 2019,Pend Oreille,WA,Passenger,7,7,14,9500,9514,0.15
August 31 2024,Whitman,WA,Truck,11,0,11,8625,8636,0.13
May 31 2017,Lincoln,WA,Truck,0,0,0,4457,4457,0.00
February 28 2021,Stafford,VA,Passenger,2,1,3,104,107,2.80
November 30 2019,Camden,NJ,Passenger,0,1,1,19,20,5.00
August 31 2023,Anne Arundel,MD,Passenger,4,3,7,321,328,2.13
April 30 2019,Sumter,FL,Passenger,0,1,1,10,11,9.09
February 28 2025,Lee,AL,Passenger,1,0,1,15,16,6.25
January 31 2024,Will,IL,Passenger,0,1,1,16,17,5.88
November 30 2023,Jefferson,NY,Passenger,2,0,2,189,191,1.05
June 30 2024,Columbia,GA,Passenger,1,1,2,81,83,2.41
May 31 2020,Rogers,OK,Passenger,1,0,1,11,12,8.33
December 31 2019,Columbia,WA,Passenger,3,3,6,2450,2456,0.24
September 30 2020,Thurston,WA,Truck,0,0,0,56040,56040,0.00
September 30 2020,Bartow,GA,Passenger,0,1,1,5,6,16.67
December 31 2022,Platte,MO,Passenger,1,1,2,22,24,8.33
August 31 2020,Stafford,VA,Passenger,1,1,2,100,102,1.96
March 31 2025,Frederick,MD,Passenger,1,2,3,41,44,6.82
December 31 2022,Bexar,TX,Passenger,6,3,9,484,493,1.83
December 31 2022,Island,WA,Truck,16,0,16,21078,21094,0.08
May 31 2024,Pulaski,MO,Passenger,3,0,3,95,98,3.06
June 30 2020,Vigo,IN,Passenger,1,0,1,5,6,16.67
October 31 2022,Whitman,WA,Truck,3,0,3,8586,8589,0.03
March 31 2019,Valencia,NM,Passenger,1,0,1,11,12,8.33
May 31 2017,Grant,WA,Passenger,20,25,45,60660,60705,0.07
April 30 2019,Boulder,CO,Passenger,1,0,1,52,53,1.89
March 31 2018,Bexar,TX,Passenger,2,2,4,803,807,0.50
January 31 2020,Dallas,TX,Passenger,1,0,1,221,222,0.45
March 31 2022,Sonoma,CA,Passenger,0,1,1,94,95,1.05
January 31 2019,Columbia,WA,Passenger,2,2,4,2424,2428,0.16
March 31 2023,Orange,NC,Passenger,1,0,1,8,9,11.11
July 31 2018,Queens,NY,Passenger,1,0,1,65,66,1.52
May 31 2019,Lumpkin,GA,Passenger,1,0,1,4,5,20.00
January 31 2017,Essex,MA,Passenger,1,0,1,30,31,3.23
September 30 2024,Alexandria,VA,Passenger,3,0,3,87,90,3.33
February 29 2020,Garfield,WA,Passenger,0,1,1,1348,1349,0.07
November 30 2022,St. Mary's,MD,Passenger,2,0,2,212,214,0.93
June 30 2020,Harnett,NC,Passenger,1,0,1,215,216,0.46
December 31 2021,St. Mary's,MD,Passenger,1,0,1,229,230,0.43
August 31 2018,San Juan,WA,Passenger,152,66,218,14142,14360,1.52
May 31 2020,Owyhee,ID,Passenger,1,0,1,3,4,25.00
October 31 2023,Hunt,TX,Passenger,1,0,1,4,5,20.00
September 30 2022,San Juan,WA,Passenger,534,163,697,13980,14677,4.75
September 30 2024,Harris,TX,Passenger,1,2,3,137,140,2.14
July 31 2019,Contra Costa,CA,Passenger,2,2,4,365,369,1.08
December 31 2024,Howard,MD,Passenger,1,2,3,52,55,5.45
July 31 2024,York,VA,Passenger,2,0,2,66,68,2.94
November 30 2018,Stevens,WA,Passenger,16,27,43,31761,31804,0.14
January 31 2019,Pacific,WA,Passenger,22,26,48,15874,15922,0.30
July 31 2023,Charleston,SC,Passenger,0,2,2,67,69,2.90
June 30 2020,Anne Arundel,MD,Passenger,0,1,1,413,414,0.24
February 28 2021,Moore,NC,Passenger,0,1,1,152,153,0.65
November 30 2019,Juneau,AK,Passenger,0,2,2,34,36,5.56
May 31 2025,Williamsburg,VA,Passenger,0,1,1,2,3,33.33
November 30 2024,Garfield,WA,Passenger,0,3,3,1298,1301,0.23
April 30 2025,Monterey,CA,Passenger,1,4,5,119,124,4.03
October 31 2020,Owyhee,ID,Passenger,1,0,1,3,4,25.00
August 31 2022,Boulder,CO,Passenger,2,0,2,46,48,4.17
January 31 2023,Riverside,CA,Passenger,10,1,11,518,529,2.08
March 31 2024,Portsmouth,VA,Passenger,0,3,3,65,68,4.41
August 31 2018,Santa Clara,CA,Passenger,8,0,8,406,414,1.93
March 31 2022,Pennington,SD,Passenger,2,0,2,33,35,5.71
January 31 2023,Stafford,VA,Passenger,3,1,4,90,94,4.26
July 31 2017,Pinal,AZ,Passenger,2,0,2,247,249,0.80
September 30 2023,Nassau,NY,Passenger,2,0,2,30,32,6.25
May 31 2019,St. Clair,IL,Passenger,0,1,1,170,171,0.58
May 31 2018,Sumter,FL,Passenger,0,1,1,9,10,10.00
March 31 2024,Lee,AL,Passenger,1,0,1,16,17,5.88
January 31 2025,Adams,WA,Truck,6,0,6,5353,5359,0.11
December 31 2023,Travis,TX,Passenger,3,3,6,100,106,5.66
January 31 2022,Platte,MO,Passenger,1,1,2,20,22,9.09
April 30 2022,Grays Harbor,WA,Passenger,200,158,358,49149,49507,0.72
May 31 2019,Adams,WA,Truck,0,0,0,5119,5119,0.00
February 28 2025,Skagit,WA,Passenger,1852,650,2502,87768,90270,2.77
June 30 2021,Montgomery,MD,Passenger,2,1,3,239,242,1.24
August 31 2018,Snohomish,WA,Truck,1,0,1,121674,121675,0.00
May 31 2021,Ferry,WA,Truck,0,0,0,3659,3659,0.00
August 31 2017,Franklin,MA,Passenger,0,1,1,5,6,16.67
February 28 2022,Lane,OR,Passenger,0,1,1,135,136,0.74
April 30 2024,Brown,WI,Passenger,1,0,1,3,4,25.00
October 31 2018,Sumter,FL,Passenger,0,1,1,10,11,9.09
March 31 2018,Douglas,WA,Passenger,42,33,75,27412,27487,0.27
July 31 2017,Nantucket,MA,Passenger,1,0,1,3,4,25.00
February 28 2025,San Francisco,CA,Passenger,2,1,3,56,59,5.08
August 31 2020,Collier,FL,Passenger,1,0,1,27,28,3.57
December 31 2020,Cumberland,NC,Passenger,1,3,4,447,451,0.89
April 30 2017,Kittitas,WA,Truck,0,0,0,13484,13484,0.00
January 31 2019,Santa Clara,CA,Passenger,8,1,9,401,410,2.20
November 30 2018,Howard,MD,Passenger,0,1,1,93,94,1.06
November 30 2020,Cameron,TX,Passenger,1,0,1,24,25,4.00
September 30 2019,Travis,TX,Passenger,5,1,6,224,230,2.61
February 28 2025,Saratoga,NY,Passenger,1,1,2,35,37,5.41
November 30 2020,El Paso,TX,Passenger,2,0,2,411,413,0.48
April 30 2024,Placer,CA,Passenger,2,0,2,71,73,2.74
July 31 2019,Pueblo,CO,Passenger,1,0,1,31,32,3.12
December 31 2018,Juneau,AK,Passenger,0,1,1,49,50,2.00
March 31 2022,Jefferson,WA,Passenger,408,209,617,24643,25260,2.44
November 30 2022,Pacific,WA,Truck,1,0,1,7835,7836,0.01
March 31 2025,Geary,KS,Truck,1,0,1,20,21,4.76
August 31 2021,Albemarle,VA,Passenger,2,0,2,27,29,6.90
September 30 2021,Owyhee,ID,Passenger,1,0,1,2,3,33.33
July 31 2024,Utah,UT,Passenger,1,0,1,80,81,1.23
May 31 2022,Galveston,TX,Passenger,0,1,1,21,22,4.55
December 31 2021,Mercer,NJ,Passenger,0,1,1,12,13,7.69
May 31 2025,Sussex,NJ,Passenger,1,0,1,0,1,100.00
August 31 2022,Stevens,WA,Passenger,76,56,132,29931,30063,0.44
June 30 2017,Whatcom,WA,Truck,2,0,2,41605,41607,0.00
January 31 2021,Island,WA,Passenger,527,293,820,62722,63542,1.29
February 28 2025,Portsmouth,VA,Passenger,0,2,2,57,59,3.39
December 31 2023,Whitman,WA,Passenger,199,99,298,21850,22148,1.35
December 31 2021,Hamilton,OH,Passenger,1,0,1,46,47,2.13
August 31 2022,Charleston,SC,Passenger,1,2,3,73,76,3.95
November 30 2020,Gwinnett,GA,Passenger,1,0,1,74,75,1.33
May 31 2017,Benton,WA,Passenger,146,142,288,128249,128537,0.22
March 31 2024,Washington,OR,Passenger,3,0,3,253,256,1.17
May 31 2021,Kittitas,WA,Passenger,154,62,216,29956,30172,0.72
June 30 2018,Utah,UT,Passenger,0,1,1,150,151,0.66
June 30 2023,King,WA,Passenger,57548,14671,72219,1321776,1393995,5.18
May 31 2023,Henrico,VA,Passenger,1,1,2,17,19,10.53
October 31 2020,Norfolk,VA,Passenger,2,3,5,329,334,1.50
July 31 2021,Orange,FL,Passenger,3,0,3,130,133,2.26
April 30 2024,Hartford,CT,Passenger,1,0,1,23,24,4.17
July 31 2021,Hanover,VA,Passenger,1,0,1,2,3,33.33
January 31 2022,Deschutes,OR,Passenger,2,0,2,132,134,1.49
November 30 2019,DuPage,IL,Passenger,3,0,3,67,70,4.29
July 31 2023,Whitman,WA,Passenger,159,79,238,21873,22111,1.08
February 28 2023,Orange,NY,Passenger,0,1,1,47,48,2.08
January 31 2021,St. Mary's,MD,Passenger,1,0,1,232,233,0.43
June 30 2024,Johnson,MO,Passenger,1,0,1,27,28,3.57
December 31 2024,Wahkiakum,WA,Passenger,45,28,73,3029,3102,2.35
December 31 2017,Essex,MA,Passenger,1,0,1,26,27,3.70
April 30 2019,Whitman,WA,Passenger,29,45,74,22692,22766,0.33
July 31 2021,Ventura,CA,Passenger,1,3,4,294,298,1.34
January 31 2022,Carroll,MD,Passenger,0,1,1,17,18,5.56
May 31 2023,Richmond,GA,Passenger,0,1,1,64,65,1.54
January 31 2023,Stevens,WA,Passenger,95,56,151,29822,29973,0.50
September 30 2024,Benton,WA,Truck,53,0,53,42958,43011,0.12
April 30 2022,Whatcom,WA,Passenger,1776,713,2489,148759,151248,1.65
September 30 2017,Portsmouth,VA,Passenger,0,1,1,67,68,1.47
March 31 2023,Polk,OR,Passenger,1,1,2,22,24,8.33
March 31 2022,Wichita,TX,Passenger,1,0,1,44,45,2.22
October 31 2022,Fairfax,VA,Truck,1,0,1,106,107,0.93
May 31 2019,Owyhee,ID,Passenger,1,0,1,5,6,16.67
April 30 2019,Bucks,PA,Passenger,1,0,1,22,23,4.35
August 31 2019,Pend Oreille,WA,Truck,0,0,0,5719,5719,0.00
March 31 2024,Galveston,TX,Passenger,1,1,2,19,21,9.52
May 31 2021,Columbia,WA,Passenger,6,3,9,2475,2484,0.36
August 31 2017,Saratoga,NY,Passenger,1,1,2,72,74,2.70
September 30 2024,Mason,WA,Passenger,695,275,970,45982,46952,2.07
December 31 2020,Solano,CA,Passenger,1,0,1,216,217,0.46
November 30 2024,Columbia,GA,Passenger,1,1,2,80,82,2.44
February 28 2019,Thurston,WA,Passenger,780,593,1373,195681,197054,0.70
May 31 2020,Denver,CO,Passenger,1,0,1,131,132,0.76
September 30 2022,Charles,MD,Passenger,1,1,2,58,60,3.33
August 31 2020,Moore,NC,Passenger,0,2,2,166,168,1.19
November 30 2018,Nantucket,MA,Passenger,1,0,1,4,5,20.00
November 30 2019,Adams,WA,Truck,0,0,0,5177,5177,0.00
July 31 2017,Essex,MA,Passenger,1,0,1,26,27,3.70
September 30 2023,Osceola,FL,Passenger,1,0,1,23,24,4.17
January 31 2019,Kittitas,WA,Passenger,69,36,105,29454,29559,0.36
January 31 2020,San Francisco,CA,Passenger,2,2,4,109,113,3.54
July 31 2020,Washtenaw,MI,Passenger,1,0,1,39,40,2.50
August 31 2018,Thurston,WA,Passenger,601,516,1117,194069,195186,0.57
June 30 2019,Richland,SC,Passenger,0,1,1,156,157,0.64
September 30 2017,Santa Rosa,FL,Passenger,1,0,1,112,113,0.88
July 31 2024,Brevard,FL,Passenger,1,0,1,60,61,1.64
June 30 2021,Randolph,NC,Passenger,1,0,1,7,8,12.50
February 28 2018,Skagit,WA,Passenger,173,145,318,89716,90034,0.35
February 28 2019,Douglas,WA,Passenger,52,35,87,27926,28013,0.31
December 31 2021,Island,WA,Passenger,714,338,1052,62332,63384,1.66
June 30 2022,Pacific,WA,Truck,0,0,0,7902,7902,0.00
October 31 2023,Pueblo,CO,Passenger,1,0,1,20,21,4.76
January 31 2023,Norfolk,MA,Passenger,1,0,1,27,28,3.57
July 31 2023,Stevens,WA,Passenger,116,68,184,29499,29683,0.62
November 30 2024,Bergen,NJ,Passenger,1,0,1,6,7,14.29
March 31 2025,Monroe,WI,Passenger,2,0,2,7,9,22.22
March 31 2025,Kings,NY,Passenger,2,1,3,32,35,8.57
July 31 2024,Denton,TX,Passenger,1,0,1,44,45,2.22
September 30 2019,Whitman,WA,Passenger,36,45,81,22684,22765,0.36
December 31 2022,Deschutes,OR,Passenger,2,0,2,112,114,1.75
March 31 2019,Middlesex,MA,Passenger,1,0,1,116,117,0.85
August 31 2018,Spokane,WA,Truck,1,0,1,92995,92996,0.00
March 31 2017,Multnomah,OR,Passenger,0,3,3,1128,1131,0.27
March 31 2021,St. Louis,MO,Passenger,1,0,1,102,103,0.97
July 31 2024,Richmond,VA,Passenger,1,0,1,11,12,8.33
January 31 2020,Chelan,WA,Truck,0,0,0,22559,22559,0.00
May 31 2025,Geary,KS,Passenger,1,0,1,58,59,1.69
March 31 2024,Saratoga,NY,Passenger,1,1,2,43,45,4.44
September 30 2023,Flathead,MT,Passenger,1,0,1,33,34,2.94
February 29 2020,Cochise,AZ,Passenger,0,1,1,110,111,0.90
April 30 2020,Essex,MA,Passenger,1,0,1,27,28,3.57
February 29 2024,Snohomish,WA,Truck,305,0,305,120029,120334,0.25
April 30 2021,Williamson,TX,Passenger,0,2,2,151,153,1.31
December 31 2024,San Luis Obispo,CA,Passenger,0,1,1,40,41,2.44
December 31 2019,Whatcom,WA,Passenger,986,475,1461,151572,153033,0.95
December 31 2020,Washtenaw,MI,Passenger,1,1,2,36,38,5.26
April 30 2023,Flathead,MT,Passenger,1,0,1,42,43,2.33
February 28 2023,Fredericksburg,VA,Passenger,1,0,1,5,6,16.67
April 30 2020,Duval,FL,Passenger,0,2,2,368,370,0.54
January 31 2017,Clark,WA,Passenger,673,426,1099,297737,298836,0.37
October 31 2024,Manassas,VA,Passenger,1,0,1,6,7,14.29
February 29 2024,Richmond,VA,Passenger,1,0,1,11,12,8.33
November 30 2017,Lincoln,WA,Truck,0,0,0,4484,4484,0.00
November 30 2024,Newport,RI,Truck,1,0,1,9,10,10.00
December 31 2023,Klickitat,WA,Truck,14,0,14,8181,8195,0.17
April 30 2020,Prince William,VA,Passenger,2,4,6,222,228,2.63
March 31 2022,Pacific,WA,Passenger,61,68,129,15964,16093,0.80
March 31 2018,,,Passenger,2,2,4,440,444,0.90
December 31 2019,Santa Clara,CA,Passenger,11,2,13,386,399,3.26
November 30 2022,Asotin,WA,Truck,0,0,0,6656,6656,0.00
September 30 2018,Clallam,WA,Truck,0,0,0,21495,21495,0.00
April 30 2024,Alexandria,VA,Passenger,3,0,3,100,103,2.91
May 31 2024,Monterey,CA,Passenger,1,5,6,133,139,4.32
November 30 2020,Penobscot,ME,Passenger,0,2,2,12,14,14.29
June 30 2021,Douglas,WA,Passenger,93,48,141,28508,28649,0.49
February 28 2025,Duval,FL,Truck,1,0,1,46,47,2.13
December 31 2020,Los Angeles,CA,Passenger,10,11,21,1034,1055,1.99
August 31 2023,Pettis,MO,Passenger,1,0,1,5,6,16.67
June 30 2021,Thurston,WA,Passenger,1579,872,2451,197492,199943,1.23
May 31 2021,Plaquemines,LA,Passenger,0,1,1,17,18,5.56
March 31 2018,Thurston,WA,Passenger,517,432,949,190988,191937,0.49
August 31 2021,King,WA,Passenger,32249,9556,41805,1363662,1405467,2.97
May 31 2024,Dallas,TX,Truck,1,0,1,12,13,7.69
July 31 2024,Kootenai,ID,Truck,1,0,1,23,24,4.17
February 28 2017,Utah,UT,Passenger,0,1,1,180,181,0.55
September 30 2019,Columbia,WA,Truck,0,0,0,1536,1536,0.00
September 30 2022,Carroll,NH,Passenger,0,1,1,3,4,25.00
May 31 2021,Whatcom,WA,Passenger,1386,594,1980,150780,152760,1.30
January 31 2023,Escambia,FL,Passenger,0,1,1,147,148,0.68
October 31 2022,Honolulu,HI,Passenger,5,3,8,414,422,1.90
February 28 2022,Palm Beach,FL,Passenger,1,1,2,61,63,3.17
March 31 2018,Cook,IL,Passenger,1,0,1,290,291,0.34
January 31 2021,Pacific,WA,Truck,0,0,0,7794,7794,0.00
June 30 2023,Albemarle,VA,Passenger,3,0,3,20,23,13.04
April 30 2024,San Juan,WA,Truck,31,0,31,5891,5922,0.52
October 31 2024,San Diego,CA,Passenger,28,8,36,1948,1984,1.81
February 28 2025,Skamania,WA,Truck,10,0,10,3815,3825,0.26
August 31 2024,DuPage,IL,Passenger,6,1,7,30,37,18.92
August 31 2023,Polk,OR,Passenger,1,1,2,21,23,8.70
January 31 2024,Spokane,WA,Passenger,2949,1445,4394,321925,326319,1.35
April 30 2022,Wood,OH,Passenger,0,1,1,7,8,12.50
April 30 2023,Saginaw,MI,Passenger,0,1,1,5,6,16.67
April 30 2017,Volusia,FL,Passenger,0,1,1,49,50,2.00
March 31 2023,Washoe,NV,Passenger,3,0,3,72,75,4.00
November 30 2017,Garfield,WA,Passenger,1,0,1,1315,1316,0.08
March 31 2019,Ferry,WA,Passenger,3,2,5,4363,4368,0.11
May 31 2025,Escambia,FL,Passenger,1,1,2,97,99,2.02
August 31 2022,Whitman,WA,Passenger,94,62,156,21878,22034,0.71
April 30 2019,Oldham,KY,Passenger,0,1,1,5,6,16.67
December 31 2022,Pierce,WA,Truck,82,0,82,139132,139214,0.06
December 31 2021,Davidson,TN,Passenger,1,0,1,69,70,1.43
September 30 2017,Volusia,FL,Passenger,0,1,1,43,44,2.27
March 31 2019,Adams,WA,Passenger,4,6,10,12621,12631,0.08
April 30 2025,Richmond,GA,Passenger,0,1,1,38,39,2.56
January 31 2020,Muskogee,OK,Passenger,0,1,1,1,2,50.00
March 31 2025,Isle of Wight,VA,Passenger,0,1,1,13,14,7.14
January 31 2022,King,WA,Passenger,36299,10405,46704,1353719,1400423,3.33
February 28 2025,Okanogan,WA,Passenger,228,103,331,25931,26262,1.26
May 31 2024,Houston,GA,Passenger,1,0,1,33,34,2.94
June 30 2020,Twin Falls,ID,Passenger,0,1,1,26,27,3.70
September 30 2018,Cochise,AZ,Passenger,0,1,1,118,119,0.84
January 31 2022,Ulster,NY,Passenger,1,0,1,16,17,5.88
February 28 2021,Travis,TX,Passenger,4,4,8,190,198,4.04
November 30 2022,Davidson,TN,Passenger,1,0,1,59,60,1.67
January 31 2024,Otero,NM,Passenger,0,1,1,21,22,4.55
March 31 2023,Penobscot,ME,Passenger,0,1,1,9,10,10.00
April 30 2025,Dallas,TX,Truck,1,0,1,12,13,7.69
May 31 2025,Fairfax,VA,Passenger,16,9,25,484,509,4.91
September 30 2018,San Diego,CA,Passenger,8,3,11,2561,2572,0.43
January 31 2018,Juneau,AK,Passenger,0,1,1,46,47,2.13
October 31 2021,Carroll,NH,Passenger,0,1,1,3,4,25.00
February 28 2021,San Mateo,CA,Passenger,2,1,3,131,134,2.24
May 31 2019,Palm Beach,FL,Passenger,0,2,2,93,95,2.11
October 31 2022,Okanogan,WA,Passenger,94,49,143,26213,26356,0.54
June 30 2017,Lewis,WA,Passenger,51,36,87,55552,55639,0.16
December 31 2021,Pacific,WA,Truck,0,0,0,8010,8010,0.00
July 31 2022,Albemarle,VA,Passenger,3,0,3,23,26,11.54
May 31 2021,Washington,MD,Passenger,1,0,1,11,12,8.33
July 31 2021,Asotin,WA,Truck,0,0,0,6757,6757,0.00
September 30 2023,Benton,WA,Truck,30,0,30,43085,43115,0.07
July 31 2017,Utah,UT,Passenger,0,1,1,166,167,0.60
January 31 2020,Oklahoma,OK,Passenger,0,1,1,137,138,0.72
May 31 2024,Middlesex,CT,Passenger,1,0,1,7,8,12.50
January 31 2024,Laramie,WY,Passenger,1,0,1,32,33,3.03
August 31 2024,Pinellas,FL,Passenger,1,0,1,52,53,1.89
February 29 2024,Utah,UT,Passenger,2,0,2,94,96,2.08
January 31 2024,Pettis,MO,Passenger,1,0,1,4,5,20.00
July 31 2019,Clackamas,OR,Passenger,1,1,2,233,235,0.85
August 31 2022,Clallam,WA,Passenger,435,248,683,49450,50133,1.36
February 28 2019,Cook,IL,Passenger,1,0,1,255,256,0.39
November 30 2023,Isle of Wight,VA,Passenger,0,1,1,18,19,5.26
April 30 2024,Sarpy,NE,Passenger,1,1,2,64,66,3.03
November 30 2020,Lake,FL,Passenger,1,0,1,27,28,3.57
October 31 2019,New York,NY,Passenger,2,0,2,76,78,2.56
April 30 2025,Albemarle,VA,Passenger,2,0,2,17,19,10.53
August 31 2017,Lake,CA,Passenger,0,1,1,15,16,6.25
April 30 2025,Skagit,WA,Truck,89,0,89,31086,31175,0.29
September 30 2024,Chesterfield,VA,Passenger,1,0,1,39,40,2.50
November 30 2022,Chesterfield,VA,Passenger,1,0,1,45,46,2.17
October 31 2020,Boone,MO,Passenger,0,1,1,10,11,9.09
January 31 2017,Howard,MD,Passenger,0,2,2,91,93,2.15
January 31 2018,DuPage,IL,Passenger,1,0,1,66,67,1.49
November 30 2022,Collier,FL,Passenger,1,0,1,19,20,5.00
March 31 2024,Garfield,OK,Passenger,1,0,1,19,20,5.00
March 31 2020,Arapahoe,CO,Passenger,1,0,1,149,150,0.67
November 30 2023,Kings,NY,Passenger,3,0,3,48,51,5.88
January 31 2025,El Paso,CO,Passenger,9,8,17,430,447,3.80
January 31 2020,Fort Bend,TX,Passenger,1,0,1,52,53,1.89
August 31 2019,Jones,GA,Passenger,1,0,1,0,1,100.00
May 31 2021,Washington,WI,Passenger,1,0,1,2,3,33.33
February 28 2023,Pacific,WA,Passenger,72,82,154,15615,15769,0.98
December 31 2018,Richland,SC,Passenger,0,1,1,160,161,0.62
May 31 2020,Williamson,TX,Passenger,0,2,2,168,170,1.18
April 30 2025,Okanogan,WA,Truck,33,0,33,16180,16213,0.20
November 30 2021,Washtenaw,MI,Passenger,0,1,1,36,37,2.70
June 30 2024,El Dorado,CA,Passenger,2,0,2,22,24,8.33
October 31 2024,Okanogan,WA,Truck,24,0,24,16410,16434,0.15
February 28 2021,Sacramento,CA,Passenger,2,1,3,270,273,1.10
April 30 2019,Arlington,VA,Passenger,1,2,3,167,170,1.76
April 30 2020,Pinal,AZ,Passenger,1,0,1,215,216,0.46
December 31 2019,Clackamas,OR,Passenger,2,1,3,232,235,1.28
January 31 2020,Walla Walla,WA,Truck,0,0,0,13699,13699,0.00
August 31 2019,New London,CT,Passenger,0,1,1,233,234,0.43
November 30 2023,Suffolk,MA,Passenger,4,1,5,36,41,12.20
December 31 2022,Isle of Wight,VA,Passenger,0,1,1,19,20,5.00
December 31 2020,Snohomish,WA,Truck,0,0,0,125624,125624,0.00
January 31 2020,Goochland,VA,Passenger,2,1,3,285,288,1.04
October 31 2022,Benton,WA,Truck,7,0,7,43265,43272,0.02
December 31 2023,Bartow,GA,Passenger,0,1,1,3,4,25.00
April 30 2017,San Juan,WA,Truck,0,0,0,5547,5547,0.00
July 31 2024,Walla Walla,WA,Passenger,313,164,477,35206,35683,1.34
September 30 2020,Orange,CA,Passenger,7,3,10,516,526,1.90
May 31 2017,Skagit,WA,Truck,1,0,1,31376,31377,0.00
December 31 2019,Wilson,TX,Passenger,0,1,1,9,10,10.00
July 31 2024,Lincoln,WA,Passenger,30,27,57,7537,7594,0.75
December 31 2019,Franklin,WA,Passenger,54,75,129,60936,61065,0.21
January 31 2023,Burlington,NJ,Passenger,0,2,2,97,99,2.02
April 30 2024,Chesterfield,VA,Passenger,1,0,1,43,44,2.27
November 30 2024,Ada,ID,Passenger,2,0,2,117,119,1.68
May 31 2019,Kent,MI,Passenger,0,1,1,26,27,3.70
October 31 2023,Cook,IL,Passenger,3,2,5,204,209,2.39
July 31 2021,Moore,NC,Passenger,0,1,1,144,145,0.69
April 30 2021,Kitsap,WA,Truck,0,0,0,54480,54480,0.00
May 31 2021,Carroll,NH,Passenger,0,1,1,3,4,25.00
July 31 2020,Randolph,NC,Passenger,1,0,1,7,8,12.50
September 30 2019,Clark,WA,Passenger,1699,983,2682,315875,318557,0.84
December 31 2022,Monroe,WI,Passenger,1,0,1,11,12,8.33
March 31 2021,Rockingham,NH,Passenger,1,0,1,29,30,3.33
August 31 2020,Orange,FL,Passenger,1,0,1,138,139,0.72
February 28 2018,Lake,CA,Passenger,0,1,1,9,10,10.00
January 31 2022,Okanogan,WA,Truck,0,0,0,16669,16669,0.00
October 31 2020,El Dorado,CA,Passenger,1,0,1,39,40,2.50
September 30 2021,Rogers,OK,Passenger,1,0,1,9,10,10.00
February 29 2020,Virginia Beach,VA,Passenger,1,0,1,698,699,0.14
December 31 2022,Ulster,NY,Passenger,1,0,1,10,11,9.09
October 31 2024,Caddo,LA,Passenger,1,0,1,14,15,6.67
October 31 2024,Anchorage,AK,Passenger,1,0,1,92,93,1.08
January 31 2017,Orleans,LA,Passenger,0,1,1,51,52,1.92
December 31 2022,King,WA,Passenger,48050,12230,60280,1332724,1393004,4.33
September 30 2020,Baltimore,MD,Passenger,1,0,1,113,114,0.88
October 31 2020,Kitsap,WA,Truck,0,0,0,54162,54162,0.00
May 31 2024,Newport,RI,Truck,1,0,1,8,9,11.11
July 31 2023,Burlington,NJ,Passenger,2,2,4,90,94,4.26
February 29 2024,Wilson,TX,Passenger,0,1,1,3,4,25.00
October 31 2023,Hudson,NJ,Passenger,2,0,2,30,32,6.25
September 30 2020,Pima,AZ,Passenger,3,1,4,381,385,1.04
June 30 2024,Adams,CO,Passenger,1,0,1,34,35,2.86
May 31 2025,Oldham,KY,Passenger,0,1,1,2,3,33.33
May 31 2022,Fort Bend,TX,Passenger,1,0,1,31,32,3.12
October 31 2019,Calvert,MD,Passenger,0,2,2,91,93,2.15
January 31 2019,Clackamas,OR,Passenger,1,1,2,229,231,0.87
April 30 2023,Montgomery,TX,Passenger,1,0,1,34,35,2.86
October 31 2018,Polk,FL,Passenger,1,0,1,68,69,1.45
June 30 2019,Saratoga,NY,Passenger,1,0,1,55,56,1.79
May 31 2024,Okanogan,WA,Truck,13,0,13,16370,16383,0.08
February 29 2020,Shelby,TN,Passenger,0,1,1,99,100,1.00
March 31 2022,Lincoln,WA,Passenger,7,18,25,7646,7671,0.33
November 30 2023,Tarrant,TX,Passenger,2,0,2,118,120,1.67
September 30 2023,Honolulu,HI,Passenger,4,3,7,339,346,2.02
October 31 2018,San Mateo,CA,Passenger,1,1,2,138,140,1.43
February 29 2024,Cumberland,NC,Passenger,3,3,6,330,336,1.79
December 31 2023,Escambia,FL,Passenger,1,1,2,134,136,1.47
April 30 2021,Rogers,OK,Passenger,1,0,1,9,10,10.00
February 28 2025,Garfield,OK,Passenger,1,0,1,16,17,5.88
November 30 2017,Albemarle,VA,Passenger,0,1,1,31,32,3.12
September 30 2019,Sumter,FL,Passenger,0,1,1,9,10,10.00
April 30 2019,San Mateo,CA,Passenger,2,1,3,132,135,2.22
July 31 2022,King,WA,Passenger,41818,11436,53254,1342566,1395820,3.82
June 30 2022,Moore,NC,Passenger,0,1,1,134,135,0.74
April 30 2025,Houston,GA,Passenger,1,0,1,27,28,3.57
November 30 2023,Bexar,TX,Passenger,4,4,8,421,429,1.86
April 30 2018,Benton,WA,Passenger,178,188,366,130903,131269,0.28
February 28 2021,Polk,FL,Passenger,1,0,1,74,75,1.33
April 30 2022,Plaquemines,LA,Passenger,1,1,2,18,20,10.00
February 28 2023,Sonoma,CA,Passenger,3,1,4,82,86,4.65
August 31 2021,Skagit,WA,Truck,1,0,1,32933,32934,0.00
February 28 2021,Fresno,CA,Passenger,2,0,2,196,198,1.01
April 30 2024,Clatsop,OR,Passenger,1,0,1,42,43,2.33
September 30 2023,Pierce,WA,Passenger,8550,2968,11518,526118,537636,2.14
July 31 2020,Maricopa,AZ,Passenger,7,9,16,1645,1661,0.96
November 30 2021,Sedgwick,KS,Passenger,0,1,1,89,90,1.11
August 31 2018,Los Angeles,CA,Passenger,6,5,11,1175,1186,0.93
September 30 2023,Newport,RI,Passenger,0,2,2,57,59,3.39
September 30 2022,Weld,CO,Passenger,1,0,1,29,30,3.33
May 31 2024,Grant,WA,Passenger,437,188,625,67706,68331,0.91
April 30 2018,Montgomery,TN,Passenger,1,0,1,275,276,0.36
May 31 2024,Skagit,WA,Truck,47,0,47,31509,31556,0.15
July 31 2019,Maui,HI,Passenger,2,0,2,47,49,4.08
August 31 2023,Escambia,FL,Truck,1,0,1,28,29,3.45
October 31 2024,Grant,WA,Passenger,518,223,741,68121,68862,1.08
November 30 2022,Portsmouth,VA,Passenger,0,1,1,77,78,1.28
June 30 2024,Ada,ID,Passenger,2,0,2,129,131,1.53
May 31 2024,Anchorage,AK,Passenger,1,0,1,104,105,0.95
April 30 2023,Milwaukee,WI,Passenger,1,0,1,42,43,2.33
January 31 2023,Travis,TX,Passenger,3,4,7,121,128,5.47
December 31 2022,Kings,NY,Passenger,1,0,1,60,61,1.64
February 28 2018,Mason,WA,Passenger,64,77,141,45021,45162,0.31
February 28 2018,Walla Walla,WA,Truck,0,0,0,13318,13318,0.00
August 31 2020,Asotin,WA,Truck,0,0,0,6663,6663,0.00
December 31 2024,Walla Walla,WA,Passenger,374,195,569,35339,35908,1.58
December 31 2017,Howard,MD,Passenger,0,2,2,89,91,2.20
April 30 2025,King,WA,Passenger,96217,22939,119156,1287578,1406734,8.47
October 31 2022,Fort Bend,TX,Passenger,1,0,1,30,31,3.23
September 30 2019,Eagle,CO,Passenger,1,0,1,6,7,14.29
August 31 2019,Santa Fe,NM,Passenger,0,1,1,42,43,2.33
December 31 2018,Camden,NJ,Passenger,0,1,1,24,25,4.00
November 30 2021,Snohomish,WA,Truck,2,0,2,125542,125544,0.00
June 30 2017,Cascade,MT,Passenger,0,1,1,67,68,1.47
September 30 2021,Boone,MO,Passenger,0,1,1,10,11,9.09
December 31 2019,Pacific,WA,Passenger,30,30,60,16104,16164,0.37
March 31 2024,San Francisco,CA,Passenger,2,1,3,67,70,4.29
April 30 2025,Pierce,WA,Truck,639,0,639,130775,131414,0.49
March 31 2024,Hawaii,HI,Passenger,1,0,1,34,35,2.86
July 31 2017,King,WA,Truck,8,1,9,187156,187165,0.00
August 31 2024,Guam,GU,Passenger,0,1,1,30,31,3.23
January 31 2022,Kings,NY,Passenger,2,0,2,76,78,2.56
May 31 2017,Whatcom,WA,Truck,2,0,2,41503,41505,0.00
April 30 2019,Fresno,CA,Passenger,2,0,2,202,204,0.98
March 31 2024,Hays,TX,Passenger,1,0,1,8,9,11.11
May 31 2023,Shasta,CA,Passenger,1,0,1,33,34,2.94
February 29 2020,Okanogan,WA,Truck,0,0,0,16489,16489,0.00
October 31 2019,Kent,MI,Passenger,0,1,1,28,29,3.45
March 31 2017,Oklahoma,OK,Passenger,0,1,1,180,181,0.55
October 31 2018,Fresno,CA,Passenger,2,0,2,199,201,1.00
August 31 2018,Prince George's,MD,Passenger,1,1,2,187,189,1.06
May 31 2022,Flathead,MT,Passenger,1,0,1,48,49,2.04
April 30 2018,Okanogan,WA,Truck,0,0,0,16349,16349,0.00
August 31 2019,Pacific,WA,Truck,0,0,0,7672,7672,0.00
September 30 2024,Currituck,NC,Passenger,1,0,1,18,19,5.26
February 29 2024,Wichita,TX,Passenger,1,0,1,33,34,2.94
February 28 2019,Prince George's,MD,Passenger,1,1,2,193,195,1.03
December 31 2023,Montgomery,OH,Passenger,0,1,1,44,45,2.22
March 31 2023,Currituck,NC,Passenger,1,0,1,23,24,4.17
June 30 2023,Cascade,MT,Passenger,0,1,1,41,42,2.38
November 30 2022,Harris,TX,Passenger,1,1,2,197,199,1.01
May 31 2018,Arlington,VA,Passenger,1,2,3,180,183,1.64
June 30 2023,Tom Green,TX,Passenger,0,1,1,18,19,5.26
December 31 2024,Stevens,WA,Passenger,172,91,263,29292,29555,0.89
October 31 2020,New Haven,CT,Passenger,0,2,2,32,34,5.88
September 30 2020,Clark,WA,Passenger,2175,1100,3275,318124,321399,1.02
January 31 2017,Duval,FL,Passenger,1,1,2,381,383,0.52
August 31 2019,Collin,TX,Passenger,2,1,3,154,157,1.91
September 30 2021,Meade,KY,Passenger,1,0,1,25,26,3.85
February 28 2021,Stevens,WA,Passenger,38,42,80,30180,30260,0.26
February 28 2025,Davidson,TN,Passenger,1,0,1,28,29,3.45
October 31 2023,Anne Arundel,MD,Truck,1,0,1,43,44,2.27
October 31 2022,Stevens,WA,Truck,2,0,2,18833,18835,0.01
April 30 2021,Gwinnett,GA,Passenger,1,0,1,73,74,1.35
March 31 2017,Harnett,NC,Passenger,1,0,1,262,263,0.38
January 31 2025,Spokane,WA,Passenger,4352,1940,6292,320707,326999,1.92
December 31 2017,Duval,FL,Passenger,1,2,3,373,376,0.80
March 31 2020,Stevens,WA,Passenger,33,33,66,31222,31288,0.21
April 30 2025,Kootenai,ID,Passenger,2,1,3,76,79,3.80
February 28 2018,Multnomah,OR,Passenger,3,4,7,871,878,0.80
November 30 2022,Jackson,OK,Passenger,0,1,1,39,40,2.50
January 31 2017,Yavapai,AZ,Passenger,1,0,1,90,91,1.10
June 30 2017,Nueces,TX,Passenger,0,1,1,99,100,1.00
October 31 2024,,,Passenger,3,3,6,260,266,2.26
July 31 2017,Duval,FL,Passenger,1,1,2,380,382,0.52
March 31 2020,Sarasota,FL,Passenger,2,0,2,44,46,4.35
January 31 2021,Orange,NC,Passenger,1,0,1,12,13,7.69
June 30 2021,Bexar,TX,Passenger,2,4,6,587,593,1.01
May 31 2023,Frederick,MD,Passenger,1,1,2,55,57,3.51
September 30 2020,Travis,TX,Passenger,4,2,6,194,200,3.00
August 31 2020,Suffolk,VA,Passenger,1,0,1,127,128,0.78
April 30 2022,Ferry,WA,Truck,0,0,0,3562,3562,0.00
September 30 2019,Middlesex,MA,Passenger,1,0,1,109,110,0.91
October 31 2017,Deschutes,OR,Passenger,1,0,1,198,199,0.50
October 31 2022,San Francisco,CA,Passenger,3,0,3,91,94,3.19
October 31 2020,Santa Cruz,CA,Passenger,1,0,1,34,35,2.86
March 31 2019,Orange,CA,Passenger,6,1,7,574,581,1.20
April 30 2017,Santa Rosa,FL,Passenger,1,0,1,110,111,0.90
May 31 2020,Rockingham,NH,Passenger,1,0,1,31,32,3.12
April 30 2018,Grant,WA,Passenger,31,42,73,62785,62858,0.12
August 31 2021,Providence,RI,Passenger,1,0,1,27,28,3.57
June 30 2018,King,WA,Truck,7,1,8,182955,182963,0.00
November 30 2017,Jefferson,NY,Passenger,1,0,1,236,237,0.42
March 31 2019,Santa Fe,NM,Passenger,0,1,1,40,41,2.44
January 31 2021,Newport,RI,Passenger,0,1,1,77,78,1.28
September 30 2019,Fresno,CA,Passenger,2,0,2,214,216,0.93
June 30 2021,Cook,IL,Passenger,1,0,1,246,247,0.40
June 30 2020,Honolulu,HI,Passenger,4,2,6,493,499,1.20
July 31 2022,Tom Green,TX,Passenger,0,1,1,23,24,4.17
August 31 2019,Yakima,WA,Passenger,112,108,220,165560,165780,0.13
May 31 2019,DuPage,IL,Passenger,1,0,1,65,66,1.52
October 31 2024,Carroll,MD,Passenger,0,1,1,11,12,8.33
April 30 2024,Yuba,CA,Passenger,1,0,1,53,54,1.85
July 31 2024,Monterey,CA,Truck,1,0,1,29,30,3.33
May 31 2022,St. Mary's,MD,Passenger,2,0,2,223,225,0.89
November 30 2019,Jefferson,CO,Passenger,0,2,2,62,64,3.12
August 31 2017,Whitman,WA,Truck,0,0,0,8449,8449,0.00
October 31 2023,Lake,IL,Passenger,7,0,7,126,133,5.26
September 30 2024,Yakima,WA,Passenger,907,381,1288,167265,168553,0.76
May 31 2018,Polk,FL,Passenger,1,0,1,70,71,1.41
December 31 2020,Lewis,WA,Truck,0,0,0,26623,26623,0.00
June 30 2022,Riverside,CA,Passenger,11,0,11,553,564,1.95
January 31 2025,Palm Beach,FL,Passenger,2,0,2,33,35,5.71
April 30 2019,Grant,WA,Truck,0,0,0,26418,26418,0.00
April 30 2020,Charleston,SC,Passenger,1,0,1,109,110,0.91
December 31 2020,Chatham,NC,Passenger,1,0,1,7,8,12.50
November 30 2021,Douglas,NE,Passenger,1,1,2,54,56,3.57
May 31 2023,Marin,CA,Passenger,3,2,5,41,46,10.87
February 28 2018,Santa Rosa,FL,Passenger,1,0,1,101,102,0.98
September 30 2017,Okanogan,WA,Passenger,5,18,23,25675,25698,0.09
August 31 2023,Douglas,WA,Truck,7,0,7,13060,13067,0.05
September 30 2024,Bristol,MA,Passenger,1,0,1,6,7,14.29
March 31 2018,Clallam,WA,Truck,0,0,0,21317,21317,0.00
November 30 2018,Whitman,WA,Passenger,20,35,55,22780,22835,0.24
August 31 2020,Eagle,CO,Passenger,1,0,1,7,8,12.50
October 31 2020,Snohomish,WA,Passenger,4824,1815,6639,537399,544038,1.22
December 31 2023,Riverside,CA,Passenger,9,2,11,453,464,2.37
April 30 2021,El Dorado,CA,Passenger,1,0,1,39,40,2.50
May 31 2022,Orange,FL,Passenger,4,0,4,114,118,3.39
January 31 2024,Nueces,TX,Passenger,1,0,1,64,65,1.54
January 31 2023,Arapahoe,CO,Passenger,0,1,1,96,97,1.03
September 30 2023,Pinellas,FL,Passenger,1,0,1,70,71,1.41
January 31 2024,Kent,MI,Passenger,1,0,1,20,21,4.76
September 30 2020,Charleston,SC,Passenger,2,0,2,100,102,1.96
January 31 2017,Travis,TX,Passenger,1,0,1,222,223,0.45
January 31 2023,Sacramento,CA,Passenger,3,1,4,233,237,1.69
July 31 2019,Prince George's,MD,Passenger,1,1,2,184,186,1.08
February 29 2020,Hudson,NJ,Passenger,1,0,1,44,45,2.22
April 30 2023,Dallas,TX,Passenger,3,0,3,110,113,2.65
February 29 2024,Whatcom,WA,Passenger,3103,1093,4196,146827,151023,2.78
August 31 2024,Saratoga,NY,Passenger,1,1,2,39,41,4.88
September 30 2018,Grant,WA,Passenger,33,50,83,63752,63835,0.13
July 31 2019,Los Angeles,CA,Passenger,7,6,13,1165,1178,1.10
July 31 2019,Lake,IL,Passenger,1,0,1,175,176,0.57
June 30 2022,Eagle,CO,Passenger,1,0,1,6,7,14.29
February 28 2023,King,WA,Truck,497,2,499,177029,177528,0.28
April 30 2020,Tulsa,OK,Passenger,1,0,1,58,59,1.69
August 31 2021,Island,WA,Truck,0,0,0,21484,21484,0.00
September 30 2023,San Francisco,CA,Passenger,4,1,5,78,83,6.02
January 31 2022,Bexar,TX,Passenger,2,4,6,549,555,1.08
May 31 2022,Pierce,WA,Passenger,4941,2282,7223,544876,552099,1.31
December 31 2019,Kittitas,WA,Passenger,90,46,136,30035,30171,0.45
November 30 2023,Skagit,WA,Truck,30,0,30,31666,31696,0.09
June 30 2018,Brevard,FL,Passenger,0,1,1,101,102,0.98
December 31 2024,St. Lawrence,NY,Passenger,1,0,1,4,5,20.00
September 30 2024,Placer,CA,Passenger,3,0,3,66,69,4.35
March 31 2022,Loudoun,VA,Passenger,1,1,2,77,79,2.53
February 28 2019,,,Passenger,2,2,4,429,433,0.92
November 30 2022,Cass,MN,Passenger,0,1,1,2,3,33.33
March 31 2022,Solano,CA,Passenger,1,0,1,184,185,0.54
August 31 2019,Dallas,TX,Passenger,1,0,1,220,221,0.45
April 30 2019,Walla Walla,WA,Passenger,46,56,102,36111,36213,0.28
December 31 2022,Pulaski,AR,Passenger,3,0,3,36,39,7.69
September 30 2023,Skamania,WA,Truck,1,0,1,3813,3814,0.03
April 30 2019,Polk,FL,Passenger,1,0,1,75,76,1.32
February 29 2024,Chatham,NC,Passenger,1,0,1,5,6,16.67
March 31 2022,Carroll,NH,Passenger,0,1,1,3,4,25.00
December 31 2020,Hennepin,MN,Passenger,2,0,2,101,103,1.94
January 31 2020,Nassau,NY,Passenger,5,0,5,45,50,10.00
March 31 2025,Muscogee,GA,Passenger,1,2,3,90,93,3.23
October 31 2018,DeKalb,GA,Passenger,1,0,1,82,83,1.20
March 31 2018,Maui,HI,Passenger,1,0,1,65,66,1.52
May 31 2024,Mason,WA,Truck,23,0,23,20425,20448,0.11
April 30 2017,Lewis,NY,Passenger,0,1,1,10,11,9.09
April 30 2025,Mason,WA,Truck,55,0,55,20127,20182,0.27
July 31 2020,Sedgwick,KS,Passenger,1,1,2,106,108,1.85
December 31 2024,Sussex,NJ,Passenger,1,0,1,0,1,100.00
July 31 2020,San Diego,CA,Passenger,15,3,18,2755,2773,0.65
February 28 2022,San Bernardino,CA,Passenger,2,1,3,408,411,0.73
November 30 2022,Hamilton,OH,Passenger,1,0,1,48,49,2.04
November 30 2024,Yakima,WA,Truck,26,0,26,60879,60905,0.04
August 31 2023,Kitsap,WA,Truck,84,0,84,51953,52037,0.16
October 31 2021,RÃ­o Grande,PR,Passenger,1,0,1,0,1,100.00
August 31 2019,Volusia,FL,Passenger,0,1,1,40,41,2.44
July 31 2023,Liberty,GA,Passenger,0,1,1,107,108,0.93
September 30 2017,Dallas,TX,Passenger,0,1,1,187,188,0.53
November 30 2021,Maricopa,AZ,Passenger,14,5,19,1409,1428,1.33
February 28 2022,Kitsap,WA,Truck,0,0,0,53921,53921,0.00
November 30 2023,Pierce,WA,Truck,224,0,224,134746,134970,0.17
March 31 2017,Tulare,CA,Passenger,1,0,1,194,195,0.51
July 31 2023,Yavapai,AZ,Passenger,0,1,1,28,29,3.45
March 31 2024,Skagit,WA,Passenger,1426,515,1941,88255,90196,2.15
September 30 2024,Nassau,NY,Passenger,2,0,2,20,22,9.09
June 30 2024,Douglas,CO,Passenger,1,2,3,56,59,5.08
April 30 2024,Mercer,NJ,Passenger,0,1,1,8,9,11.11
February 28 2018,Nassau,NY,Passenger,1,0,1,39,40,2.50
October 31 2021,Prince William,VA,Passenger,1,3,4,210,214,1.87
November 30 2019,Kitsap,WA,Truck,1,0,1,54369,54370,0.00
April 30 2018,Whatcom,WA,Truck,2,0,2,42108,42110,0.00
October 31 2017,Grant,WA,Passenger,20,33,53,61659,61712,0.09
September 30 2023,St. Mary's,MD,Passenger,2,0,2,208,210,0.95
May 31 2023,Platte,MO,Passenger,1,1,2,19,21,9.52
May 31 2025,Larimer,CO,Passenger,1,0,1,17,18,5.56
January 31 2021,Davidson,TN,Passenger,1,0,1,78,79,1.27
May 31 2025,Arapahoe,CO,Passenger,1,1,2,42,44,4.55
February 28 2019,Suffolk,MA,Passenger,0,1,1,42,43,2.33
January 31 2020,Alexandria,VA,Passenger,1,0,1,145,146,0.68
July 31 2023,Clark,NV,Passenger,10,4,14,552,566,2.47
January 31 2025,Guam,GU,Passenger,0,1,1,27,28,3.57
June 30 2024,Tompkins,NY,Passenger,1,0,1,11,12,8.33
March 31 2023,Nassau,NY,Passenger,4,0,4,32,36,11.11
November 30 2023,Prince George,VA,Passenger,1,0,1,58,59,1.69
October 31 2022,Flathead,MT,Passenger,1,0,1,43,44,2.27
September 30 2024,Orange,NC,Passenger,1,0,1,7,8,12.50
September 30 2019,Stafford,VA,Passenger,1,1,2,107,109,1.83
June 30 2019,Garfield,WA,Truck,0,0,0,962,962,0.00
February 28 2023,Solano,CA,Passenger,4,1,5,165,170,2.94
February 28 2025,Harris,TX,Passenger,1,2,3,120,123,2.44
October 31 2022,Newport,RI,Passenger,0,1,1,65,66,1.52
August 31 2021,Tarrant,TX,Passenger,2,0,2,169,171,1.17
March 31 2025,Hudson,NJ,Passenger,1,0,1,16,17,5.88
October 31 2022,Skamania,WA,Truck,0,0,0,3894,3894,0.00
February 29 2024,Columbia,WA,Passenger,12,0,12,2402,2414,0.50
May 31 2024,Kootenai,ID,Passenger,3,3,6,112,118,5.08
April 30 2023,Orange,FL,Passenger,3,0,3,91,94,3.19
February 28 2023,Yavapai,AZ,Passenger,0,1,1,31,32,3.12
July 31 2024,Prince William,VA,Passenger,1,4,5,133,138,3.62
July 31 2022,Norfolk,VA,Passenger,2,3,5,296,301,1.66
July 31 2018,Franklin,MA,Passenger,0,1,1,2,3,33.33
November 30 2024,Whatcom,WA,Truck,146,0,146,42269,42415,0.34
July 31 2021,Eagle,CO,Passenger,1,0,1,8,9,11.11
October 31 2017,Bexar,TX,Passenger,1,1,2,836,838,0.24
June 30 2024,Rockingham,NH,Passenger,2,0,2,14,16,12.50
January 31 2022,Tarrant,TX,Passenger,3,0,3,169,172,1.74
September 30 2019,Polk,FL,Passenger,1,0,1,79,80,1.25
December 31 2023,Sacramento,CA,Passenger,2,1,3,186,189,1.59
October 31 2024,Douglas,WA,Passenger,339,107,446,29169,29615,1.51
August 31 2023,Yellowstone,MT,Passenger,0,1,1,24,25,4.00
September 30 2017,Twin Falls,ID,Passenger,0,1,1,24,25,4.00
January 31 2017,District of Columbia,DC,Passenger,0,3,3,229,232,1.29
January 31 2019,Brevard,FL,Passenger,0,1,1,97,98,1.02
November 30 2024,Lincoln,WA,Truck,1,0,1,4752,4753,0.02
May 31 2021,Chatham,NC,Passenger,1,0,1,7,8,12.50
November 30 2022,Olmsted,MN,Passenger,1,0,1,8,9,11.11
July 31 2021,Kitsap,WA,Passenger,1910,871,2781,180151,182932,1.52
October 31 2017,Wayne,MI,Passenger,0,1,1,70,71,1.41
April 30 2020,Denton,TX,Passenger,1,0,1,110,111,0.90
April 30 2025,Madison,IL,Passenger,1,0,1,8,9,11.11
December 31 2020,Douglas,NE,Passenger,0,1,1,59,60,1.67
August 31 2019,Placer,CA,Passenger,1,0,1,110,111,0.90
November 30 2021,Spokane,WA,Truck,0,0,0,102527,102527,0.00
August 31 2017,Lee,AL,Passenger,1,0,1,36,37,2.70
May 31 2025,Madison,AL,Passenger,1,0,1,24,25,4.00
November 30 2022,Jefferson,WA,Truck,5,0,5,9369,9374,0.05
June 30 2024,Bannock,ID,Passenger,1,0,1,7,8,12.50
February 28 2018,Lee,AL,Passenger,1,0,1,34,35,2.86
January 31 2017,Sumter,FL,Passenger,0,1,1,10,11,9.09
June 30 2023,Otero,NM,Passenger,0,1,1,24,25,4.00
February 28 2021,Kitsap,WA,Passenger,1642,777,2419,179009,181428,1.33
April 30 2020,Sussex,NJ,Passenger,1,0,1,3,4,25.00
July 31 2024,Wahkiakum,WA,Passenger,42,25,67,3069,3136,2.14
February 28 2021,Wise,TX,Passenger,1,0,1,9,10,10.00
August 31 2019,Saginaw,MI,Passenger,1,0,1,13,14,7.14
March 31 2019,New London,CT,Passenger,0,1,1,243,244,0.41
June 30 2024,Cobb,GA,Passenger,1,0,1,38,39,2.56
January 31 2023,Larimer,CO,Passenger,1,0,1,52,53,1.89
July 31 2023,Fairfax,VA,Passenger,10,3,13,635,648,2.01
June 30 2021,San Diego,CA,Passenger,19,5,24,2637,2661,0.90
September 30 2022,Skamania,WA,Passenger,85,51,136,8091,8227,1.65
December 31 2018,San Juan,PR,Passenger,0,1,1,5,6,16.67
October 31 2019,Skagit,WA,Truck,1,0,1,32542,32543,0.00
July 31 2018,San Juan,PR,Passenger,0,1,1,4,5,20.00
June 30 2023,Newport,RI,Truck,1,0,1,6,7,14.29
February 28 2022,Rockingham,NH,Passenger,1,0,1,23,24,4.17
November 30 2024,Middlesex,CT,Passenger,1,0,1,5,6,16.67
January 31 2023,Wise,TX,Passenger,2,0,2,10,12,16.67
September 30 2022,Loudoun,VA,Passenger,2,1,3,70,73,4.11
March 31 2022,Yavapai,AZ,Passenger,0,1,1,38,39,2.56
May 31 2024,Richmond,GA,Passenger,0,1,1,53,54,1.85
November 30 2022,Beaufort,SC,Passenger,1,0,1,34,35,2.86
October 31 2019,Ada,ID,Passenger,0,2,2,329,331,0.60
August 31 2018,Allegheny,PA,Passenger,1,0,1,86,87,1.15
March 31 2021,San Bernardino,CA,Passenger,1,0,1,408,409,0.24
June 30 2018,Carroll,NH,Passenger,0,1,1,1,2,50.00
November 30 2022,Skagit,WA,Passenger,904,351,1255,89193,90448,1.39
March 31 2021,Palm Beach,FL,Passenger,1,1,2,79,81,2.47
February 29 2024,Brevard,FL,Passenger,1,0,1,66,67,1.49
December 31 2019,San Joaquin,CA,Passenger,1,0,1,149,150,0.67
August 31 2018,Maui,HI,Passenger,1,0,1,57,58,1.72
October 31 2023,Harrison,MS,Passenger,1,0,1,38,39,2.56
October 31 2022,Washoe,NV,Passenger,1,0,1,74,75,1.33
February 28 2017,Pend Oreille,WA,Passenger,1,4,5,9298,9303,0.05
September 30 2023,Wake,NC,Passenger,5,1,6,108,114,5.26
March 31 2017,Lee,AL,Passenger,1,0,1,35,36,2.78
April 30 2023,Island,WA,Passenger,1008,419,1427,60698,62125,2.30
November 30 2021,Wilson,TX,Passenger,0,1,1,3,4,25.00
February 29 2020,Tarrant,TX,Passenger,3,0,3,203,206,1.46
January 31 2024,Lincoln,OR,Passenger,1,0,1,24,25,4.00
January 31 2024,Shelby,AL,Passenger,1,0,1,4,5,20.00
May 31 2025,Pulaski,AR,Truck,1,0,1,2,3,33.33
December 31 2022,Prince George,VA,Passenger,1,0,1,56,57,1.75
January 31 2018,Lane,OR,Passenger,0,1,1,207,208,0.48
March 31 2017,Nassau,NY,Passenger,0,1,1,40,41,2.44
March 31 2025,El Paso,CO,Truck,1,0,1,116,117,0.85
November 30 2021,Cumberland,NC,Passenger,1,4,5,418,423,1.18
January 31 2025,DuPage,IL,Passenger,3,0,3,25,28,10.71
December 31 2020,Spokane,WA,Truck,0,0,0,100615,100615,0.00
October 31 2019,Pierce,WA,Truck,0,0,0,140568,140568,0.00
December 31 2021,Sarpy,NE,Passenger,1,0,1,73,74,1.35
June 30 2021,Clallam,WA,Truck,1,0,1,22003,22004,0.00
May 31 2025,Leavenworth,KS,Passenger,3,2,5,68,73,6.85
March 31 2021,Kitsap,WA,Truck,0,0,0,54296,54296,0.00
November 30 2024,Dallas,TX,Truck,1,0,1,11,12,8.33
December 31 2020,Maricopa,AZ,Passenger,8,9,17,1571,1588,1.07
February 28 2017,Kittitas,WA,Passenger,15,15,30,27055,27085,0.11
May 31 2019,Nueces,TX,Passenger,1,1,2,98,100,2.00
September 30 2020,Shelby,OH,Passenger,0,1,1,2,3,33.33
August 31 2018,Clackamas,OR,Passenger,0,1,1,232,233,0.43
March 31 2023,Goochland,VA,Passenger,3,2,5,123,128,3.91
January 31 2023,Sarasota,FL,Passenger,1,0,1,36,37,2.70
January 31 2023,Doña Ana,NM,Passenger,1,0,1,17,18,5.56
October 31 2023,Hillsborough,FL,Passenger,3,1,4,130,134,2.99
March 31 2025,Bexar,TX,Passenger,6,3,9,300,309,2.91
April 30 2022,Randolph,NC,Passenger,1,0,1,4,5,20.00
June 30 2020,Hawaii,HI,Passenger,1,0,1,65,66,1.52
March 31 2020,Thurston,WA,Truck,0,0,0,55605,55605,0.00
February 28 2021,Fairfax,VA,Passenger,6,3,9,727,736,1.22
August 31 2020,Grays Harbor,WA,Truck,0,0,0,21017,21017,0.00
December 31 2022,Sumter,SC,Passenger,0,1,1,30,31,3.23
December 31 2021,Jefferson,WA,Truck,0,0,0,9591,9591,0.00
February 28 2019,Maui,HI,Passenger,2,0,2,51,53,3.77
July 31 2019,Allegheny,PA,Passenger,2,0,2,87,89,2.25
November 30 2017,Dakota,MN,Passenger,0,2,2,42,44,4.55
September 30 2020,Howard,IN,Passenger,0,1,1,4,5,20.00
December 31 2024,Essex,MA,Passenger,1,0,1,8,9,11.11
May 31 2022,Portsmouth,VA,Passenger,0,1,1,78,79,1.27
August 31 2020,Riverside,CA,Passenger,5,0,5,659,664,0.75
November 30 2017,DeKalb,IN,Passenger,1,0,1,1,2,50.00
November 30 2020,Clark,WA,Truck,0,0,0,83156,83156,0.00
January 31 2025,Horry,SC,Passenger,1,0,1,10,11,9.09
January 31 2021,Cowlitz,WA,Passenger,188,129,317,72131,72448,0.44
October 31 2023,,,Passenger,7,2,9,302,311,2.89
February 28 2021,Shelby,OH,Passenger,0,1,1,3,4,25.00
October 31 2018,Franklin,WA,Truck,0,0,0,18941,18941,0.00
March 31 2020,Sacramento,CA,Passenger,1,1,2,294,296,0.68
December 31 2019,Solano,CA,Passenger,1,0,1,218,219,0.46
January 31 2024,Middlesex,NJ,Passenger,1,0,1,21,22,4.55
August 31 2019,Nantucket,MA,Passenger,1,0,1,2,3,33.33
February 29 2024,Thurston,WA,Truck,106,0,106,53133,53239,0.20
January 31 2025,Montgomery,MD,Passenger,7,1,8,169,177,4.52
July 31 2019,Larimer,CO,Passenger,1,0,1,64,65,1.54
May 31 2021,Franklin,OH,Passenger,1,0,1,74,75,1.33
May 31 2025,Lewis,WA,Truck,30,0,30,24979,25009,0.12
October 31 2021,Eagle,CO,Passenger,1,0,1,8,9,11.11
September 30 2023,Virginia Beach,VA,Passenger,6,2,8,501,509,1.57
February 29 2024,Henrico,VA,Passenger,2,1,3,17,20,15.00
October 31 2024,El Dorado,CA,Passenger,1,0,1,18,19,5.26
August 31 2018,Lincoln,WA,Truck,0,0,0,4569,4569,0.00
November 30 2018,Sangamon,IL,Passenger,1,0,1,9,10,10.00
July 31 2024,Prince George,VA,Passenger,1,0,1,56,57,1.75
December 31 2023,Santa Cruz,AZ,Passenger,1,0,1,5,6,16.67
February 28 2022,Island,WA,Passenger,744,348,1092,61937,63029,1.73
October 31 2022,Norfolk,VA,Passenger,2,3,5,293,298,1.68
February 28 2023,Brown,WI,Passenger,1,0,1,6,7,14.29
December 31 2023,Hennepin,MN,Passenger,1,0,1,52,53,1.89
December 31 2020,DeKalb,IN,Passenger,1,0,1,0,1,100.00
February 28 2017,Virginia Beach,VA,Passenger,2,1,3,647,650,0.46
November 30 2024,Los Angeles,CA,Passenger,14,3,17,554,571,2.98
February 29 2024,Jefferson,NY,Passenger,2,0,2,179,181,1.10
June 30 2019,New York,NY,Passenger,2,0,2,77,79,2.53
June 30 2020,Oldham,KY,Passenger,0,1,1,5,6,16.67
November 30 2018,San Francisco,CA,Passenger,2,2,4,120,124,3.23
November 30 2023,Kings,CA,Passenger,5,1,6,267,273,2.20
June 30 2021,Essex,MA,Passenger,1,0,1,22,23,4.35
July 31 2023,Mohave,AZ,Passenger,1,0,1,52,53,1.89
September 30 2018,King,WA,Truck,7,1,8,182775,182783,0.00
October 31 2023,Bartow,GA,Passenger,0,1,1,3,4,25.00
January 31 2023,Honolulu,HI,Passenger,5,3,8,399,407,1.97
February 29 2024,Kane,IL,Passenger,1,0,1,7,8,12.50
March 31 2021,Maricopa,AZ,Passenger,7,7,14,1519,1533,0.91
April 30 2019,Honolulu,HI,Passenger,2,3,5,527,532,0.94
April 30 2018,Madison,ID,Passenger,1,0,1,35,36,2.78
December 31 2020,San Mateo,CA,Passenger,2,1,3,134,137,2.19
March 31 2023,Norfolk,MA,Passenger,1,0,1,27,28,3.57
September 30 2021,Orange,FL,Passenger,3,0,3,130,133,2.26
February 28 2023,Platte,MO,Passenger,1,1,2,21,23,8.70
January 31 2024,Washtenaw,MI,Passenger,0,2,2,27,29,6.90
April 30 2023,Meade,KY,Passenger,1,0,1,19,20,5.00
February 29 2024,Moore,NC,Passenger,0,1,1,122,123,0.81
November 30 2018,Pierce,WA,Passenger,1470,1339,2809,538040,540849,0.52
June 30 2020,Whitman,WA,Passenger,44,48,92,22111,22203,0.41
June 30 2024,Chesterfield,VA,Passenger,1,0,1,40,41,2.44
June 30 2021,Owyhee,ID,Passenger,1,0,1,3,4,25.00
August 31 2017,Asotin,WA,Truck,0,0,0,6510,6510,0.00
November 30 2024,Solano,CA,Passenger,4,0,4,145,149,2.68
May 31 2020,Shasta,CA,Passenger,1,0,1,36,37,2.70
July 31 2023,San Francisco,CA,Passenger,4,1,5,82,87,5.75
June 30 2023,San Juan,WA,Passenger,615,180,795,13798,14593,5.45
November 30 2019,Kittitas,WA,Truck,0,0,0,14618,14618,0.00
May 31 2018,Saratoga,NY,Passenger,1,1,2,66,68,2.94
February 28 2022,Flathead,MT,Passenger,2,0,2,58,60,3.33
July 31 2023,Brown,WI,Passenger,1,0,1,5,6,16.67
June 30 2020,Fulton,GA,Passenger,1,3,4,107,111,3.60
August 31 2024,Ventura,CA,Passenger,3,2,5,222,227,2.20
February 29 2020,Pend Oreille,WA,Passenger,8,7,15,9443,9458,0.16
November 30 2021,Essex,MA,Passenger,1,0,1,22,23,4.35
October 31 2021,Essex,NJ,Passenger,2,0,2,16,18,11.11
February 29 2024,Columbia,GA,Passenger,1,1,2,77,79,2.53
March 31 2024,Fairfax,VA,Passenger,14,10,24,599,623,3.85
April 30 2023,Clark,NV,Passenger,11,4,15,587,602,2.49
April 30 2021,Dallas,IA,Passenger,0,1,1,10,11,9.09
June 30 2024,Geary,KS,Truck,1,0,1,21,22,4.55
March 31 2017,Nantucket,MA,Passenger,1,0,1,3,4,25.00
April 30 2023,Yolo,CA,Passenger,2,0,2,29,31,6.45
October 31 2021,Kitsap,WA,Passenger,2038,917,2955,180017,182972,1.62
January 31 2023,El Paso,TX,Passenger,2,0,2,361,363,0.55
November 30 2021,St. Clair,IL,Passenger,1,0,1,137,138,0.72
April 30 2024,Denton,TX,Passenger,1,0,1,49,50,2.00
October 31 2020,Klickitat,WA,Passenger,59,44,103,14992,15095,0.68
March 31 2025,Camden,NJ,Passenger,1,0,1,9,10,10.00
May 31 2022,St. Lawrence,NY,Passenger,1,0,1,6,7,14.29
April 30 2021,Pima,AZ,Passenger,2,1,3,347,350,0.86
November 30 2022,Essex,MA,Passenger,3,0,3,18,21,14.29
February 29 2024,Leavenworth,KS,Passenger,2,2,4,78,82,4.88
December 31 2022,St. Johns,FL,Passenger,1,0,1,45,46,2.17
May 31 2025,Honolulu,HI,Passenger,1,2,3,219,222,1.35
July 31 2018,Pima,AZ,Passenger,1,1,2,451,453,0.44
December 31 2017,Mason,WA,Passenger,66,72,138,44819,44957,0.31
March 31 2017,Nueces,TX,Passenger,0,1,1,103,104,0.96
February 28 2023,,,Passenger,5,1,6,335,341,1.76
July 31 2023,Harrison,MS,Passenger,1,0,1,42,43,2.33
October 31 2017,Richland,SC,Passenger,0,1,1,184,185,0.54
March 31 2017,Jefferson,NY,Passenger,1,1,2,261,263,0.76
March 31 2021,Clackamas,OR,Passenger,3,0,3,201,204,1.47
April 30 2022,Clallam,WA,Passenger,404,242,646,49752,50398,1.28
March 31 2021,Orange,FL,Passenger,2,0,2,134,136,1.47
February 28 2021,Nassau,NY,Passenger,5,0,5,35,40,12.50
October 31 2019,Cumberland,NC,Passenger,1,2,3,495,498,0.60
October 31 2018,Carroll,NH,Passenger,0,1,1,1,2,50.00
January 31 2017,Multnomah,OR,Passenger,0,3,3,1299,1302,0.23
June 30 2017,Cowlitz,WA,Passenger,50,60,110,69645,69755,0.16
February 29 2024,Grays Harbor,WA,Truck,18,0,18,20750,20768,0.09
August 31 2018,Charleston,SC,Passenger,1,0,1,127,128,0.78
June 30 2018,Okaloosa,FL,Passenger,1,0,1,173,174,0.57
August 31 2021,Franklin,WA,Passenger,139,99,238,61883,62121,0.38
October 31 2023,Arlington,VA,Passenger,4,0,4,125,129,3.10
March 31 2025,Charleston,SC,Passenger,0,2,2,45,47,4.26
July 31 2018,Ventura,CA,Passenger,0,2,2,336,338,0.59
July 31 2019,Fairfax,VA,Passenger,4,1,5,790,795,0.63
July 31 2024,Beaufort,SC,Passenger,1,0,1,26,27,3.70
September 30 2022,Doña Ana,NM,Passenger,1,0,1,16,17,5.88
March 31 2024,Laramie,WY,Passenger,1,0,1,31,32,3.12
November 30 2021,Norfolk,MA,Passenger,1,0,1,29,30,3.33
March 31 2018,Wahkiakum,WA,Passenger,1,2,3,2875,2878,0.10
April 30 2018,Okanogan,WA,Passenger,8,19,27,25801,25828,0.10
August 31 2021,Clackamas,OR,Passenger,2,0,2,199,201,1.00
November 30 2019,Suffolk,MA,Passenger,0,1,1,38,39,2.56
November 30 2024,Polk,OR,Passenger,1,1,2,15,17,11.76
July 31 2021,DuPage,IL,Passenger,3,1,4,58,62,6.45
December 31 2020,Montgomery,AL,Passenger,1,0,1,39,40,2.50
April 30 2023,Spokane,WA,Passenger,2152,1025,3177,321060,324237,0.98
April 30 2020,San Juan,WA,Truck,0,0,0,5893,5893,0.00
July 31 2018,Morris,NJ,Passenger,1,0,1,15,16,6.25
November 30 2019,Ventura,CA,Passenger,0,2,2,324,326,0.61
January 31 2018,Portsmouth,VA,Passenger,0,1,1,73,74,1.35
June 30 2018,Columbia,WA,Truck,0,0,0,1527,1527,0.00
July 31 2024,Montgomery,TX,Passenger,1,0,1,22,23,4.35
January 31 2022,El Paso,TX,Passenger,1,0,1,393,394,0.25
January 31 2019,Kootenai,ID,Passenger,1,2,3,221,224,1.34
October 31 2024,Sonoma,CA,Passenger,1,1,2,65,67,2.99
December 31 2021,Palm Beach,FL,Passenger,1,1,2,65,67,2.99
February 29 2024,Asotin,WA,Truck,2,0,2,6569,6571,0.03
March 31 2023,Virginia Beach,VA,Passenger,4,1,5,528,533,0.94
August 31 2022,Deschutes,OR,Passenger,3,0,3,117,120,2.50
May 31 2024,El Paso,TX,Passenger,2,2,4,301,305,1.31
July 31 2019,Walla Walla,WA,Passenger,52,60,112,36178,36290,0.31
February 28 2021,Okanogan,WA,Passenger,54,35,89,26105,26194,0.34
April 30 2020,Mason,WA,Passenger,155,133,288,47173,47461,0.61
May 31 2021,Clark,WA,Passenger,2758,1368,4126,321542,325668,1.27
October 31 2020,Prince George's,MD,Passenger,2,1,3,167,170,1.76
July 31 2018,District of Columbia,DC,Passenger,0,3,3,187,190,1.58
August 31 2019,RÃ­o Grande,PR,Passenger,1,0,1,0,1,100.00
January 31 2024,Clallam,WA,Truck,28,0,28,21511,21539,0.13
August 31 2017,Island,WA,Truck,0,0,0,20504,20504,0.00
December 31 2019,Ferry,WA,Passenger,5,2,7,4399,4406,0.16
February 29 2020,Loudoun,VA,Passenger,1,0,1,92,93,1.08
March 31 2022,Mohave,AZ,Passenger,1,0,1,63,64,1.56
October 31 2018,DuPage,IL,Passenger,1,0,1,59,60,1.67
April 30 2025,Los Angeles,CA,Passenger,13,3,16,474,490,3.27
January 31 2021,Cascade,MT,Passenger,0,1,1,67,68,1.47
April 30 2022,Benton,WA,Passenger,713,448,1161,135207,136368,0.85
November 30 2020,Garfield,WA,Passenger,0,1,1,1363,1364,0.07
January 31 2025,Frederick,MD,Passenger,1,2,3,45,48,6.25
January 31 2017,Walla Walla,WA,Truck,0,0,0,13161,13161,0.00
May 31 2022,Adams,CO,Passenger,1,0,1,48,49,2.04
May 31 2021,Botetourt,VA,Passenger,1,0,1,0,1,100.00
November 30 2018,Skagit,WA,Passenger,250,184,434,91148,91582,0.47
February 28 2017,Montgomery,TN,Passenger,1,0,1,296,297,0.34
July 31 2018,Bexar,TX,Passenger,2,4,6,758,764,0.79
June 30 2023,Island,WA,Passenger,1072,435,1507,60520,62027,2.43
October 31 2020,Portsmouth,VA,Passenger,0,1,1,72,73,1.37
June 30 2024,Contra Costa,CA,Passenger,4,1,5,153,158,3.16
April 30 2020,San Diego,CA,Passenger,14,4,18,2756,2774,0.65
April 30 2025,Whatcom,WA,Passenger,4251,1461,5712,145687,151399,3.77
November 30 2018,Klickitat,WA,Passenger,22,32,54,15413,15467,0.35
May 31 2018,Allegheny,PA,Passenger,1,0,1,81,82,1.22
October 31 2018,Clark,WA,Truck,0,0,0,79533,79533,0.00
April 30 2024,Skamania,WA,Passenger,147,53,200,7954,8154,2.45
February 28 2022,Multnomah,OR,Passenger,2,4,6,689,695,0.86
April 30 2019,Flathead,MT,Passenger,1,0,1,70,71,1.41
December 31 2018,Asotin,WA,Truck,0,0,0,6629,6629,0.00
January 31 2025,Alexandria,VA,Passenger,3,0,3,81,84,3.57
December 31 2023,Santa Clara,CA,Passenger,24,7,31,227,258,12.02
March 31 2023,Middlesex,MA,Passenger,3,0,3,91,94,3.19
December 31 2021,Duval,FL,Passenger,0,2,2,348,350,0.57
July 31 2017,Eagle,CO,Passenger,1,0,1,7,8,12.50
August 31 2022,Isle of Wight,VA,Passenger,0,1,1,19,20,5.00
July 31 2019,Whatcom,WA,Truck,2,0,2,42903,42905,0.00
July 31 2021,Adams,WA,Truck,0,0,0,5390,5390,0.00
September 30 2022,Chesapeake,VA,Passenger,3,1,4,360,364,1.10
March 31 2022,Forsyth,GA,Passenger,1,0,1,16,17,5.88
July 31 2022,Williamson,TX,Passenger,1,2,3,120,123,2.44
April 30 2024,Grant,WA,Truck,26,0,26,28063,28089,0.09
February 28 2018,Skagit,WA,Truck,1,0,1,31804,31805,0.00
August 31 2024,Cowlitz,WA,Truck,25,0,25,27909,27934,0.09
September 30 2017,Sacramento,CA,Passenger,1,1,2,346,348,0.57
November 30 2021,Fresno,CA,Passenger,2,0,2,184,186,1.08
August 31 2019,Skamania,WA,Passenger,25,18,43,8747,8790,0.49
February 28 2021,Harris,TX,Passenger,1,1,2,267,269,0.74
August 31 2021,Pinellas,FL,Passenger,0,1,1,106,107,0.93
November 30 2020,Middlesex,MA,Passenger,1,0,1,96,97,1.03
October 31 2022,Essex,NJ,Passenger,2,0,2,12,14,14.29
June 30 2019,Asotin,WA,Truck,0,0,0,6663,6663,0.00
October 31 2020,Thurston,WA,Passenger,1254,760,2014,196902,198916,1.01
February 28 2025,San Bernardino,CA,Passenger,5,0,5,290,295,1.69
December 31 2019,Mason,WA,Truck,0,0,0,20516,20516,0.00
January 31 2025,Hartford,CT,Passenger,1,0,1,16,17,5.88
June 30 2024,Milwaukee,WI,Passenger,1,0,1,41,42,2.38
April 30 2018,Spokane,WA,Truck,1,0,1,92030,92031,0.00
June 30 2021,Richmond,NY,Passenger,1,0,1,7,8,12.50
July 31 2020,Clark,NV,Passenger,3,3,6,764,770,0.78
April 30 2021,Suffolk,VA,Passenger,1,0,1,128,129,0.78
February 28 2025,Walla Walla,WA,Passenger,396,200,596,35178,35774,1.67
May 31 2020,Orange,CA,Passenger,8,2,10,539,549,1.82
June 30 2017,Volusia,FL,Passenger,0,1,1,48,49,2.04
September 30 2018,Lee,FL,Passenger,1,0,1,58,59,1.69
March 31 2025,Kauai,HI,Passenger,0,1,1,14,15,6.67
July 31 2017,Franklin,WA,Truck,0,0,0,18168,18168,0.00
July 31 2019,Kootenai,ID,Passenger,1,2,3,232,235,1.28
October 31 2024,Liberty,GA,Passenger,0,1,1,89,90,1.11
March 31 2024,Lincoln,OR,Passenger,1,0,1,24,25,4.00
May 31 2018,Skamania,WA,Truck,0,0,0,3920,3920,0.00
July 31 2022,Skamania,WA,Truck,0,0,0,3942,3942,0.00
March 31 2023,Clark,WA,Passenger,5285,2155,7440,313009,320449,2.32
December 31 2018,Volusia,FL,Passenger,0,1,1,39,40,2.50
August 31 2023,Clallam,WA,Truck,17,0,17,21645,21662,0.08
October 31 2021,Garfield,WA,Passenger,0,3,3,1348,1351,0.22
March 31 2017,Pima,AZ,Passenger,0,2,2,472,474,0.42
April 30 2020,Hudson,NJ,Passenger,1,0,1,43,44,2.27
September 30 2018,Pend Oreille,WA,Passenger,5,5,10,9583,9593,0.10
April 30 2024,Adams,WA,Truck,4,0,4,5408,5412,0.07
August 31 2024,San Mateo,CA,Passenger,4,1,5,77,82,6.10
October 31 2020,Cowlitz,WA,Passenger,160,122,282,72065,72347,0.39
August 31 2021,Harford,MD,Passenger,0,1,1,60,61,1.64
December 31 2021,Douglas,CO,Passenger,1,1,2,93,95,2.11
April 30 2022,Whitman,WA,Passenger,83,56,139,21966,22105,0.63
May 31 2024,DuPage,IL,Passenger,6,1,7,32,39,17.95
June 30 2023,Clackamas,OR,Passenger,0,1,1,143,144,0.69
April 30 2023,Asotin,WA,Passenger,34,20,54,12288,12342,0.44
October 31 2018,Franklin,WA,Passenger,35,66,101,58717,58818,0.17
December 31 2020,Polk,FL,Passenger,1,0,1,77,78,1.28
July 31 2020,Bucks,PA,Passenger,1,0,1,26,27,3.70
November 30 2017,Nassau,NY,Passenger,1,1,2,40,42,4.76
April 30 2017,Franklin,MA,Passenger,0,1,1,4,5,20.00
September 30 2017,Norfolk,VA,Passenger,1,1,2,311,313,0.64
September 30 2024,Clark,WA,Passenger,9176,3215,12391,314312,326703,3.79
May 31 2025,Greene,OH,Passenger,2,0,2,16,18,11.11
February 28 2017,Ferry,WA,Passenger,2,1,3,4393,4396,0.07
February 28 2025,Yakima,WA,Truck,34,0,34,60623,60657,0.06
August 31 2024,Klickitat,WA,Truck,24,0,24,8222,8246,0.29
May 31 2024,Benton,AR,Passenger,2,0,2,21,23,8.70
May 31 2024,Anne Arundel,MD,Passenger,6,3,9,296,305,2.95
November 30 2023,Prince William,VA,Passenger,0,4,4,156,160,2.50
September 30 2019,San Joaquin,CA,Passenger,1,0,1,146,147,0.68
April 30 2019,Sedgwick,KS,Passenger,0,1,1,109,110,0.91
January 31 2021,Shelby,OH,Passenger,0,1,1,3,4,25.00
September 30 2018,Lincoln,WA,Passenger,2,6,8,7744,7752,0.10
August 31 2024,Platte,MO,Passenger,1,1,2,11,13,15.38
September 30 2024,Duval,FL,Passenger,2,1,3,216,219,1.37
January 31 2023,Hawaii,HI,Passenger,1,0,1,42,43,2.33
March 31 2023,Ray,MO,Passenger,0,1,1,1,2,50.00
December 31 2017,Jefferson,WA,Truck,0,0,0,9466,9466,0.00
April 30 2025,Sacramento,CA,Truck,1,0,1,26,27,3.70
April 30 2024,Richmond,VA,Passenger,1,0,1,11,12,8.33
June 30 2024,Medina,TX,Passenger,1,0,1,6,7,14.29
May 31 2021,Spartanburg,SC,Passenger,0,1,1,55,56,1.79
July 31 2023,District of Columbia,DC,Truck,1,0,1,16,17,5.88
November 30 2021,Grant,WA,Truck,0,0,0,28010,28010,0.00
January 31 2025,Platte,MO,Passenger,0,1,1,11,12,8.33
August 31 2017,Thurston,WA,Truck,0,0,0,53394,53394,0.00
January 31 2022,Stevens,WA,Truck,0,0,0,18910,18910,0.00
April 30 2018,Lincoln,WA,Passenger,2,7,9,7610,7619,0.12
September 30 2018,San Juan,PR,Passenger,0,1,1,4,5,20.00
September 30 2023,Stevens,WA,Passenger,124,69,193,29439,29632,0.65
October 31 2024,Brevard,FL,Passenger,1,0,1,58,59,1.69
June 30 2020,Shelby,TN,Passenger,0,1,1,94,95,1.05
October 31 2021,Franklin,WA,Truck,0,0,0,20751,20751,0.00
December 31 2023,Washoe,NV,Passenger,5,0,5,62,67,7.46
September 30 2020,Franklin,WA,Passenger,68,75,143,60882,61025,0.23
March 31 2024,Whatcom,WA,Truck,102,0,102,42349,42451,0.24
May 31 2021,Charleston,SC,Passenger,2,0,2,93,95,2.11
September 30 2023,Yakima,WA,Truck,15,0,15,60905,60920,0.02
October 31 2023,Essex,MA,Passenger,1,0,1,15,16,6.25
October 31 2020,Deschutes,OR,Passenger,2,0,2,151,153,1.31
August 31 2021,Spokane,WA,Truck,0,0,0,102311,102311,0.00
May 31 2018,Twin Falls,ID,Passenger,0,1,1,25,26,3.85
August 31 2023,Botetourt,VA,Passenger,1,0,1,0,1,100.00
May 31 2025,Geary,KS,Truck,1,0,1,18,19,5.26
July 31 2022,Pend Oreille,WA,Passenger,18,12,30,9012,9042,0.33
April 30 2020,Orange,FL,Passenger,1,0,1,147,148,0.68
August 31 2017,Essex,NJ,Passenger,1,0,1,16,17,5.88
June 30 2017,Nassau,NY,Passenger,0,1,1,39,40,2.50
August 31 2022,Dorchester,SC,Passenger,1,0,1,68,69,1.45
May 31 2019,San Diego,CA,Passenger,11,3,14,2666,2680,0.52
October 31 2020,Hampshire,MA,Passenger,1,0,1,11,12,8.33
December 31 2017,Cumberland,NC,Passenger,1,0,1,559,560,0.18
June 30 2023,Jefferson,WA,Truck,11,0,11,9324,9335,0.12
June 30 2021,Asotin,WA,Passenger,20,17,37,12699,12736,0.29
June 30 2023,Pueblo,CO,Passenger,1,0,1,21,22,4.55
October 31 2017,Douglas,WA,Truck,0,0,0,11659,11659,0.00
November 30 2023,Williamson,TX,Passenger,1,1,2,82,84,2.38
February 28 2023,Richmond,GA,Passenger,0,1,1,64,65,1.54
August 31 2024,Volusia,FL,Truck,1,0,1,4,5,20.00
July 31 2024,Tooele,UT,Passenger,2,0,2,9,11,18.18
May 31 2025,Bell,TX,Passenger,1,0,1,167,168,0.60
November 30 2018,Montgomery,MD,Passenger,1,0,1,288,289,0.35
December 31 2020,Howard,MD,Passenger,0,1,1,75,76,1.32
August 31 2024,Sacramento,CA,Passenger,2,0,2,156,158,1.27
July 31 2022,Saratoga,NY,Passenger,1,0,1,51,52,1.92
April 30 2025,Kittitas,WA,Passenger,666,167,833,29002,29835,2.79
January 31 2022,Gwinnett,GA,Passenger,1,0,1,70,71,1.41
August 31 2023,San Diego,CA,Passenger,22,7,29,2332,2361,1.23
November 30 2018,Garfield,OK,Passenger,1,0,1,15,16,6.25
September 30 2020,Klamath,OR,Passenger,1,0,1,38,39,2.56
August 31 2018,DeKalb,IN,Passenger,1,0,1,1,2,50.00
December 31 2024,Washington,OR,Passenger,2,0,2,194,196,1.02
July 31 2024,Jefferson,KY,Passenger,1,0,1,34,35,2.86
February 28 2021,Snohomish,WA,Truck,1,0,1,125648,125649,0.00
October 31 2024,Kings,CA,Passenger,3,0,3,246,249,1.20
October 31 2022,Orange,CA,Passenger,8,3,11,437,448,2.46
July 31 2022,Hamilton,OH,Passenger,1,0,1,44,45,2.22
May 31 2023,Horry,SC,Passenger,1,0,1,19,20,5.00
May 31 2018,Santa Clara,CA,Passenger,7,0,7,409,416,1.68
September 30 2022,Middlesex,MA,Passenger,2,0,2,97,99,2.02
October 31 2023,Kitsap,WA,Truck,91,0,91,51787,51878,0.18
May 31 2020,Collin,TX,Passenger,2,1,3,140,143,2.10
April 30 2017,Walla Walla,WA,Passenger,22,24,46,34816,34862,0.13
June 30 2017,Skamania,WA,Truck,0,0,0,3891,3891,0.00
March 31 2024,Arapahoe,CO,Passenger,2,1,3,69,72,4.17
August 31 2023,Hoke,NC,Passenger,1,0,1,75,76,1.32
October 31 2019,Washoe,NV,Passenger,2,0,2,119,121,1.65
December 31 2023,Lincoln,WA,Passenger,22,25,47,7577,7624,0.62
October 31 2017,Gwinnett,GA,Passenger,0,1,1,90,91,1.10
September 30 2023,Oldham,KY,Passenger,0,1,1,5,6,16.67
February 28 2023,Okaloosa,FL,Passenger,0,3,3,107,110,2.73
September 30 2024,Sarasota,FL,Passenger,1,0,1,20,21,4.76
October 31 2024,Gwinnett,GA,Passenger,1,0,1,47,48,2.08
November 30 2020,Franklin,WA,Truck,0,0,0,20362,20362,0.00
March 31 2024,Chelan,WA,Passenger,816,227,1043,54174,55217,1.89
April 30 2020,Newport,RI,Passenger,0,1,1,79,80,1.25
May 31 2022,Norfolk,MA,Passenger,1,0,1,29,30,3.33
June 30 2024,Newport News,VA,Passenger,1,0,1,103,104,0.96
March 31 2023,Dallas,TX,Truck,1,0,1,11,12,8.33
July 31 2023,Cook,IL,Passenger,3,2,5,214,219,2.28
July 31 2020,Nassau,FL,Passenger,1,0,1,39,40,2.50
April 30 2017,El Paso,CO,Passenger,1,1,2,834,836,0.24
January 31 2024,Allegheny,PA,Passenger,4,0,4,61,65,6.15
September 30 2019,Lake,FL,Passenger,1,0,1,28,29,3.45
March 31 2023,Sarasota,FL,Passenger,1,0,1,36,37,2.70
December 31 2019,Jefferson,NY,Passenger,0,1,1,207,208,0.48
November 30 2020,Riverside,CA,Passenger,6,0,6,651,657,0.91
May 31 2025,Thurston,WA,Passenger,5675,1946,7621,185003,192624,3.96
December 31 2017,Hamilton,IN,Passenger,1,0,1,54,55,1.82
June 30 2023,Franklin,WA,Passenger,306,138,444,61877,62321,0.71
March 31 2024,Baltimore,MD,Passenger,1,0,1,73,74,1.35
February 28 2022,Harford,MD,Passenger,1,1,2,55,57,3.51
September 30 2019,Chelan,WA,Truck,0,0,0,22411,22411,0.00
January 31 2017,Lee,AL,Passenger,1,0,1,36,37,2.70
September 30 2022,Jefferson,IL,Passenger,1,0,1,1,2,50.00
August 31 2022,Thurston,WA,Passenger,2321,1083,3404,192099,195503,1.74
January 31 2022,Pacific,WA,Passenger,55,63,118,16023,16141,0.73
July 31 2022,Whitman,WA,Truck,2,0,2,8555,8557,0.02
July 31 2022,Lincoln,WA,Passenger,9,16,25,7692,7717,0.32
April 30 2019,Chelan,WA,Truck,0,0,0,22161,22161,0.00
September 30 2024,Norfolk,VA,Passenger,0,1,1,231,232,0.43
November 30 2023,Pinellas,FL,Passenger,1,0,1,66,67,1.49
December 31 2019,Shelby,TN,Passenger,0,1,1,102,103,0.97
November 30 2023,Sonoma,CA,Passenger,2,1,3,71,74,4.05
April 30 2022,Escambia,FL,Passenger,0,1,1,152,153,0.65
April 30 2019,Ferry,WA,Truck,0,0,0,3591,3591,0.00
January 31 2018,Thurston,WA,Passenger,486,407,893,190526,191419,0.47
November 30 2020,Kitsap,WA,Passenger,1521,737,2258,179473,181731,1.24
February 28 2022,Frederick,MD,Passenger,1,1,2,70,72,2.78
October 31 2019,Goochland,VA,Passenger,3,1,4,284,288,1.39
July 31 2024,Anne Arundel,MD,Truck,1,0,1,41,42,2.38
May 31 2025,Cumberland,PA,Passenger,1,0,1,37,38,2.63
September 30 2022,Louisa,VA,Passenger,0,1,1,2,3,33.33
September 30 2017,Wahkiakum,WA,Passenger,0,2,2,2838,2840,0.07
January 31 2022,Queens,NY,Passenger,1,0,1,60,61,1.64
January 31 2022,Owyhee,ID,Passenger,1,0,1,2,3,33.33
March 31 2022,Yakima,WA,Passenger,312,181,493,167488,167981,0.29
January 31 2019,Adams,WA,Passenger,5,6,11,12731,12742,0.09
November 30 2019,Tarrant,TX,Passenger,3,0,3,211,214,1.40
July 31 2022,Queens,NY,Passenger,1,0,1,53,54,1.85
December 31 2017,Saratoga,NY,Passenger,1,1,2,71,73,2.74
June 30 2017,Chelan,WA,Truck,0,0,0,21294,21294,0.00
July 31 2022,Los Angeles,CA,Passenger,8,8,16,892,908,1.76
January 31 2019,Whatcom,WA,Truck,2,0,2,42717,42719,0.00
January 31 2022,King,WA,Truck,14,1,15,182425,182440,0.01
September 30 2020,Pueblo,CO,Passenger,1,0,1,31,32,3.12
May 31 2017,Wahkiakum,WA,Truck,0,0,0,1643,1643,0.00
November 30 2024,Williamson,TN,Passenger,0,1,1,6,7,14.29
April 30 2021,Henrico,VA,Passenger,0,1,1,23,24,4.17
October 31 2022,Jefferson,NY,Passenger,1,0,1,208,209,0.48
February 29 2024,Bay,FL,Passenger,1,0,1,28,29,3.45
January 31 2022,Jefferson,WA,Passenger,384,199,583,24641,25224,2.31
May 31 2021,Adams,WA,Passenger,11,9,20,13025,13045,0.15
March 31 2025,Arlington,VA,Passenger,3,0,3,103,106,2.83
July 31 2017,Latah,ID,Passenger,0,1,1,101,102,0.98
October 31 2020,Collin,TX,Passenger,2,1,3,139,142,2.11
February 28 2023,Klickitat,WA,Truck,4,0,4,8259,8263,0.05
April 30 2019,Prince George's,MD,Passenger,1,1,2,194,196,1.02
February 28 2023,Isle of Wight,VA,Passenger,0,1,1,19,20,5.00
July 31 2019,Shelby,OH,Passenger,0,1,1,2,3,33.33
June 30 2021,Yakima,WA,Truck,0,0,0,61685,61685,0.00
May 31 2021,Lincoln,WA,Truck,0,0,0,4750,4750,0.00
January 31 2020,Fulton,GA,Passenger,1,3,4,110,114,3.51
January 31 2022,Rogers,OK,Passenger,1,0,1,8,9,11.11
January 31 2025,Hudson,NJ,Passenger,1,0,1,21,22,4.55
July 31 2024,,,Passenger,4,3,7,269,276,2.54
April 30 2019,Island,WA,Passenger,310,242,552,63152,63704,0.87
November 30 2020,Carroll,MD,Passenger,0,1,1,17,18,5.56
September 30 2018,Spokane,WA,Passenger,359,343,702,304977,305679,0.23
May 31 2024,Ogle,IL,Passenger,1,0,1,0,1,100.00
February 28 2019,Duval,FL,Passenger,1,2,3,392,395,0.76
March 31 2020,Lake,CA,Passenger,0,1,1,12,13,7.69
July 31 2019,Shelby,TN,Passenger,0,1,1,100,101,0.99
March 31 2023,San Luis Obispo,CA,Passenger,1,1,2,65,67,2.99
September 30 2020,Lewis,WA,Truck,0,0,0,26446,26446,0.00
January 31 2020,Clark,NV,Passenger,4,3,7,768,775,0.90
July 31 2021,Greene,MO,Passenger,0,1,1,40,41,2.44
February 28 2017,Shelby,TN,Passenger,0,1,1,114,115,0.87
May 31 2024,San Benito,CA,Passenger,1,0,1,5,6,16.67
November 30 2024,Washoe,NV,Passenger,4,0,4,49,53,7.55
December 31 2023,Montgomery,PA,Passenger,1,0,1,23,24,4.17
February 28 2025,Wise,TX,Passenger,2,0,2,3,5,40.00
May 31 2018,Santa Rosa,FL,Passenger,1,0,1,99,100,1.00
July 31 2018,Fulton,GA,Passenger,1,3,4,110,114,3.51
January 31 2020,Montgomery,AL,Passenger,1,1,2,37,39,5.13
April 30 2022,Shelby,OH,Passenger,0,1,1,4,5,20.00
August 31 2021,San Juan,WA,Passenger,451,143,594,14188,14782,4.02
May 31 2024,Chelan,WA,Truck,53,0,53,23027,23080,0.23
December 31 2022,Solano,CA,Passenger,2,1,3,171,174,1.72
March 31 2023,Whitman,WA,Passenger,130,71,201,21899,22100,0.91
July 31 2023,Prince George's,MD,Passenger,3,2,5,136,141,3.55
January 31 2024,Montgomery,TX,Passenger,1,0,1,27,28,3.57
December 31 2021,Nueces,TX,Passenger,1,0,1,77,78,1.28
August 31 2018,Adams,WA,Passenger,5,5,10,12671,12681,0.08
May 31 2025,Washoe,NV,Passenger,3,0,3,36,39,7.69
June 30 2019,Sumter,FL,Passenger,0,1,1,10,11,9.09
October 31 2023,Calvert,MD,Passenger,1,2,3,83,86,3.49
March 31 2023,Onslow,NC,Passenger,0,1,1,155,156,0.64
September 30 2023,Kootenai,ID,Passenger,1,3,4,136,140,2.86
June 30 2017,Montgomery,MD,Passenger,1,0,1,315,316,0.32
August 31 2018,Riverside,CA,Passenger,2,2,4,732,736,0.54
July 31 2018,Fresno,CA,Passenger,1,0,1,209,210,0.48
June 30 2023,Harford,MD,Passenger,1,1,2,49,51,3.92
February 28 2023,Deschutes,OR,Passenger,2,0,2,111,113,1.77
March 31 2017,District of Columbia,DC,Passenger,0,3,3,216,219,1.37
June 30 2024,Greene,OH,Passenger,2,0,2,19,21,9.52
July 31 2023,Contra Costa,CA,Passenger,3,3,6,185,191,3.14
October 31 2023,Dallas,TX,Truck,1,0,1,13,14,7.14
September 30 2024,Lewis,WA,Passenger,532,408,940,59777,60717,1.55
June 30 2020,Bartow,GA,Passenger,0,1,1,5,6,16.67
March 31 2019,Whatcom,WA,Passenger,793,384,1177,149651,150828,0.78
September 30 2022,King,WA,Passenger,43398,11775,55173,1340026,1395199,3.95
December 31 2020,Marion,IN,Passenger,1,0,1,75,76,1.32
February 28 2025,Cobb,GA,Passenger,1,0,1,38,39,2.56
February 28 2019,Chelan,WA,Passenger,145,66,211,54147,54358,0.39
March 31 2020,Richland,SC,Passenger,0,1,1,153,154,0.65
May 31 2025,Saratoga,NY,Passenger,1,1,2,29,31,6.45
March 31 2017,Morris,NJ,Passenger,1,0,1,22,23,4.35
October 31 2023,Grant,WA,Truck,13,0,13,28044,28057,0.05
February 28 2022,Alexandria,VA,Passenger,4,0,4,122,126,3.17
August 31 2020,Pinal,AZ,Passenger,1,0,1,210,211,0.47
June 30 2023,Columbia,WA,Passenger,11,1,12,2405,2417,0.50
March 31 2018,Skamania,WA,Passenger,12,8,20,8665,8685,0.23
March 31 2020,Flathead,MT,Passenger,1,0,1,75,76,1.32
December 31 2020,Dakota,MN,Passenger,0,1,1,29,30,3.33
October 31 2023,Denton,TX,Passenger,1,0,1,57,58,1.72
January 31 2022,Wichita,TX,Passenger,1,0,1,45,46,2.17
November 30 2023,Whitman,WA,Truck,6,0,6,8648,8654,0.07
November 30 2019,Bexar,TX,Passenger,0,5,5,689,694,0.72
June 30 2020,Ferry,WA,Passenger,5,3,8,4330,4338,0.18
February 28 2025,Calvert,MD,Passenger,1,1,2,66,68,2.94
April 30 2024,Kauai,HI,Passenger,0,1,1,21,22,4.55
April 30 2024,Nueces,TX,Passenger,2,0,2,60,62,3.23
April 30 2017,Whitman,WA,Truck,0,0,0,8376,8376,0.00
March 31 2019,Lee,FL,Passenger,1,0,1,53,54,1.85
July 31 2018,Monterey,CA,Passenger,0,2,2,191,193,1.04
March 31 2024,Pierce,WA,Truck,272,0,272,133550,133822,0.20
July 31 2022,Cook,IL,Passenger,2,0,2,237,239,0.84
October 31 2021,Hanover,VA,Passenger,1,0,1,3,4,25.00
May 31 2024,Loudoun,VA,Passenger,2,1,3,57,60,5.00
February 28 2025,New Haven,CT,Passenger,0,2,2,19,21,9.52
December 31 2023,Berkeley,SC,Passenger,2,0,2,121,123,1.63
September 30 2019,Nassau,NY,Passenger,4,0,4,42,46,8.70
December 31 2023,Wilson,TX,Passenger,0,1,1,3,4,25.00
June 30 2018,Caddo,LA,Passenger,0,1,1,25,26,3.85
June 30 2021,Sussex,NJ,Passenger,1,0,1,2,3,33.33
August 31 2024,Wise,TX,Passenger,2,0,2,4,6,33.33
June 30 2019,Thurston,WA,Truck,0,0,0,55074,55074,0.00
February 28 2023,Suffolk,VA,Passenger,1,0,1,124,125,0.80
May 31 2025,Harnett,NC,Passenger,2,1,3,116,119,2.52
July 31 2022,Weld,CO,Passenger,1,0,1,31,32,3.12
September 30 2022,Ventura,CA,Passenger,3,2,5,268,273,1.83
January 31 2019,Santa Fe,NM,Passenger,0,1,1,42,43,2.33
October 31 2022,Fulton,GA,Passenger,1,1,2,87,89,2.25
May 31 2022,Yellowstone,MT,Passenger,0,1,1,34,35,2.86
July 31 2017,Santa Fe,NM,Passenger,0,1,1,45,46,2.17
October 31 2019,Kittitas,WA,Passenger,87,45,132,29946,30078,0.44
October 31 2024,King,WA,Truck,1945,2,1947,169554,171501,1.14
February 28 2025,Larimer,CO,Passenger,1,0,1,25,26,3.85
April 30 2017,Chelan,WA,Passenger,55,31,86,51699,51785,0.17
November 30 2022,Walla Walla,WA,Passenger,201,107,308,35625,35933,0.86
September 30 2020,Twin Falls,ID,Passenger,0,1,1,26,27,3.70
November 30 2022,Richmond,NY,Passenger,1,0,1,3,4,25.00
December 31 2023,Snohomish,WA,Truck,280,0,280,120336,120616,0.23
September 30 2021,Pend Oreille,WA,Truck,0,0,0,5678,5678,0.00
December 31 2022,Carroll,NH,Passenger,0,1,1,3,4,25.00
February 29 2024,Franklin,OH,Passenger,1,0,1,55,56,1.79
October 31 2022,Columbia,GA,Passenger,0,1,1,100,101,0.99
December 31 2024,Pierce,WA,Passenger,13463,4008,17471,517897,535368,3.26
December 31 2024,Skagit,WA,Passenger,1760,618,2378,87896,90274,2.63
July 31 2020,Charles,MD,Passenger,1,1,2,77,79,2.53
March 31 2022,Grant,WA,Passenger,151,99,250,66758,67008,0.37
February 28 2021,Cameron,TX,Passenger,1,0,1,24,25,4.00
May 31 2022,Whitman,WA,Passenger,84,58,142,21940,22082,0.64
March 31 2017,Mason,WA,Truck,0,0,0,19221,19221,0.00
May 31 2021,Norfolk,VA,Passenger,2,3,5,322,327,1.53
December 31 2024,Hunt,TX,Passenger,1,0,1,4,5,20.00
October 31 2020,Pacific,WA,Truck,0,0,0,7744,7744,0.00
June 30 2019,Franklin,WA,Truck,0,0,0,19261,19261,0.00
March 31 2020,Stevens,WA,Truck,0,0,0,18681,18681,0.00
January 31 2024,Harris,TX,Passenger,2,2,4,163,167,2.40
October 31 2019,Harris,TX,Passenger,1,1,2,302,304,0.66
June 30 2024,Dallas,TX,Passenger,1,0,1,83,84,1.19
May 31 2022,Ada,ID,Passenger,2,0,2,221,223,0.90
February 28 2022,San Joaquin,CA,Passenger,1,1,2,110,112,1.79
October 31 2018,Richland,SC,Passenger,0,1,1,163,164,0.61
August 31 2021,Richland,SC,Passenger,0,1,1,141,142,0.70
December 31 2023,Douglas,NE,Passenger,1,1,2,28,30,6.67
October 31 2020,Hawaii,HI,Passenger,1,0,1,62,63,1.59
June 30 2022,Wood,OH,Passenger,0,1,1,7,8,12.50
January 31 2017,Portsmouth,VA,Passenger,0,1,1,66,67,1.49
December 31 2018,Grays Harbor,WA,Truck,0,0,0,20345,20345,0.00
December 31 2019,Cochise,AZ,Passenger,0,1,1,112,113,0.88
February 28 2021,Lincoln,WA,Passenger,6,13,19,7634,7653,0.25
April 30 2025,Weld,CO,Passenger,1,0,1,12,13,7.69
July 31 2018,Grays Harbor,WA,Truck,0,0,0,20219,20219,0.00
January 31 2022,Pennington,SD,Passenger,2,0,2,35,37,5.41
April 30 2025,Atlantic,NJ,Passenger,1,0,1,4,5,20.00
March 31 2020,Fairbanks North Star,AK,Passenger,0,1,1,102,103,0.97
February 28 2025,Jefferson,NY,Passenger,3,0,3,153,156,1.92
April 30 2017,Grant,WA,Truck,0,0,0,25090,25090,0.00
June 30 2023,Anne Arundel,MD,Passenger,3,3,6,324,330,1.82
October 31 2022,Albemarle,VA,Passenger,2,0,2,23,25,8.00
January 31 2025,Ventura,CA,Passenger,3,2,5,209,214,2.34
January 31 2023,Harnett,NC,Passenger,3,0,3,172,175,1.71
April 30 2022,Bartow,GA,Passenger,0,1,1,4,5,20.00
June 30 2023,Solano,CA,Passenger,4,1,5,162,167,2.99
March 31 2019,Twin Falls,ID,Passenger,0,1,1,23,24,4.17
April 30 2023,Pinal,AZ,Passenger,0,1,1,126,127,0.79
February 29 2024,Marion,IN,Passenger,2,0,2,30,32,6.25
November 30 2021,District of Columbia,DC,Passenger,4,0,4,188,192,2.08
September 30 2023,Marion,OR,Passenger,1,0,1,82,83,1.20
May 31 2024,Duval,FL,Truck,1,0,1,55,56,1.79
September 30 2024,District of Columbia,DC,Passenger,4,1,5,141,146,3.42
June 30 2018,Pacific,WA,Truck,0,0,0,7596,7596,0.00
July 31 2017,Yakima,WA,Passenger,49,62,111,159611,159722,0.07
April 30 2019,San Joaquin,CA,Passenger,1,0,1,146,147,0.68
January 31 2019,Benton,WA,Passenger,232,243,475,133156,133631,0.36
May 31 2024,Kings,CA,Passenger,6,0,6,257,263,2.28
September 30 2024,Liberty,GA,Passenger,0,1,1,90,91,1.10
December 31 2021,Williamsburg,VA,Passenger,0,1,1,7,8,12.50
April 30 2018,Utah,UT,Passenger,0,1,1,154,155,0.65
July 31 2024,Garfield,WA,Passenger,0,3,3,1298,1301,0.23
February 28 2021,Williamson,TX,Passenger,0,2,2,155,157,1.27
July 31 2022,Carroll,NH,Passenger,0,1,1,3,4,25.00
November 30 2021,Sacramento,CA,Passenger,2,1,3,266,269,1.12
November 30 2018,Pend Oreille,WA,Truck,0,0,0,5744,5744,0.00
June 30 2024,Pend Oreille,WA,Truck,3,0,3,5550,5553,0.05
September 30 2022,Moore,NC,Passenger,0,1,1,130,131,0.76
March 31 2024,Skagit,WA,Truck,42,0,42,31511,31553,0.13
April 30 2021,King,WA,Passenger,29428,8756,38184,1367480,1405664,2.72
February 28 2023,Collier,FL,Passenger,1,0,1,18,19,5.26
April 30 2018,Lake,CA,Passenger,0,1,1,8,9,11.11
October 31 2022,Baltimore,MD,Passenger,1,0,1,80,81,1.23
March 31 2025,Gwinnett,GA,Passenger,1,0,1,45,46,2.17
May 31 2024,Kootenai,ID,Truck,1,0,1,26,27,3.70
August 31 2021,Denver,CO,Passenger,1,0,1,132,133,0.75
May 31 2020,Asotin,WA,Truck,0,0,0,6585,6585,0.00
June 30 2017,Sangamon,IL,Passenger,1,0,1,11,12,8.33
May 31 2021,Douglas,CO,Passenger,1,1,2,85,87,2.30
April 30 2023,Stevens,WA,Passenger,106,61,167,29632,29799,0.56
July 31 2019,Skagit,WA,Truck,1,0,1,32509,32510,0.00
July 31 2021,Anne Arundel,MD,Passenger,2,1,3,392,395,0.76
August 31 2020,Lincoln,WA,Passenger,5,11,16,7617,7633,0.21
May 31 2021,Pima,AZ,Passenger,2,1,3,338,341,0.88
June 30 2023,San Joaquin,CA,Passenger,0,1,1,94,95,1.05
October 31 2022,Pima,AZ,Passenger,1,0,1,275,276,0.36
July 31 2017,Ramsey,MN,Passenger,1,0,1,42,43,2.33
December 31 2023,Currituck,NC,Passenger,1,0,1,23,24,4.17
October 31 2022,Lincoln,OR,Passenger,1,1,2,29,31,6.45
November 30 2022,Denton,TX,Passenger,2,0,2,81,83,2.41
June 30 2021,Pennington,SD,Passenger,1,0,1,34,35,2.86
September 30 2018,Juneau,AK,Passenger,0,1,1,48,49,2.04
March 31 2024,Williamsburg,VA,Passenger,0,1,1,3,4,25.00
November 30 2021,Yakima,WA,Truck,0,0,0,61673,61673,0.00
August 31 2021,San Joaquin,CA,Passenger,1,0,1,118,119,0.84
August 31 2020,Stevens,WA,Truck,0,0,0,18633,18633,0.00
April 30 2023,Chelan,WA,Passenger,603,155,758,54097,54855,1.38
April 30 2017,Monroe,NY,Passenger,1,0,1,28,29,3.45
December 31 2017,Franklin,WA,Passenger,30,50,80,56837,56917,0.14
September 30 2024,Charleston,SC,Passenger,0,2,2,54,56,3.57
September 30 2020,Benton,WA,Truck,0,0,0,43058,43058,0.00
May 31 2023,Montgomery,PA,Passenger,1,0,1,25,26,3.85
September 30 2021,Douglas,WA,Passenger,102,51,153,28559,28712,0.53
May 31 2025,Wake,NC,Passenger,2,0,2,65,67,2.99
February 28 2019,Camden,NJ,Passenger,0,1,1,23,24,4.17
December 31 2018,Clallam,WA,Truck,0,0,0,21645,21645,0.00
March 31 2025,Palm Beach,FL,Passenger,1,0,1,27,28,3.57
July 31 2023,Randolph,NC,Passenger,1,0,1,1,2,50.00
July 31 2021,Kitsap,WA,Truck,0,0,0,54307,54307,0.00
June 30 2020,Essex,MA,Passenger,1,0,1,25,26,3.85
July 31 2024,Chesterfield,VA,Passenger,1,0,1,39,40,2.50
August 31 2022,Snohomish,WA,Truck,45,0,45,122988,123033,0.04
December 31 2024,Hays,TX,Passenger,1,0,1,4,5,20.00
March 31 2021,Ferry,WA,Truck,0,0,0,3623,3623,0.00
January 31 2024,Plaquemines,LA,Passenger,1,1,2,17,19,10.53
March 31 2019,Lee,AL,Passenger,1,0,1,35,36,2.78
April 30 2025,Lincoln,WA,Passenger,36,36,72,7451,7523,0.96
February 29 2024,Garfield,WA,Passenger,0,3,3,1303,1306,0.23
September 30 2023,Bartow,GA,Passenger,0,1,1,3,4,25.00
February 28 2022,Galveston,TX,Passenger,0,1,1,24,25,4.00
June 30 2024,Galveston,TX,Passenger,1,1,2,20,22,9.09
November 30 2020,Mercer,NJ,Passenger,0,1,1,12,13,7.69
November 30 2021,Columbia,OR,Passenger,1,0,1,26,27,3.70
July 31 2020,Pinal,AZ,Passenger,1,0,1,208,209,0.48
May 31 2023,Williamson,TX,Passenger,0,1,1,95,96,1.04
November 30 2021,Ray,MO,Passenger,0,1,1,1,2,50.00
October 31 2023,Wahkiakum,WA,Passenger,27,20,47,3049,3096,1.52
February 28 2025,Sarasota,FL,Passenger,1,0,1,17,18,5.56
January 31 2022,Douglas,WA,Truck,0,0,0,12670,12670,0.00
December 31 2019,Henrico,VA,Passenger,0,1,1,21,22,4.55
April 30 2025,Cumberland,NC,Passenger,3,2,5,279,284,1.76
January 31 2020,Arlington,VA,Passenger,0,2,2,159,161,1.24
July 31 2023,Montgomery,MD,Passenger,6,2,8,203,211,3.79
November 30 2018,Multnomah,OR,Passenger,3,5,8,805,813,0.98
March 31 2017,Riverside,CA,Passenger,1,1,2,852,854,0.23
February 29 2020,Solano,CA,Passenger,1,0,1,220,221,0.45
August 31 2017,Riverside,CA,Passenger,1,2,3,800,803,0.37
July 31 2023,Bristol,MA,Passenger,1,0,1,8,9,11.11
March 31 2022,Clinton,PA,Passenger,1,0,1,0,1,100.00
June 30 2022,Allen,IN,Passenger,1,0,1,18,19,5.26
February 28 2018,Yakima,WA,Truck,0,0,0,58111,58111,0.00
September 30 2017,Essex,MA,Passenger,1,0,1,25,26,3.85
January 31 2024,Washington,OR,Passenger,3,0,3,262,265,1.13
July 31 2022,Greene,MO,Passenger,0,1,1,32,33,3.03
May 31 2023,Whitman,WA,Truck,4,0,4,8578,8582,0.05
September 30 2019,Hennepin,MN,Passenger,3,1,4,122,126,3.17
December 31 2023,Cook,IL,Passenger,3,3,6,202,208,2.88
April 30 2019,Thurston,WA,Passenger,820,612,1432,196554,197986,0.72
January 31 2025,Caddo,LA,Passenger,1,0,1,13,14,7.14
October 31 2022,Franklin,OH,Passenger,1,0,1,72,73,1.37
November 30 2024,Maricopa,AZ,Passenger,8,1,9,678,687,1.31
May 31 2019,Middlesex,MA,Passenger,1,0,1,115,116,0.86
April 30 2022,Burlington,NJ,Passenger,0,2,2,108,110,1.82
February 28 2022,Prince George's,MD,Passenger,2,1,3,156,159,1.89
November 30 2023,Asotin,WA,Passenger,40,24,64,12238,12302,0.52
October 31 2023,Burlington,NJ,Passenger,2,2,4,86,90,4.44
February 29 2024,District of Columbia,DC,Passenger,3,1,4,154,158,2.53
June 30 2024,Atlantic,NJ,Passenger,1,0,1,6,7,14.29
November 30 2021,Travis,TX,Passenger,5,4,9,163,172,5.23
May 31 2021,Wilson,NC,Passenger,1,0,1,1,2,50.00
October 31 2017,Utah,UT,Passenger,0,1,1,155,156,0.64
November 30 2024,Benton,WA,Truck,65,0,65,43010,43075,0.15
May 31 2019,Frederick,MD,Passenger,1,1,2,78,80,2.50
November 30 2020,Frederick,MD,Passenger,1,1,2,64,66,3.03
June 30 2023,El Paso,TX,Passenger,2,1,3,343,346,0.87
March 31 2022,Albemarle,VA,Passenger,3,0,3,25,28,10.71
October 31 2017,Nueces,TX,Passenger,0,1,1,94,95,1.05
September 30 2018,Grant,WA,Truck,0,0,0,26058,26058,0.00
February 28 2025,Arlington,VA,Passenger,4,0,4,109,113,3.54
March 31 2024,New York,NY,Passenger,4,0,4,40,44,9.09
March 31 2019,Owyhee,ID,Passenger,1,0,1,5,6,16.67
January 31 2021,Sussex,NJ,Passenger,1,0,1,2,3,33.33
November 30 2023,Jefferson,WA,Passenger,634,273,907,24127,25034,3.62
June 30 2024,Okanogan,WA,Passenger,185,88,273,25989,26262,1.04
May 31 2017,Snohomish,WA,Truck,1,0,1,121838,121839,0.00
May 31 2018,Sangamon,IL,Passenger,1,0,1,11,12,8.33
May 31 2024,Utah,UT,Passenger,2,0,2,88,90,2.22
October 31 2023,Pettis,MO,Passenger,1,0,1,4,5,20.00
August 31 2018,Camden,NJ,Passenger,0,1,1,28,29,3.45
October 31 2020,Randolph,NC,Passenger,1,0,1,7,8,12.50
August 31 2019,Juneau,AK,Passenger,0,2,2,37,39,5.13
July 31 2017,Asotin,WA,Truck,0,0,0,6526,6526,0.00
April 30 2025,Goochland,VA,Passenger,1,0,1,21,22,4.55
December 31 2020,Stevens,WA,Passenger,36,40,76,30189,30265,0.25
September 30 2018,Hardin,KY,Passenger,0,1,1,121,122,0.82
August 31 2024,New York,NY,Passenger,4,0,4,31,35,11.43
November 30 2018,San Diego,CA,Passenger,9,3,12,2569,2581,0.46
July 31 2019,Travis,TX,Passenger,5,1,6,220,226,2.65
March 31 2025,Kent,RI,Truck,1,0,1,3,4,25.00
January 31 2023,Columbia,WA,Passenger,8,1,9,2431,2440,0.37
August 31 2017,Cowlitz,WA,Truck,0,0,0,27988,27988,0.00
September 30 2021,Harris,TX,Passenger,1,2,3,240,243,1.23
September 30 2023,Wise,TX,Passenger,2,0,2,6,8,25.00
August 31 2022,Sedgwick,KS,Passenger,0,1,1,76,77,1.30
June 30 2024,Clallam,WA,Truck,29,0,29,21386,21415,0.14
April 30 2025,Sonoma,CA,Passenger,0,1,1,55,56,1.79
November 30 2017,Los Angeles,CA,Passenger,4,3,7,1258,1265,0.55
September 30 2024,El Dorado,CA,Passenger,2,0,2,20,22,9.09
March 31 2024,Essex,NJ,Passenger,2,1,3,10,13,23.08
March 31 2025,Liberty,GA,Passenger,0,1,1,78,79,1.27
March 31 2025,DuPage,IL,Passenger,3,0,3,24,27,11.11
November 30 2017,Skamania,WA,Truck,0,0,0,3893,3893,0.00
January 31 2023,Chatham,NC,Passenger,1,0,1,7,8,12.50
August 31 2017,Klickitat,WA,Truck,0,0,0,7959,7959,0.00
March 31 2021,,,Passenger,4,1,5,384,389,1.29
April 30 2022,Virginia Beach,VA,Passenger,1,0,1,575,576,0.17
May 31 2018,Volusia,FL,Passenger,0,1,1,35,36,2.78
January 31 2020,Santa Cruz,CA,Passenger,1,0,1,38,39,2.56
October 31 2017,Nantucket,MA,Passenger,1,0,1,3,4,25.00
August 31 2022,Currituck,NC,Passenger,1,0,1,22,23,4.35
May 31 2020,Montgomery,TX,Passenger,1,0,1,60,61,1.64
January 31 2025,Yakima,WA,Passenger,1043,411,1454,167646,169100,0.86
August 31 2024,Kings,NY,Passenger,2,1,3,37,40,7.50
February 28 2023,Collin,TX,Passenger,5,0,5,85,90,5.56
February 28 2021,Washoe,NV,Passenger,1,0,1,107,108,0.93
October 31 2018,Los Angeles,CA,Passenger,5,6,11,1175,1186,0.93
April 30 2024,Pend Oreille,WA,Passenger,35,21,56,8690,8746,0.64
October 31 2019,Santa Clara,CA,Passenger,9,2,11,398,409,2.69
July 31 2019,Mecklenburg,NC,Passenger,1,0,1,99,100,1.00
June 30 2020,Columbia,OR,Passenger,1,0,1,27,28,3.57
January 31 2025,Bristol,MA,Passenger,1,0,1,5,6,16.67
August 31 2022,Maricopa,AZ,Passenger,18,3,21,1216,1237,1.70
June 30 2020,Norfolk,VA,Passenger,2,2,4,333,337,1.19
February 28 2019,Jefferson,WA,Passenger,179,113,292,24841,25133,1.16
April 30 2018,Santa Clara,CA,Passenger,6,1,7,409,416,1.68
September 30 2017,Northampton,PA,Passenger,0,1,1,80,81,1.23
March 31 2018,DuPage,IL,Passenger,1,0,1,68,69,1.45
November 30 2024,Salt Lake,UT,Passenger,1,0,1,106,107,0.93
July 31 2023,Flathead,MT,Passenger,1,0,1,35,36,2.78
July 31 2023,Dallas,TX,Passenger,3,0,3,104,107,2.80
October 31 2023,Will,IL,Passenger,0,1,1,16,17,5.88
July 31 2022,Grays Harbor,WA,Passenger,214,162,376,48840,49216,0.76
November 30 2021,Fulton,GA,Passenger,0,1,1,87,88,1.14
January 31 2021,Lee,FL,Passenger,1,0,1,53,54,1.85
February 28 2017,Kittitas,WA,Truck,0,0,0,13387,13387,0.00
June 30 2020,King,WA,Passenger,24085,7714,31799,1369431,1401230,2.27
May 31 2017,Honolulu,HI,Passenger,3,2,5,614,619,0.81
February 28 2018,Spokane,WA,Passenger,306,262,568,300398,300966,0.19
January 31 2024,Lake,IL,Passenger,8,0,8,128,136,5.88
January 31 2023,Flathead,MT,Passenger,1,0,1,43,44,2.27
October 31 2024,Rockingham,NH,Passenger,2,0,2,15,17,11.76
November 30 2021,Larimer,CO,Passenger,1,0,1,55,56,1.79
July 31 2019,Sussex,NJ,Passenger,1,0,1,2,3,33.33
October 31 2019,Dallas,TX,Passenger,1,0,1,222,223,0.45
February 29 2020,Clark,WA,Truck,0,0,0,81930,81930,0.00
October 31 2023,Walla Walla,WA,Passenger,253,128,381,35377,35758,1.07
October 31 2024,DeKalb,GA,Truck,1,0,1,0,1,100.00
July 31 2017,Orange,FL,Passenger,1,1,2,142,144,1.39
February 28 2018,Manatee,FL,Passenger,1,0,1,42,43,2.33
October 31 2020,Collier,FL,Passenger,1,0,1,27,28,3.57
July 31 2017,Grant,WA,Passenger,19,30,49,60993,61042,0.08
September 30 2017,Clark,WA,Passenger,810,542,1352,301302,302654,0.45
September 30 2021,Saginaw,MI,Passenger,1,0,1,8,9,11.11
March 31 2022,Montgomery,TX,Passenger,2,0,2,47,49,4.08
September 30 2020,Newport,RI,Passenger,0,1,1,78,79,1.27
January 31 2022,Lake,FL,Passenger,1,0,1,27,28,3.57
March 31 2022,Henrico,VA,Passenger,0,1,1,23,24,4.17
December 31 2023,Penobscot,ME,Passenger,0,1,1,6,7,14.29
December 31 2023,Nassau,NY,Passenger,2,0,2,28,30,6.67
January 31 2025,Portsmouth,VA,Passenger,0,2,2,58,60,3.33
September 30 2023,San Diego,CA,Truck,1,0,1,466,467,0.21
February 28 2017,Okanogan,WA,Truck,0,0,0,16294,16294,0.00
November 30 2024,Douglas,NE,Passenger,1,1,2,17,19,10.53
October 31 2022,Providence,RI,Passenger,1,0,1,21,22,4.55
August 31 2019,Grant,WA,Truck,0,0,0,26729,26729,0.00
September 30 2023,Suffolk,VA,Passenger,1,0,1,110,111,0.90
November 30 2024,Chatham,NC,Passenger,1,0,1,4,5,20.00
December 31 2021,Camden,NJ,Passenger,0,1,1,12,13,7.69
April 30 2018,Montgomery,PA,Passenger,1,0,1,36,37,2.70
January 31 2019,New London,CT,Passenger,0,1,1,241,242,0.41
June 30 2019,Cascade,MT,Passenger,0,1,1,71,72,1.39
December 31 2021,Norfolk,VA,Passenger,2,3,5,317,322,1.55
May 31 2024,Williamson,TN,Passenger,0,1,1,12,13,7.69
January 31 2020,Putnam,TN,Passenger,0,1,1,5,6,16.67
September 30 2024,Howard,MD,Passenger,1,2,3,52,55,5.45
July 31 2020,Rogers,OK,Passenger,1,0,1,10,11,9.09
August 31 2022,Montgomery,TX,Passenger,1,0,1,43,44,2.27
November 30 2017,Allegheny,PA,Passenger,1,0,1,95,96,1.04
October 31 2017,Prince William,VA,Passenger,0,4,4,262,266,1.50
July 31 2021,Lee,FL,Passenger,1,0,1,46,47,2.13
April 30 2017,Clark,WA,Truck,0,0,0,77515,77515,0.00
October 31 2019,Contra Costa,CA,Passenger,2,3,5,345,350,1.43
January 31 2024,Anne Arundel,MD,Truck,1,0,1,42,43,2.33
March 31 2022,Pend Oreille,WA,Truck,0,0,0,5670,5670,0.00
June 30 2023,Pierce,WA,Passenger,7584,2781,10365,528365,538730,1.92
March 31 2017,Fulton,GA,Passenger,1,1,2,124,126,1.59
December 31 2021,Boone,MO,Passenger,0,1,1,10,11,9.09
January 31 2020,Boulder,CO,Passenger,1,1,2,58,60,3.33
May 31 2024,Clackamas,OR,Passenger,1,1,2,113,115,1.74
June 30 2022,Santa Clara,CA,Passenger,19,4,23,306,329,6.99
April 30 2025,Garfield,WA,Truck,0,0,0,973,973,0.00
March 31 2021,Washington,OR,Passenger,1,0,1,443,444,0.23
May 31 2018,Mason,WA,Passenger,77,90,167,45569,45736,0.37
October 31 2023,St. Lawrence,NY,Passenger,1,2,3,5,8,37.50
April 30 2025,Lewis,WA,Truck,29,0,29,25464,25493,0.11
March 31 2019,Williamson,TX,Passenger,0,1,1,171,172,0.58
July 31 2020,Santa Cruz,CA,Passenger,1,0,1,34,35,2.86
June 30 2022,Stevens,WA,Truck,0,0,0,18903,18903,0.00
September 30 2020,Solano,CA,Passenger,1,0,1,214,215,0.47
January 31 2025,Kings,NY,Passenger,2,1,3,34,37,8.11
August 31 2024,Island,WA,Truck,65,0,65,20648,20713,0.31
March 31 2019,Carroll,NH,Passenger,0,1,1,1,2,50.00
March 31 2020,Klickitat,WA,Passenger,50,41,91,15588,15679,0.58
May 31 2019,Douglas,WA,Passenger,56,36,92,27991,28083,0.33
March 31 2025,Jefferson,WA,Passenger,887,336,1223,23737,24960,4.90
May 31 2019,Santa Rosa,FL,Passenger,1,0,1,90,91,1.10
March 31 2017,Lincoln,WA,Truck,0,0,0,4467,4467,0.00
March 31 2019,Carson City,NV,Passenger,1,0,1,15,16,6.25
August 31 2020,Palm Beach,FL,Passenger,0,2,2,83,85,2.35
April 30 2021,Collier,FL,Passenger,1,0,1,25,26,3.85
May 31 2018,San Francisco,CA,Passenger,0,2,2,131,133,1.50
May 31 2022,Yavapai,AZ,Passenger,0,1,1,35,36,2.78
June 30 2024,Multnomah,OR,Passenger,6,1,7,471,478,1.46
April 30 2023,Palm Beach,FL,Passenger,3,1,4,55,59,6.78
June 30 2021,Meade,KY,Passenger,1,0,1,27,28,3.57
November 30 2019,Deschutes,OR,Passenger,4,0,4,167,171,2.34
April 30 2020,Manassas,VA,Passenger,0,1,1,6,7,14.29
September 30 2019,Okanogan,WA,Passenger,24,26,50,26221,26271,0.19
July 31 2020,Duval,FL,Passenger,0,2,2,375,377,0.53
September 30 2024,Pettis,MO,Passenger,1,0,1,3,4,25.00
October 31 2017,Kitsap,WA,Truck,1,0,1,52589,52590,0.00
October 31 2021,Mercer,NJ,Passenger,0,1,1,10,11,9.09
February 29 2024,Grant,WA,Passenger,387,170,557,67357,67914,0.82
May 31 2022,Skamania,WA,Passenger,70,45,115,8180,8295,1.39
July 31 2019,Calvert,MD,Passenger,0,2,2,89,91,2.20
June 30 2018,Kittitas,WA,Truck,0,0,0,14053,14053,0.00
February 28 2021,Maricopa,AZ,Passenger,7,8,15,1539,1554,0.97
June 30 2017,Kittitas,WA,Passenger,22,17,39,27570,27609,0.14
January 31 2017,Prince George's,MD,Passenger,0,1,1,190,191,0.52
January 31 2021,Calvert,MD,Passenger,0,2,2,91,93,2.15
October 31 2024,Chelan,WA,Passenger,963,278,1241,54067,55308,2.24
July 31 2020,Boulder,CO,Passenger,1,1,2,51,53,3.77
August 31 2017,Kitsap,WA,Passenger,637,336,973,173771,174744,0.56
September 30 2021,Washtenaw,MI,Passenger,0,1,1,35,36,2.78
September 30 2018,Walla Walla,WA,Passenger,36,49,85,35906,35991,0.24
November 30 2024,Sedgwick,KS,Passenger,0,1,1,49,50,2.00
March 31 2022,Orange,CA,Passenger,7,3,10,460,470,2.13
August 31 2023,Stafford,VA,Passenger,3,0,3,81,84,3.57
June 30 2019,Suffolk,MA,Passenger,0,1,1,40,41,2.44
December 31 2019,Okanogan,WA,Truck,0,0,0,16541,16541,0.00
July 31 2024,Manassas,VA,Passenger,1,0,1,6,7,14.29
September 30 2022,Kings,NY,Passenger,1,0,1,64,65,1.54
July 31 2017,San Diego,CA,Passenger,5,2,7,2706,2713,0.26
August 31 2023,Chesterfield,VA,Passenger,1,0,1,43,44,2.27
July 31 2019,Essex,MA,Passenger,1,0,1,32,33,3.03
June 30 2019,Lincoln,WA,Truck,0,0,0,4673,4673,0.00
December 31 2020,Arapahoe,CO,Passenger,1,0,1,132,133,0.75
April 30 2024,Lewis,WA,Passenger,445,369,814,58978,59792,1.36
October 31 2020,Flathead,MT,Passenger,2,0,2,68,70,2.86
March 31 2021,Davidson,TN,Passenger,1,0,1,77,78,1.28
February 28 2017,Guilford,NC,Passenger,1,0,1,35,36,2.78
September 30 2023,Travis,TX,Passenger,3,4,7,106,113,6.19
March 31 2017,Sumter,FL,Passenger,0,1,1,10,11,9.09
July 31 2018,Whitman,WA,Passenger,19,28,47,22650,22697,0.21
February 28 2021,Lewis,WA,Truck,0,0,0,26704,26704,0.00
September 30 2020,Goochland,VA,Passenger,3,2,5,287,292,1.71
April 30 2022,Cowlitz,WA,Truck,0,1,1,28696,28697,0.00
December 31 2019,Clark,WA,Passenger,1842,1044,2886,317509,320395,0.90
June 30 2023,Skagit,WA,Passenger,1104,413,1517,88661,90178,1.68
September 30 2019,Wilson,TX,Passenger,0,1,1,7,8,12.50
February 29 2024,Riverside,CA,Passenger,9,2,11,443,454,2.42
July 31 2019,Chelan,WA,Passenger,161,68,229,54414,54643,0.42
November 30 2021,Santa Cruz,CA,Passenger,1,0,1,29,30,3.33
December 31 2018,Manassas,VA,Passenger,0,1,1,9,10,10.00
May 31 2024,Douglas,WA,Truck,14,0,14,13046,13060,0.11
April 30 2024,Benton,AR,Passenger,2,0,2,22,24,8.33
April 30 2023,Fairfax,VA,Passenger,9,3,12,652,664,1.81
March 31 2023,Adams,CO,Passenger,1,0,1,39,40,2.50
January 31 2018,Ventura,CA,Passenger,0,1,1,348,349,0.29
May 31 2020,Saginaw,MI,Passenger,1,0,1,11,12,8.33
January 31 2023,Wichita,TX,Passenger,1,0,1,39,40,2.50
March 31 2023,Sacramento,CA,Passenger,3,1,4,227,231,1.73
May 31 2020,Albemarle,VA,Passenger,1,0,1,25,26,3.85
February 28 2023,Sumter,SC,Passenger,0,1,1,31,32,3.12
January 31 2020,Fresno,CA,Passenger,2,0,2,211,213,0.94
January 31 2017,Santa Clara,CA,Passenger,5,3,8,481,489,1.64
February 28 2018,New Haven,CT,Passenger,0,1,1,53,54,1.85
October 31 2024,Virginia Beach,VA,Truck,1,0,1,112,113,0.88
November 30 2020,Orange,CA,Passenger,6,3,9,505,514,1.75
August 31 2020,Garfield,WA,Truck,0,0,0,992,992,0.00
July 31 2023,Placer,CA,Passenger,1,0,1,82,83,1.20
June 30 2020,Pima,AZ,Passenger,3,1,4,388,392,1.02
June 30 2024,Garfield,OK,Passenger,1,0,1,18,19,5.26
May 31 2022,Oldham,KY,Passenger,0,1,1,5,6,16.67
August 31 2017,Okaloosa,FL,Passenger,1,0,1,183,184,0.54
December 31 2017,Snohomish,WA,Truck,1,0,1,121388,121389,0.00
November 30 2022,Sussex,NJ,Passenger,1,0,1,2,3,33.33
September 30 2017,Norfolk,MA,Passenger,1,0,1,41,42,2.38
October 31 2021,Carroll,MD,Passenger,0,1,1,18,19,5.26
December 31 2024,Clackamas,OR,Passenger,1,1,2,82,84,2.38
October 31 2019,Benton,WA,Truck,0,0,0,42348,42348,0.00
September 30 2017,Ferry,WA,Passenger,1,1,2,4379,4381,0.05
March 31 2020,Franklin,WA,Passenger,58,76,134,60971,61105,0.22
November 30 2019,Suffolk,VA,Passenger,1,0,1,128,129,0.78
July 31 2023,Nassau,NY,Passenger,2,0,2,33,35,5.71
December 31 2023,Cameron,TX,Passenger,1,0,1,18,19,5.26
January 31 2017,Klickitat,WA,Passenger,20,22,42,14796,14838,0.28
July 31 2017,Pend Oreille,WA,Truck,0,0,0,5580,5580,0.00
June 30 2019,Klickitat,WA,Truck,0,0,0,8237,8237,0.00
August 31 2024,Larimer,CO,Passenger,1,0,1,33,34,2.94
September 30 2023,San Mateo,CA,Passenger,6,1,7,94,101,6.93
May 31 2025,San Juan,WA,Passenger,837,271,1108,13023,14131,7.84
October 31 2023,Charleston,SC,Passenger,0,2,2,63,65,3.08
November 30 2017,Clark,WA,Truck,0,0,0,78197,78197,0.00
March 31 2021,Deschutes,OR,Passenger,2,0,2,149,151,1.32
March 31 2024,Tom Green,TX,Passenger,0,1,1,17,18,5.56
November 30 2020,New London,CT,Passenger,1,2,3,234,237,1.27
November 30 2023,Palm Beach,FL,Passenger,2,1,3,44,47,6.38
May 31 2019,Cochise,AZ,Passenger,0,1,1,117,118,0.85
June 30 2024,Santa Cruz,AZ,Passenger,1,0,1,4,5,20.00
November 30 2018,Contra Costa,CA,Passenger,0,2,2,404,406,0.49
May 31 2017,Franklin,MA,Passenger,0,1,1,4,5,20.00
May 31 2021,Moore,NC,Passenger,0,1,1,146,147,0.68
March 31 2024,Dakota,MN,Passenger,0,1,1,11,12,8.33
August 31 2024,King,WA,Passenger,83237,19971,103208,1305107,1408315,7.33
May 31 2024,Polk,OR,Passenger,1,1,2,18,20,10.00
October 31 2018,Wahkiakum,WA,Truck,0,0,0,1701,1701,0.00
February 28 2021,Cumberland,NC,Passenger,1,2,3,450,453,0.66
March 31 2019,Santa Clara,CA,Passenger,8,1,9,394,403,2.23
January 31 2017,San Diego,CA,Passenger,4,2,6,2891,2897,0.21
March 31 2024,Pulaski,MO,Passenger,3,0,3,97,100,3.00
March 31 2023,Mason,WA,Truck,11,0,11,20786,20797,0.05
December 31 2020,Sumter,FL,Passenger,0,1,1,10,11,9.09
February 28 2019,Douglas,WA,Truck,0,0,0,12165,12165,0.00
June 30 2023,District of Columbia,DC,Truck,1,0,1,16,17,5.88
December 31 2021,Alameda,CA,Passenger,6,0,6,251,257,2.33
February 28 2021,Whatcom,WA,Passenger,1276,571,1847,149857,151704,1.22
April 30 2023,Camden,NJ,Passenger,0,1,1,11,12,8.33
May 31 2018,Kittitas,WA,Passenger,45,32,77,28890,28967,0.27
April 30 2024,Loudoun,VA,Passenger,2,1,3,60,63,4.76
February 28 2017,Jefferson,NY,Passenger,1,1,2,255,257,0.78
June 30 2019,Kitsap,WA,Passenger,1049,605,1654,180661,182315,0.91
May 31 2017,Adams,WA,Truck,0,0,0,5078,5078,0.00
July 31 2023,Hillsborough,FL,Passenger,2,1,3,135,138,2.17
February 28 2022,Mohave,AZ,Passenger,1,0,1,65,66,1.52
December 31 2021,San Bernardino,CA,Passenger,1,1,2,417,419,0.48
February 28 2021,Wilson,TX,Passenger,0,1,1,6,7,14.29
April 30 2017,Spokane,WA,Passenger,236,208,444,295628,296072,0.15
May 31 2021,Thurston,WA,Truck,0,0,0,56505,56505,0.00
October 31 2018,Whatcom,WA,Passenger,701,339,1040,148727,149767,0.69
March 31 2022,Hudson,NJ,Passenger,2,0,2,43,45,4.44
September 30 2024,Bannock,ID,Passenger,1,0,1,7,8,12.50
September 30 2021,Maricopa,AZ,Passenger,13,6,19,1428,1447,1.31
February 28 2025,Snohomish,WA,Passenger,23638,4738,28376,521897,550273,5.16
April 30 2020,Clallam,WA,Truck,1,0,1,21690,21691,0.00
September 30 2024,Cobb,GA,Passenger,1,0,1,40,41,2.44
April 30 2019,Randolph,NC,Passenger,1,0,1,5,6,16.67
May 31 2018,Maui,HI,Passenger,1,0,1,60,61,1.64
March 31 2017,Duval,FL,Passenger,1,1,2,373,375,0.53
April 30 2020,San Francisco,CA,Passenger,2,2,4,107,111,3.60
November 30 2018,Columbia,WA,Passenger,2,2,4,2439,2443,0.16
September 30 2024,Williamsburg,VA,Passenger,0,1,1,3,4,25.00
December 31 2017,Clallam,WA,Truck,0,0,0,21221,21221,0.00
May 31 2023,Yellowstone,MT,Passenger,0,1,1,27,28,3.57
July 31 2020,Arlington,VA,Passenger,0,2,2,155,157,1.27
June 30 2020,Calvert,MD,Passenger,0,2,2,92,94,2.13
June 30 2019,Riverside,CA,Passenger,2,2,4,697,701,0.57
February 28 2025,Norfolk,VA,Passenger,0,1,1,214,215,0.47
December 31 2018,San Diego,CA,Passenger,9,3,12,2571,2583,0.46
June 30 2023,Harrison,MS,Passenger,1,0,1,42,43,2.33
October 31 2019,Skamania,WA,Truck,0,0,0,4101,4101,0.00
July 31 2018,Cochise,AZ,Passenger,0,1,1,117,118,0.85
January 31 2018,Pacific,WA,Truck,0,0,0,7530,7530,0.00
March 31 2018,Nueces,TX,Passenger,1,1,2,95,97,2.06
March 31 2018,Hardin,KY,Passenger,0,1,1,117,118,0.85
September 30 2023,Ferry,WA,Passenger,23,4,27,4308,4335,0.62
October 31 2022,Clark,WA,Passenger,4600,1921,6521,314249,320770,2.03
May 31 2024,Columbia,WA,Passenger,9,0,9,2406,2415,0.37
November 30 2020,Monterey,CA,Passenger,1,2,3,166,169,1.78
June 30 2019,Albemarle,VA,Passenger,1,0,1,25,26,3.85
September 30 2023,Doña Ana,NM,Passenger,1,0,1,17,18,5.56
January 31 2019,New York,NY,Passenger,1,0,1,81,82,1.22
August 31 2020,Wilson,TX,Passenger,0,1,1,6,7,14.29
February 29 2020,Richland,SC,Passenger,0,1,1,158,159,0.63
July 31 2021,Skamania,WA,Passenger,51,36,87,8397,8484,1.03
November 30 2022,Allen,IN,Passenger,1,0,1,17,18,5.56
December 31 2018,Montgomery,TX,Passenger,2,0,2,66,68,2.94
November 30 2022,Owyhee,ID,Passenger,1,0,1,3,4,25.00
December 31 2020,Kootenai,ID,Passenger,0,1,1,224,225,0.44
October 31 2020,Harford,MD,Passenger,0,1,1,64,65,1.54
May 31 2025,Wahkiakum,WA,Truck,9,0,9,1729,1738,0.52
April 30 2018,Williamson,TX,Passenger,0,1,1,177,178,0.56
May 31 2020,Pacific,WA,Truck,0,0,0,7616,7616,0.00
July 31 2024,Thurston,WA,Passenger,4584,1615,6199,189216,195415,3.17
July 31 2018,Travis,TX,Passenger,1,0,1,209,210,0.48
December 31 2018,Cochise,AZ,Passenger,0,1,1,121,122,0.82
January 31 2019,San Juan,WA,Truck,0,0,0,5797,5797,0.00
June 30 2018,Bexar,TX,Passenger,2,4,6,764,770,0.78
April 30 2023,St. Louis,MO,Passenger,1,0,1,69,70,1.43
December 31 2018,Pend Oreille,WA,Truck,0,0,0,5739,5739,0.00
June 30 2019,Skagit,WA,Truck,1,0,1,32427,32428,0.00
January 31 2020,Charleston,SC,Passenger,1,0,1,113,114,0.88
April 30 2023,Rockingham,NH,Passenger,1,0,1,20,21,4.76
December 31 2022,Kitsap,WA,Truck,33,0,33,52719,52752,0.06
April 30 2025,Berkeley,SC,Passenger,1,0,1,80,81,1.23
February 28 2022,Nassau,NY,Passenger,4,0,4,38,42,9.52
April 30 2022,Fairfax,VA,Passenger,7,3,10,685,695,1.44
October 31 2020,Sedgwick,KS,Passenger,1,1,2,101,103,1.94
May 31 2017,Saratoga,NY,Passenger,1,1,2,73,75,2.67
August 31 2021,Randolph,NC,Passenger,1,0,1,5,6,16.67
October 31 2019,Carson City,NV,Passenger,1,0,1,12,13,7.69
February 28 2022,Fort Bend,TX,Passenger,1,0,1,36,37,2.70
January 31 2025,San Diego,CA,Passenger,28,8,36,1847,1883,1.91
January 31 2019,Pierce,WA,Truck,0,0,0,139040,139040,0.00
May 31 2024,Harnett,NC,Passenger,4,1,5,139,144,3.47
March 31 2024,Liberty,GA,Passenger,0,1,1,105,106,0.94
February 28 2022,Harrison,MS,Passenger,2,0,2,53,55,3.64
August 31 2022,Washoe,NV,Passenger,1,0,1,78,79,1.27
May 31 2022,Norfolk,VA,Passenger,2,3,5,305,310,1.61
May 31 2021,Henrico,VA,Passenger,0,1,1,23,24,4.17
June 30 2019,New London,CT,Passenger,0,1,1,231,232,0.43
August 31 2019,New Haven,CT,Passenger,0,2,2,46,48,4.17
October 31 2019,Vigo,IN,Passenger,1,0,1,6,7,14.29
April 30 2025,Douglas,NE,Passenger,1,2,3,14,17,17.65
August 31 2023,Kane,IL,Passenger,1,0,1,8,9,11.11
December 31 2017,Twin Falls,ID,Passenger,0,1,1,26,27,3.70
February 28 2017,King,WA,Passenger,9095,3711,12806,1384506,1397312,0.92
August 31 2023,Kern,CA,Passenger,2,1,3,202,205,1.46
May 31 2022,Leavenworth,KS,Passenger,1,2,3,96,99,3.03
May 31 2025,Harris,TX,Passenger,1,1,2,103,105,1.90
November 30 2023,Douglas,WA,Truck,8,0,8,13048,13056,0.06
June 30 2020,Grant,WA,Truck,0,0,0,27071,27071,0.00
May 31 2021,Ray,MO,Passenger,0,1,1,1,2,50.00
December 31 2019,Fulton,GA,Passenger,0,3,3,109,112,2.68
March 31 2024,Clallam,WA,Passenger,722,337,1059,48622,49681,2.13
March 31 2022,Eagle,CO,Passenger,1,0,1,6,7,14.29
January 31 2020,Columbia,OR,Passenger,1,0,1,28,29,3.45
September 30 2019,Lincoln,WA,Passenger,2,10,12,7803,7815,0.15
October 31 2018,Jefferson,CO,Passenger,0,1,1,62,63,1.59
February 29 2024,Albemarle,VA,Passenger,3,0,3,19,22,13.64
May 31 2023,Spokane,WA,Passenger,2222,1054,3276,321341,324617,1.01
May 31 2020,Cowlitz,WA,Truck,0,0,0,28742,28742,0.00
November 30 2020,Montgomery,AL,Passenger,1,1,2,39,41,4.88
June 30 2017,Ramsey,MN,Passenger,1,0,1,43,44,2.27
March 31 2019,Montgomery,PA,Passenger,2,0,2,39,41,4.88
October 31 2023,Sussex,NJ,Passenger,1,0,1,2,3,33.33
September 30 2022,Sarpy,NE,Passenger,1,0,1,65,66,1.52
January 31 2023,Lake,IN,Passenger,0,1,1,13,14,7.14
October 31 2018,Clackamas,OR,Passenger,0,1,1,229,230,0.43
July 31 2022,Orange,NC,Passenger,1,0,1,9,10,10.00
August 31 2024,Chesapeake,VA,Passenger,1,0,1,273,274,0.36
December 31 2020,Cascade,MT,Passenger,0,1,1,68,69,1.45
May 31 2021,Arapahoe,CO,Passenger,1,0,1,128,129,0.78
February 28 2017,Lewis,NY,Passenger,0,1,1,10,11,9.09
November 30 2024,Plaquemines,LA,Passenger,1,0,1,16,17,5.88
March 31 2021,Jones,GA,Passenger,1,0,1,0,1,100.00
January 31 2025,Chesapeake,VA,Passenger,2,0,2,248,250,0.80
June 30 2024,Allegheny,PA,Passenger,3,0,3,56,59,5.08
September 30 2023,Benton,WA,Passenger,1269,620,1889,134960,136849,1.38
July 31 2022,Goochland,VA,Passenger,4,2,6,178,184,3.26
June 30 2019,DeKalb,IN,Passenger,1,0,1,1,2,50.00
May 31 2018,Grays Harbor,WA,Passenger,50,55,105,46399,46504,0.23
May 31 2021,Champaign,IL,Passenger,1,0,1,14,15,6.67
May 31 2022,Juneau,AK,Passenger,0,1,1,35,36,2.78
November 30 2021,Pima,AZ,Passenger,1,1,2,316,318,0.63
December 31 2023,Okanogan,WA,Passenger,159,76,235,26030,26265,0.89
November 30 2022,Asotin,WA,Passenger,29,20,49,12436,12485,0.39
August 31 2023,Yakima,WA,Passenger,553,273,826,165922,166748,0.50
July 31 2019,Spokane,WA,Passenger,557,434,991,312492,313483,0.32
January 31 2025,Pend Oreille,WA,Truck,6,0,6,5513,5519,0.11
July 31 2020,Camden,NJ,Passenger,0,1,1,20,21,4.76
May 31 2018,Hamilton,IN,Passenger,1,0,1,46,47,2.13
February 28 2025,Burlington,NJ,Passenger,0,1,1,64,65,1.54
October 31 2022,Tom Green,TX,Passenger,0,1,1,20,21,4.76
May 31 2025,Benton,WA,Truck,106,0,106,41914,42020,0.25
March 31 2021,Thurston,WA,Passenger,1430,823,2253,196929,199182,1.13
September 30 2018,Williamson,TX,Passenger,0,1,1,184,185,0.54
June 30 2019,Shasta,CA,Passenger,1,0,1,44,45,2.22
March 31 2017,Lewis,WA,Passenger,45,36,81,55093,55174,0.15
October 31 2020,Washington,OR,Passenger,1,0,1,464,465,0.22
February 29 2020,Denton,TX,Passenger,1,0,1,111,112,0.89
June 30 2022,Whitman,WA,Truck,1,0,1,8558,8559,0.01
August 31 2017,Columbia,WA,Truck,0,0,0,1542,1542,0.00
June 30 2017,Okanogan,WA,Passenger,4,17,21,25698,25719,0.08
January 31 2025,Dallas,TX,Passenger,1,0,1,70,71,1.41
September 30 2022,Yakima,WA,Passenger,377,209,586,166235,166821,0.35
December 31 2017,Thurston,WA,Passenger,469,391,860,189915,190775,0.45
June 30 2020,Moore,NC,Passenger,0,2,2,170,172,1.16
December 31 2019,Moore,NC,Passenger,0,1,1,170,171,0.58
October 31 2024,Horry,SC,Passenger,1,0,1,11,12,8.33
May 31 2020,Botetourt,VA,Passenger,1,0,1,0,1,100.00
December 31 2023,Garfield,OK,Passenger,1,0,1,19,20,5.00
July 31 2019,San Mateo,CA,Passenger,2,1,3,130,133,2.26
January 31 2025,Okanogan,WA,Truck,27,0,27,16402,16429,0.16
November 30 2023,King,WA,Truck,961,2,963,172944,173907,0.55
August 31 2017,Whatcom,WA,Truck,2,0,2,41749,41751,0.00
December 31 2021,El Dorado,CA,Passenger,1,0,1,35,36,2.78
February 28 2023,Suffolk,MA,Passenger,3,1,4,31,35,11.43
October 31 2023,Charles,MD,Passenger,1,1,2,53,55,3.64
March 31 2025,Wasco,OR,Passenger,0,1,1,13,14,7.14
October 31 2021,Tarrant,TX,Passenger,3,0,3,175,178,1.69
July 31 2023,Skagit,WA,Passenger,1146,420,1566,88506,90072,1.74
November 30 2017,Multnomah,OR,Passenger,3,3,6,931,937,0.64
August 31 2018,Nantucket,MA,Passenger,1,0,1,4,5,20.00
May 31 2019,Portsmouth,VA,Passenger,0,1,1,74,75,1.33
April 30 2023,Douglas,CO,Passenger,1,1,2,75,77,2.60
October 31 2017,Madison,ID,Passenger,1,0,1,35,36,2.78
January 31 2023,Spotsylvania,VA,Passenger,1,0,1,29,30,3.33
May 31 2018,Contra Costa,CA,Passenger,0,1,1,443,444,0.23
November 30 2023,Montgomery,PA,Passenger,1,0,1,26,27,3.70
April 30 2018,Stevens,WA,Truck,0,0,0,18486,18486,0.00
May 31 2022,Kitsap,WA,Truck,3,0,3,53495,53498,0.01
July 31 2021,Loudoun,VA,Passenger,1,0,1,78,79,1.27
December 31 2017,Sedgwick,KS,Passenger,0,1,1,112,113,0.88
October 31 2023,Monterey,CA,Truck,1,0,1,31,32,3.12
May 31 2020,Powhatan,VA,Passenger,1,0,1,1,2,50.00
May 31 2024,Solano,CA,Passenger,4,0,4,151,155,2.58
August 31 2018,Clark,NV,Passenger,2,3,5,800,805,0.62
May 31 2023,Skamania,WA,Passenger,104,58,162,8046,8208,1.97
December 31 2023,Saratoga,NY,Passenger,1,1,2,46,48,4.17
August 31 2017,Orange,CA,Passenger,3,1,4,635,639,0.63
April 30 2023,Broward,FL,Passenger,1,0,1,70,71,1.41
March 31 2024,Providence,RI,Passenger,1,0,1,19,20,5.00
February 28 2019,Clark,NV,Passenger,4,3,7,774,781,0.90
December 31 2024,Klickitat,WA,Passenger,258,109,367,15291,15658,2.34
January 31 2023,Klickitat,WA,Passenger,126,54,180,15109,15289,1.18
June 30 2017,Multnomah,OR,Passenger,1,3,4,1023,1027,0.39
March 31 2023,Suffolk,VA,Passenger,1,0,1,122,123,0.81
June 30 2017,Skagit,WA,Passenger,141,103,244,88056,88300,0.28
August 31 2021,Ferry,WA,Truck,0,0,0,3632,3632,0.00
November 30 2017,Lee,AL,Passenger,1,0,1,35,36,2.78
August 31 2024,Columbia,WA,Truck,1,0,1,1563,1564,0.06
July 31 2019,Oldham,KY,Passenger,0,1,1,5,6,16.67
August 31 2021,Wake,NC,Passenger,1,0,1,148,149,0.67
September 30 2021,Frederick,MD,Passenger,1,1,2,70,72,2.78
July 31 2024,Collin,TX,Passenger,3,1,4,52,56,7.14
June 30 2018,,,Passenger,2,2,4,433,437,0.92
April 30 2022,New York,NY,Passenger,4,0,4,52,56,7.14
February 28 2023,Pacific,WA,Truck,2,0,2,7807,7809,0.03
March 31 2020,El Paso,TX,Passenger,2,0,2,432,434,0.46
February 29 2024,Mercer,NJ,Passenger,0,1,1,8,9,11.11
July 31 2019,Grant,WA,Truck,0,0,0,26692,26692,0.00
May 31 2020,San Juan,WA,Truck,0,0,0,5855,5855,0.00
July 31 2023,Harford,MD,Passenger,1,1,2,48,50,4.00
February 28 2017,District of Columbia,DC,Passenger,0,3,3,222,225,1.33
February 28 2025,Travis,TX,Passenger,4,1,5,56,61,8.20
October 31 2021,Bernalillo,NM,Passenger,1,0,1,116,117,0.85
February 28 2023,Pulaski,AR,Passenger,3,0,3,34,37,8.11
May 31 2023,Sacramento,CA,Truck,1,0,1,34,35,2.86
October 31 2022,Douglas,CO,Passenger,1,1,2,86,88,2.27
May 31 2022,Arlington,VA,Passenger,3,0,3,146,149,2.01
August 31 2017,Adams,WA,Passenger,3,3,6,12176,12182,0.05
June 30 2022,King,WA,Truck,66,1,67,180586,180653,0.04
September 30 2022,Jefferson,NY,Passenger,1,0,1,209,210,0.48
August 31 2017,Latah,ID,Passenger,0,1,1,96,97,1.03
November 30 2020,Arapahoe,CO,Passenger,1,0,1,135,136,0.74
April 30 2019,Jefferson,WA,Truck,0,0,0,9645,9645,0.00
January 31 2017,Skamania,WA,Truck,0,0,0,3907,3907,0.00
August 31 2024,Virginia Beach,VA,Passenger,5,3,8,434,442,1.81
May 31 2023,Whatcom,WA,Passenger,2392,869,3261,147543,150804,2.16
March 31 2024,Riverside,CA,Passenger,11,2,13,439,452,2.88
July 31 2024,Lake,IL,Passenger,9,0,9,122,131,6.87
January 31 2025,Galveston,TX,Passenger,1,0,1,16,17,5.88
October 31 2018,Carson City,NV,Passenger,1,0,1,15,16,6.25
August 31 2021,Cowlitz,WA,Passenger,237,152,389,72066,72455,0.54
August 31 2018,Lane,OR,Passenger,0,1,1,188,189,0.53
April 30 2024,Sussex,NJ,Passenger,1,0,1,2,3,33.33
May 31 2023,Pend Oreille,WA,Passenger,30,11,41,8859,8900,0.46
July 31 2024,Monroe,WI,Passenger,1,0,1,8,9,11.11
July 31 2024,Isle of Wight,VA,Passenger,0,1,1,16,17,5.88
June 30 2020,Yakima,WA,Truck,0,0,0,59868,59868,0.00
July 31 2018,Shelby,TN,Passenger,0,1,1,109,110,0.91
July 31 2019,Polk,FL,Passenger,1,0,1,77,78,1.28
October 31 2017,Missoula,MT,Passenger,1,0,1,71,72,1.39
June 30 2022,Queens,NY,Passenger,1,0,1,51,52,1.92
January 31 2020,Duval,FL,Passenger,1,2,3,381,384,0.78
March 31 2017,Fresno,CA,Passenger,1,0,1,229,230,0.43
February 28 2018,Chelan,WA,Passenger,94,39,133,53224,53357,0.25
September 30 2022,Suffolk,VA,Passenger,1,0,1,125,126,0.79
September 30 2023,Richmond,NY,Passenger,1,0,1,4,5,20.00
October 31 2017,Duval,FL,Passenger,1,1,2,371,373,0.54
December 31 2023,Garfield,WA,Truck,0,0,0,975,975,0.00
June 30 2024,Hillsborough,FL,Passenger,3,1,4,108,112,3.57
June 30 2024,Tooele,UT,Passenger,2,0,2,9,11,18.18
October 31 2022,Jefferson,IL,Passenger,1,0,1,1,2,50.00
March 31 2022,Clallam,WA,Truck,1,0,1,22032,22033,0.00
September 30 2018,Guadalupe,TX,Passenger,1,0,1,82,83,1.20
July 31 2022,Montgomery,PA,Passenger,1,0,1,26,27,3.70
January 31 2023,Ferry,WA,Truck,0,0,0,3555,3555,0.00
October 31 2024,Fredericksburg,VA,Passenger,1,0,1,3,4,25.00
December 31 2020,Benton,WA,Passenger,439,358,797,134858,135655,0.59
February 28 2022,Klickitat,WA,Passenger,92,54,146,15273,15419,0.95
July 31 2024,Macomb,MI,Passenger,3,0,3,21,24,12.50
August 31 2020,Gwinnett,GA,Passenger,1,0,1,78,79,1.27
November 30 2020,Pima,AZ,Passenger,3,1,4,380,384,1.04
October 31 2018,Lee,FL,Passenger,1,0,1,57,58,1.72
August 31 2021,Hawaii,HI,Passenger,1,0,1,55,56,1.79
May 31 2017,Hidalgo,TX,Passenger,0,1,1,104,105,0.95
May 31 2022,Essex,MA,Passenger,2,0,2,20,22,9.09
March 31 2022,Asotin,WA,Truck,0,0,0,6742,6742,0.00
May 31 2022,Wahkiakum,WA,Passenger,22,10,32,3078,3110,1.03
February 28 2018,Ferry,WA,Passenger,1,3,4,4393,4397,0.09
July 31 2024,Kern,CA,Passenger,2,1,3,172,175,1.71
September 30 2022,Bexar,TX,Passenger,5,3,8,500,508,1.57
February 29 2024,Monroe,WI,Passenger,1,0,1,9,10,10.00
June 30 2022,Jefferson,WA,Passenger,435,219,654,24533,25187,2.60
September 30 2019,Garfield,WA,Truck,0,0,0,968,968,0.00
December 31 2024,Wake,NC,Passenger,3,1,4,83,87,4.60
February 28 2022,Contra Costa,CA,Passenger,1,4,5,248,253,1.98
December 31 2024,Honolulu,HI,Passenger,2,1,3,251,254,1.18
December 31 2023,Pend Oreille,WA,Passenger,34,21,55,8728,8783,0.63
October 31 2023,Snohomish,WA,Passenger,15077,3397,18474,526256,544730,3.39
August 31 2018,Fresno,CA,Passenger,2,0,2,208,210,0.95
June 30 2022,Pacific,WA,Passenger,61,71,132,15845,15977,0.83
November 30 2023,Lincoln,WA,Passenger,21,25,46,7580,7626,0.60
September 30 2023,Island,WA,Truck,31,0,31,20810,20841,0.15
September 30 2017,Wise,TX,Passenger,1,0,1,4,5,20.00
August 31 2024,Kitsap,WA,Passenger,4835,1754,6589,174450,181039,3.64
June 30 2017,Harnett,NC,Passenger,1,0,1,263,264,0.38
September 30 2019,Solano,CA,Passenger,1,0,1,218,219,0.46
March 31 2020,Los Angeles,CA,Passenger,7,12,19,1105,1124,1.69
February 28 2018,Adams,WA,Passenger,5,4,9,12449,12458,0.07
January 31 2018,Frederick,MD,Passenger,0,1,1,89,90,1.11
August 31 2019,Jefferson,WA,Passenger,205,123,328,25045,25373,1.29
November 30 2018,Benton,WA,Truck,0,0,0,41424,41424,0.00
August 31 2024,Riverside,CA,Passenger,8,2,10,417,427,2.34
November 30 2022,Palm Beach,FL,Passenger,3,1,4,60,64,6.25
January 31 2024,Nassau,NY,Passenger,2,0,2,26,28,7.14
April 30 2018,Cumberland,NC,Passenger,1,0,1,541,542,0.18
December 31 2020,Mason,WA,Truck,0,0,0,20921,20921,0.00
February 29 2020,Prince William,VA,Passenger,2,4,6,232,238,2.52
April 30 2024,Duval,FL,Passenger,2,1,3,234,237,1.27
January 31 2017,Hamilton,TN,Passenger,1,0,1,28,29,3.45
August 31 2017,Jefferson,NY,Passenger,1,0,1,246,247,0.40
September 30 2023,District of Columbia,DC,Passenger,3,0,3,155,158,1.90
May 31 2021,Whitman,WA,Passenger,60,44,104,21966,22070,0.47
March 31 2018,King,WA,Truck,7,1,8,183619,183627,0.00
April 30 2021,Sumter,FL,Passenger,0,1,1,10,11,9.09
September 30 2019,Anne Arundel,MD,Passenger,1,1,2,431,433,0.46
May 31 2024,Santa Clara,CA,Passenger,22,8,30,208,238,12.61
December 31 2018,Okanogan,WA,Truck,0,0,0,16483,16483,0.00
January 31 2023,Washington,MD,Passenger,2,0,2,15,17,11.76
January 31 2024,Pend Oreille,WA,Truck,3,0,3,5573,5576,0.05
December 31 2017,Hawaii,HI,Passenger,1,0,1,85,86,1.16
June 30 2024,Skagit,WA,Passenger,1512,551,2063,88166,90229,2.29
February 28 2023,Stafford,VA,Passenger,3,1,4,89,93,4.30
April 30 2023,Calvert,MD,Passenger,1,2,3,85,88,3.41
September 30 2019,Benton,WA,Truck,0,0,0,42208,42208,0.00
June 30 2017,Maricopa,AZ,Passenger,1,1,2,1861,1863,0.11
December 31 2019,Kern,CA,Passenger,0,1,1,224,225,0.44
September 30 2019,Jefferson,CO,Passenger,0,2,2,61,63,3.17
March 31 2021,Fort Bend,TX,Passenger,1,0,1,42,43,2.33
January 31 2018,Santa Fe,NM,Passenger,0,1,1,46,47,2.13
March 31 2020,Okanogan,WA,Passenger,34,31,65,26048,26113,0.25
November 30 2021,Thurston,WA,Truck,0,0,0,56007,56007,0.00
September 30 2021,Washington,OR,Passenger,1,0,1,414,415,0.24
January 31 2024,Lake,IN,Passenger,0,1,1,8,9,11.11
December 31 2021,Shelby,OH,Passenger,0,1,1,4,5,20.00
June 30 2021,Palm Beach,FL,Passenger,1,1,2,80,82,2.44
June 30 2024,Brown,WI,Passenger,1,0,1,3,4,25.00
May 31 2024,Whatcom,WA,Passenger,3303,1189,4492,147453,151945,2.96
February 28 2021,Washington,WI,Passenger,1,0,1,3,4,25.00
August 31 2022,Maui,HI,Passenger,1,0,1,25,26,3.85
July 31 2024,Hudson,NJ,Passenger,2,0,2,27,29,6.90
July 31 2018,Adams,WA,Passenger,5,5,10,12630,12640,0.08
December 31 2020,Charleston,SC,Passenger,2,0,2,97,99,2.02
February 28 2023,Ulster,NY,Passenger,1,0,1,10,11,9.09
September 30 2023,Lexington,SC,Passenger,1,0,1,19,20,5.00
September 30 2024,Chelan,WA,Passenger,950,269,1219,54057,55276,2.21
May 31 2023,Kootenai,ID,Truck,1,0,1,36,37,2.70
May 31 2019,Asotin,WA,Truck,0,0,0,6647,6647,0.00
January 31 2020,Dakota,MN,Passenger,0,1,1,35,36,2.78
April 30 2018,Clark,WA,Truck,0,0,0,78693,78693,0.00
May 31 2018,Prince George's,MD,Passenger,1,1,2,189,191,1.05
November 30 2019,Wayne,MI,Passenger,0,1,1,62,63,1.59
June 30 2018,Maui,HI,Passenger,1,0,1,57,58,1.72
July 31 2021,King,WA,Truck,5,1,6,184161,184167,0.00
June 30 2023,Penobscot,ME,Passenger,0,1,1,7,8,12.50
March 31 2020,Harris,TX,Passenger,1,0,1,294,295,0.34
January 31 2023,Williamson,TX,Passenger,0,2,2,100,102,1.96
September 30 2023,Hamilton,OH,Truck,1,0,1,3,4,25.00
December 31 2019,Eagle,CO,Passenger,1,0,1,6,7,14.29
May 31 2024,Marin,CA,Truck,1,0,1,7,8,12.50
September 30 2018,Palm Beach,FL,Passenger,0,2,2,92,94,2.13
March 31 2025,Sussex,NJ,Passenger,1,0,1,0,1,100.00
January 31 2019,Virginia Beach,VA,Passenger,2,1,3,698,701,0.43
February 28 2017,Whatcom,WA,Truck,2,0,2,41315,41317,0.00
August 31 2018,Stevens,WA,Passenger,12,26,38,31670,31708,0.12
August 31 2020,Clark,WA,Truck,0,0,0,82655,82655,0.00
February 28 2017,Lincoln,WA,Truck,0,0,0,4462,4462,0.00
July 31 2024,Kings,NY,Passenger,2,1,3,41,44,6.82
September 30 2024,Marion,OR,Passenger,1,0,1,65,66,1.52
December 31 2022,Penobscot,ME,Passenger,0,2,2,10,12,16.67
October 31 2020,Carroll,MD,Passenger,0,1,1,17,18,5.56
February 28 2022,Clallam,WA,Truck,1,0,1,22076,22077,0.00
February 28 2023,Moore,NC,Passenger,0,1,1,129,130,0.77
April 30 2020,Collier,FL,Passenger,1,0,1,26,27,3.70
June 30 2018,Eagle,CO,Passenger,1,0,1,7,8,12.50
July 31 2020,Lee,FL,Passenger,1,0,1,57,58,1.72
August 31 2024,Montgomery,AL,Passenger,1,1,2,26,28,7.14
November 30 2021,Miami-Dade,FL,Passenger,1,0,1,110,111,0.90
October 31 2022,Norfolk,MA,Passenger,1,0,1,30,31,3.23
August 31 2023,Collin,TX,Passenger,5,0,5,66,71,7.04
March 31 2023,Skagit,WA,Truck,17,0,17,31964,31981,0.05
May 31 2020,Monroe,IL,Passenger,1,0,1,3,4,25.00
September 30 2023,Henrico,VA,Passenger,1,2,3,18,21,14.29
September 30 2022,Providence,RI,Passenger,1,0,1,22,23,4.35
August 31 2022,Galveston,TX,Passenger,1,1,2,21,23,8.70
April 30 2021,Carroll,MD,Passenger,0,1,1,17,18,5.56
February 29 2020,Whitman,WA,Truck,0,0,0,8552,8552,0.00
December 31 2020,Leavenworth,KS,Passenger,0,1,1,111,112,0.89
October 31 2021,Placer,CA,Passenger,2,0,2,88,90,2.22
May 31 2023,El Paso,TX,Passenger,2,1,3,345,348,0.86
February 28 2019,Lewis,WA,Passenger,96,86,182,58293,58475,0.31
October 31 2024,Sarpy,NE,Truck,1,0,1,17,18,5.56
March 31 2023,New York,NY,Passenger,3,0,3,40,43,6.98
November 30 2021,Escambia,FL,Passenger,0,1,1,152,153,0.65
February 28 2022,Montgomery,TX,Passenger,2,0,2,46,48,4.17
January 31 2024,Dallas,TX,Passenger,2,0,2,91,93,2.15
December 31 2024,Multnomah,OR,Passenger,7,1,8,413,421,1.90
September 30 2020,El Paso,TX,Passenger,2,0,2,419,421,0.48
August 31 2021,Whitman,WA,Truck,0,0,0,8569,8569,0.00
October 31 2020,Manassas,VA,Passenger,0,1,1,6,7,14.29
December 31 2021,Fairfax,VA,Passenger,5,4,9,704,713,1.26
March 31 2019,Jefferson,WA,Passenger,179,118,297,24857,25154,1.18
November 30 2021,Montgomery,AL,Passenger,1,0,1,37,38,2.63
August 31 2018,Manatee,FL,Passenger,1,0,1,42,43,2.33
July 31 2021,Lake,FL,Passenger,1,0,1,27,28,3.57
April 30 2018,Hamilton,TN,Passenger,1,0,1,24,25,4.00
March 31 2023,Pierce,WA,Truck,126,0,126,137772,137898,0.09
June 30 2024,,,Passenger,4,3,7,276,283,2.47
September 30 2021,Island,WA,Passenger,662,327,989,62829,63818,1.55
November 30 2023,Monterey,CA,Truck,1,0,1,30,31,3.23
December 31 2020,Norfolk,VA,Passenger,2,3,5,322,327,1.53
December 31 2024,Greene,OH,Passenger,2,0,2,16,18,11.11
July 31 2019,Putnam,TN,Passenger,0,1,1,4,5,20.00
December 31 2022,Whitman,WA,Truck,3,0,3,8635,8638,0.03
June 30 2021,Norfolk,VA,Passenger,2,3,5,318,323,1.55
December 31 2020,Pima,AZ,Passenger,2,1,3,379,382,0.79
August 31 2024,Bannock,ID,Passenger,1,0,1,7,8,12.50
April 30 2023,Snohomish,WA,Passenger,11672,2930,14602,527507,542109,2.69
October 31 2023,Asotin,WA,Passenger,40,25,65,12232,12297,0.53
January 31 2017,Lake,IL,Passenger,1,0,1,191,192,0.52
November 30 2020,Pierce,WA,Truck,0,0,0,144349,144349,0.00
February 28 2021,Washington,OR,Passenger,1,0,1,447,448,0.22
July 31 2023,Beaufort,SC,Passenger,1,0,1,33,34,2.94
July 31 2023,Hamilton,IN,Passenger,1,0,1,27,28,3.57
July 31 2018,Island,WA,Truck,0,0,0,20962,20962,0.00
May 31 2024,Osceola,FL,Passenger,1,0,1,20,21,4.76
March 31 2023,Essex,NJ,Passenger,2,0,2,11,13,15.38
April 30 2019,Santa Clara,CA,Passenger,9,1,10,394,404,2.48
October 31 2019,Jefferson,WA,Truck,0,0,0,9668,9668,0.00
September 30 2022,San Mateo,CA,Passenger,3,1,4,106,110,3.64
September 30 2023,Jefferson,NY,Passenger,2,0,2,197,199,1.01
December 31 2020,Calvert,MD,Passenger,0,2,2,91,93,2.15
June 30 2023,Greene,OH,Passenger,2,0,2,23,25,8.00
December 31 2020,Dallas,IA,Passenger,0,1,1,11,12,8.33
December 31 2018,Portsmouth,VA,Passenger,0,1,1,81,82,1.22
April 30 2024,Escambia,FL,Truck,1,0,1,23,24,4.17
September 30 2023,St. Lawrence,NY,Passenger,1,2,3,5,8,37.50
February 28 2021,Hawaii,HI,Passenger,1,0,1,58,59,1.69
April 30 2023,Arlington,VA,Passenger,5,0,5,130,135,3.70
April 30 2025,Chelan,WA,Truck,89,0,89,22572,22661,0.39
January 31 2017,Wahkiakum,WA,Truck,0,0,0,1624,1624,0.00
May 31 2025,Columbia,WA,Passenger,14,3,17,2336,2353,0.72
August 31 2021,Nassau,NY,Passenger,4,0,4,37,41,9.76
September 30 2019,San Juan,WA,Passenger,229,73,302,14423,14725,2.05
January 31 2020,Island,WA,Truck,1,0,1,21322,21323,0.00
February 28 2018,Fresno,CA,Passenger,1,0,1,210,211,0.47
November 30 2019,Jones,GA,Passenger,1,0,1,0,1,100.00
June 30 2020,Lincoln,WA,Truck,0,0,0,4617,4617,0.00
March 31 2023,Tarrant,TX,Passenger,2,0,2,125,127,1.57
October 31 2017,Spokane,WA,Passenger,286,237,523,298776,299299,0.17
May 31 2023,Palm Beach,FL,Passenger,3,1,4,56,60,6.67
November 30 2019,Middlesex,MA,Passenger,1,0,1,107,108,0.93
February 29 2024,Kings,NY,Passenger,3,0,3,44,47,6.38
April 30 2024,Asotin,WA,Passenger,46,24,70,12191,12261,0.57
April 30 2019,Santa Rosa,FL,Passenger,1,0,1,89,90,1.11
January 31 2018,Latah,ID,Passenger,0,1,1,81,82,1.22
March 31 2020,Twin Falls,ID,Passenger,0,1,1,30,31,3.23
June 30 2021,San Bernardino,CA,Passenger,1,0,1,415,416,0.24
August 31 2019,Douglas,WA,Truck,0,0,0,12259,12259,0.00
November 30 2019,New London,CT,Passenger,0,1,1,236,237,0.42
July 31 2023,Washington,OR,Passenger,3,0,3,297,300,1.00
June 30 2022,Greene,MO,Passenger,0,1,1,33,34,2.94
September 30 2022,Mercer,NJ,Passenger,0,1,1,14,15,6.67
December 31 2023,San Benito,CA,Passenger,1,0,1,6,7,14.29
January 31 2024,Montgomery,MD,Passenger,6,1,7,194,201,3.48
August 31 2024,Yuba,CA,Passenger,1,0,1,54,55,1.82
February 28 2025,Liberty,GA,Passenger,0,1,1,79,80,1.25
August 31 2023,Tarrant,TX,Passenger,2,0,2,118,120,1.67
January 31 2023,Lewis,WA,Truck,2,0,2,26236,26238,0.01
June 30 2023,Cook,IL,Passenger,3,2,5,215,220,2.27
November 30 2021,Philadelphia,PA,Passenger,1,0,1,55,56,1.79
September 30 2020,Columbia,WA,Passenger,4,3,7,2422,2429,0.29
June 30 2022,Richland,SC,Passenger,0,1,1,145,146,0.68
June 30 2020,Klickitat,WA,Truck,0,0,0,8094,8094,0.00
January 31 2024,District of Columbia,DC,Truck,1,0,1,14,15,6.67
February 28 2023,Mohave,AZ,Passenger,1,0,1,58,59,1.69
August 31 2019,Camden,NJ,Passenger,0,1,1,21,22,4.55
April 30 2022,Baltimore,MD,Passenger,2,0,2,94,96,2.08
March 31 2023,Montgomery,AL,Passenger,1,0,1,34,35,2.86
May 31 2024,Lee,AL,Passenger,1,0,1,17,18,5.56
September 30 2020,Walla Walla,WA,Truck,0,0,0,13777,13777,0.00
March 31 2023,Albemarle,VA,Passenger,3,0,3,21,24,12.50
September 30 2023,Madison,IL,Passenger,2,0,2,16,18,11.11
July 31 2019,Boulder,CO,Passenger,1,0,1,51,52,1.92
May 31 2020,Ventura,CA,Passenger,1,1,2,313,315,0.63
August 31 2024,Arapahoe,CO,Passenger,2,1,3,67,70,4.29
March 31 2025,Christian,MO,Passenger,0,1,1,7,8,12.50
December 31 2023,Pacific,WA,Passenger,95,100,195,15477,15672,1.24
April 30 2019,Goochland,VA,Passenger,1,1,2,261,263,0.76
November 30 2021,Tom Green,TX,Passenger,0,1,1,25,26,3.85
March 31 2021,Skamania,WA,Truck,0,0,0,4025,4025,0.00
September 30 2019,Harnett,NC,Passenger,1,1,2,222,224,0.89
April 30 2024,Utah,UT,Passenger,2,0,2,88,90,2.22
November 30 2019,Pend Oreille,WA,Truck,0,0,0,5729,5729,0.00
June 30 2021,Kitsap,WA,Truck,0,0,0,54367,54367,0.00
March 31 2021,Hillsborough,FL,Passenger,0,1,1,168,169,0.59
December 31 2023,Washington,OR,Passenger,3,0,3,263,266,1.13
September 30 2020,Wilson,TX,Passenger,0,1,1,6,7,14.29
January 31 2019,District of Columbia,DC,Passenger,1,3,4,192,196,2.04
September 30 2023,Yolo,CA,Passenger,2,0,2,24,26,7.69
November 30 2024,Jackson,MS,Passenger,1,0,1,10,11,9.09
March 31 2017,Dakota,MN,Passenger,0,1,1,43,44,2.27
November 30 2024,York,VA,Passenger,2,0,2,67,69,2.90
June 30 2020,Stevens,WA,Passenger,36,33,69,30613,30682,0.22
March 31 2017,Island,WA,Truck,0,0,0,20488,20488,0.00
October 31 2023,Spokane,WA,Passenger,2665,1296,3961,321536,325497,1.22
August 31 2020,RÃ­o Grande,PR,Passenger,1,0,1,0,1,100.00
January 31 2018,Mercer,NJ,Passenger,0,1,1,18,19,5.26
September 30 2020,Randolph,NC,Passenger,1,0,1,7,8,12.50
December 31 2018,Columbia,WA,Truck,0,0,0,1517,1517,0.00
March 31 2021,Dallas,TX,Passenger,1,0,1,188,189,0.53
February 28 2019,Walla Walla,WA,Passenger,43,53,96,36042,36138,0.27
March 31 2019,Stevens,WA,Truck,0,0,0,18691,18691,0.00
December 31 2018,Bexar,TX,Passenger,3,4,7,728,735,0.95
September 30 2024,Clallam,WA,Passenger,839,376,1215,48546,49761,2.44
November 30 2021,Pulaski,MO,Passenger,2,0,2,129,131,1.53
June 30 2023,Multnomah,OR,Passenger,5,2,7,564,571,1.23
October 31 2021,Okanogan,WA,Truck,0,0,0,16658,16658,0.00
May 31 2020,DeKalb,GA,Passenger,1,0,1,87,88,1.14
November 30 2021,Broward,FL,Passenger,2,0,2,110,112,1.79
September 30 2024,Travis,TX,Passenger,4,2,6,64,70,8.57
September 30 2018,Clark,NV,Passenger,2,3,5,797,802,0.62
August 31 2017,Montgomery,TN,Passenger,1,0,1,281,282,0.35
January 31 2018,Montgomery,MD,Passenger,1,0,1,310,311,0.32
May 31 2021,San Mateo,CA,Passenger,2,0,2,131,133,1.50
March 31 2020,Osceola,FL,Passenger,1,0,1,47,48,2.08
September 30 2019,Grays Harbor,WA,Passenger,89,89,178,48071,48249,0.37
September 30 2020,Nassau,NY,Passenger,5,0,5,35,40,12.50
December 31 2024,Tooele,UT,Passenger,1,0,1,8,9,11.11
February 28 2019,Adams,WA,Truck,0,0,0,5104,5104,0.00
December 31 2017,Skamania,WA,Truck,0,0,0,3896,3896,0.00
December 31 2021,Clallam,WA,Passenger,383,240,623,50323,50946,1.22
May 31 2021,Suffolk,VA,Passenger,1,0,1,128,129,0.78
March 31 2021,Alexandria,VA,Passenger,3,0,3,134,137,2.19
April 30 2019,Maricopa,AZ,Passenger,6,4,10,1710,1720,0.58
February 28 2022,Mason,WA,Passenger,278,162,440,47646,48086,0.92
December 31 2023,Franklin,WA,Passenger,380,161,541,62265,62806,0.86
December 31 2024,Atlantic,NJ,Passenger,1,0,1,4,5,20.00
June 30 2019,Jefferson,NY,Passenger,0,1,1,214,215,0.47
November 30 2023,Salt Lake,UT,Passenger,5,1,6,128,134,4.48
March 31 2024,Dallas,TX,Truck,1,0,1,12,13,7.69
October 31 2019,Ferry,WA,Truck,0,0,0,3576,3576,0.00
July 31 2022,Sedgwick,KS,Passenger,0,1,1,80,81,1.23
December 31 2022,Prince William,VA,Passenger,0,4,4,189,193,2.07
December 31 2023,Pierce,WA,Passenger,9425,3198,12623,524051,536674,2.35
April 30 2017,Salt Lake,UT,Passenger,1,1,2,296,298,0.67
March 31 2022,Columbia,WA,Truck,0,0,0,1585,1585,0.00
March 31 2023,Botetourt,VA,Passenger,1,0,1,0,1,100.00
October 31 2022,Kootenai,ID,Passenger,1,2,3,180,183,1.64
October 31 2018,Santa Clara,CA,Passenger,8,0,8,403,411,1.95
January 31 2023,Cumberland,NC,Passenger,1,4,5,372,377,1.33
August 31 2022,Mohave,AZ,Passenger,1,0,1,61,62,1.61
June 30 2021,Jefferson,WA,Passenger,330,185,515,24848,25363,2.03
June 30 2019,Travis,TX,Passenger,4,1,5,217,222,2.25
November 30 2022,Arlington,VA,Passenger,4,0,4,133,137,2.92
June 30 2021,Prince William,VA,Passenger,1,3,4,215,219,1.83
February 28 2025,Spokane,WA,Passenger,4414,1967,6381,319851,326232,1.96
September 30 2020,Contra Costa,CA,Passenger,4,4,8,286,294,2.72
October 31 2022,New York,NY,Passenger,3,0,3,43,46,6.52
May 31 2020,Yakima,WA,Passenger,131,117,248,164930,165178,0.15
October 31 2022,Fairfax,VA,Passenger,8,3,11,666,677,1.62
March 31 2025,Meade,KY,Passenger,1,0,1,16,17,5.88
January 31 2018,Montgomery,TX,Passenger,1,0,1,64,65,1.54
March 31 2025,Clallam,WA,Passenger,947,428,1375,48205,49580,2.77
July 31 2018,Pierce,WA,Truck,0,0,0,137986,137986,0.00
March 31 2020,Garfield,WA,Truck,0,0,0,974,974,0.00
September 30 2018,Lane,OR,Passenger,0,1,1,184,185,0.54
February 29 2024,Bartow,GA,Passenger,0,1,1,2,3,33.33
December 31 2024,Hennepin,MN,Passenger,1,0,1,40,41,2.44
March 31 2023,Pulaski,MO,Passenger,3,0,3,105,108,2.78
November 30 2022,San Bernardino,CA,Passenger,2,1,3,384,387,0.78
March 31 2024,Nueces,TX,Passenger,2,0,2,60,62,3.23
May 31 2019,Garfield,WA,Passenger,1,1,2,1293,1295,0.15
May 31 2021,Travis,TX,Passenger,4,4,8,192,200,4.00
June 30 2024,Clackamas,OR,Passenger,1,1,2,109,111,1.80
November 30 2018,Montgomery,TX,Passenger,2,0,2,67,69,2.90
September 30 2023,Fresno,CA,Passenger,1,0,1,155,156,0.64
September 30 2019,Vigo,IN,Passenger,1,0,1,6,7,14.29
September 30 2021,Ferry,WA,Truck,0,0,0,3592,3592,0.00
February 28 2025,James City,VA,Passenger,1,0,1,26,27,3.70
March 31 2024,Pima,AZ,Passenger,2,0,2,200,202,0.99
October 31 2023,Chelan,WA,Passenger,708,196,904,54113,55017,1.64
August 31 2024,Thurston,WA,Truck,166,0,166,53227,53393,0.31
December 31 2020,Monterey,CA,Passenger,1,2,3,166,169,1.78
January 31 2022,DuPage,IL,Passenger,5,1,6,59,65,9.23
December 31 2019,Skagit,WA,Truck,1,0,1,32550,32551,0.00
July 31 2020,Skamania,WA,Passenger,31,19,50,8417,8467,0.59
February 29 2020,Brevard,FL,Passenger,0,1,1,97,98,1.02
April 30 2022,Douglas,CO,Passenger,1,1,2,93,95,2.11
January 31 2020,New York,NY,Passenger,2,0,2,73,75,2.67
January 31 2024,Hillsborough,FL,Passenger,3,1,4,122,126,3.17
November 30 2020,Kootenai,ID,Passenger,0,1,1,224,225,0.44
January 31 2020,Ada,ID,Passenger,0,1,1,319,320,0.31
June 30 2019,Kittitas,WA,Truck,0,0,0,14422,14422,0.00
January 31 2024,Milwaukee,WI,Passenger,1,0,1,42,43,2.33
March 31 2021,Collier,FL,Passenger,1,0,1,25,26,3.85
February 28 2019,Charleston,SC,Passenger,1,0,1,124,125,0.80
January 31 2022,Alameda,CA,Passenger,6,0,6,248,254,2.36
October 31 2021,Louisa,VA,Passenger,0,1,1,1,2,50.00
March 31 2022,Kings,NY,Passenger,2,0,2,73,75,2.67
May 31 2025,District of Columbia,DC,Truck,1,0,1,10,11,9.09
October 31 2024,Loudoun,VA,Passenger,2,1,3,56,59,5.08
June 30 2024,Sedgwick,KS,Passenger,0,1,1,56,57,1.75
January 31 2024,Klickitat,WA,Passenger,184,76,260,15035,15295,1.70
June 30 2018,Montgomery,TX,Passenger,1,0,1,68,69,1.45
June 30 2018,Grays Harbor,WA,Truck,0,0,0,20216,20216,0.00
November 30 2017,Chelan,WA,Truck,0,0,0,21509,21509,0.00
July 31 2019,Spartanburg,SC,Passenger,0,1,1,42,43,2.33
February 29 2024,Travis,TX,Passenger,3,3,6,93,99,6.06
June 30 2023,Hillsborough,FL,Passenger,1,1,2,138,140,1.43
April 30 2018,Anne Arundel,MD,Passenger,0,1,1,450,451,0.22
June 30 2017,Twin Falls,ID,Passenger,0,1,1,25,26,3.85
December 31 2019,Albemarle,VA,Passenger,1,0,1,28,29,3.45
November 30 2022,Kitsap,WA,Truck,27,0,27,52794,52821,0.05
June 30 2021,Howard,IN,Passenger,0,1,1,5,6,16.67
January 31 2021,Wahkiakum,WA,Passenger,7,6,13,3038,3051,0.43
January 31 2024,Island,WA,Passenger,1342,487,1829,60553,62382,2.93
November 30 2020,Suffolk,MA,Passenger,0,2,2,39,41,4.88
July 31 2021,El Paso,CO,Passenger,3,2,5,719,724,0.69
July 31 2023,Wake,NC,Passenger,5,1,6,110,116,5.17
March 31 2025,Grant,WA,Truck,51,0,51,27903,27954,0.18
October 31 2019,Pinellas,FL,Passenger,1,1,2,124,126,1.59
February 28 2023,Mercer,NJ,Passenger,0,1,1,15,16,6.25
March 31 2023,Cascade,MT,Passenger,0,1,1,43,44,2.27
May 31 2018,Muskogee,OK,Passenger,0,1,1,1,2,50.00
April 30 2020,Pacific,WA,Truck,0,0,0,7657,7657,0.00
March 31 2024,St. Lawrence,NY,Passenger,1,2,3,5,8,37.50
January 31 2024,Hudson,NJ,Passenger,2,0,2,29,31,6.45
July 31 2021,Kings,CA,Passenger,1,0,1,318,319,0.31
August 31 2019,Owyhee,ID,Passenger,1,0,1,4,5,20.00
September 30 2024,Tompkins,NY,Passenger,1,0,1,10,11,9.09
November 30 2022,Wahkiakum,WA,Passenger,25,13,38,3036,3074,1.24
February 28 2025,Montgomery,AL,Passenger,1,1,2,23,25,8.00
December 31 2022,El Paso,CO,Passenger,4,7,11,624,635,1.73
December 31 2024,Newport,RI,Passenger,0,2,2,43,45,4.44
December 31 2021,Denton,TX,Passenger,2,0,2,94,96,2.08
October 31 2020,Jones,GA,Passenger,1,0,1,0,1,100.00
June 30 2024,Pierce,WA,Passenger,11102,3572,14674,520388,535062,2.74
January 31 2020,Whitman,WA,Passenger,42,48,90,22634,22724,0.40
July 31 2018,San Juan,WA,Truck,0,0,0,5724,5724,0.00
October 31 2018,Brevard,FL,Passenger,0,1,1,99,100,1.00
July 31 2018,Orange,CA,Passenger,5,1,6,587,593,1.01
September 30 2022,Miami-Dade,FL,Passenger,1,0,1,98,99,1.01
October 31 2022,Whatcom,WA,Truck,20,0,20,43025,43045,0.05
June 30 2023,Maricopa,AZ,Passenger,19,6,25,1008,1033,2.42
June 30 2018,Dallas,TX,Passenger,0,1,1,206,207,0.48
June 30 2023,Douglas,NE,Passenger,2,1,3,32,35,8.57
July 31 2023,Isle of Wight,VA,Passenger,0,1,1,19,20,5.00
January 31 2022,Skamania,WA,Passenger,60,43,103,8292,8395,1.23
May 31 2022,Allen,IN,Passenger,1,0,1,18,19,5.26
April 30 2023,Sussex,NJ,Passenger,1,0,1,2,3,33.33
June 30 2022,Danville,VA,Passenger,1,0,1,0,1,100.00
April 30 2022,Norfolk,VA,Passenger,2,3,5,312,317,1.58
June 30 2024,Ferry,WA,Truck,0,0,0,3481,3481,0.00
August 31 2017,King,WA,Passenger,10435,4263,14698,1371507,1386205,1.06
March 31 2022,Okanogan,WA,Truck,0,0,0,16673,16673,0.00
March 31 2023,Stafford,VA,Passenger,3,1,4,86,90,4.44
March 31 2019,Harnett,NC,Passenger,1,0,1,226,227,0.44
November 30 2021,Williamsburg,VA,Passenger,0,1,1,7,8,12.50
February 28 2021,Muskogee,OK,Passenger,0,1,1,2,3,33.33
December 31 2018,Ventura,CA,Passenger,0,2,2,342,344,0.58
February 28 2021,San Joaquin,CA,Passenger,1,0,1,123,124,0.81
March 31 2019,El Paso,TX,Passenger,1,0,1,495,496,0.20
September 30 2017,Orleans,LA,Passenger,0,1,1,46,47,2.13
September 30 2023,Santa Cruz,CA,Passenger,1,0,1,26,27,3.70
October 31 2021,Milwaukee,WI,Passenger,1,0,1,51,52,1.92
April 30 2025,Denver,CO,Passenger,1,0,1,54,55,1.82
August 31 2023,Okanogan,WA,Truck,7,0,7,16365,16372,0.04
April 30 2021,Orange,CA,Passenger,6,3,9,494,503,1.79
February 28 2017,Sumter,FL,Passenger,0,1,1,10,11,9.09
November 30 2020,Anchorage,AK,Passenger,1,0,1,160,161,0.62
January 31 2025,Deschutes,OR,Passenger,1,0,1,62,63,1.59
May 31 2025,Bristol,MA,Passenger,1,0,1,4,5,20.00
May 31 2024,Mesa,CO,Passenger,0,1,1,9,10,10.00
June 30 2024,Cowlitz,WA,Passenger,710,279,989,69490,70479,1.40
November 30 2018,Washtenaw,MI,Passenger,1,0,1,38,39,2.56
September 30 2021,Harrison,MS,Passenger,2,0,2,56,58,3.45
May 31 2024,Sonoma,CA,Passenger,2,1,3,71,74,4.05
July 31 2022,Hays,TX,Passenger,1,0,1,13,14,7.14
April 30 2025,Texas,MO,Passenger,1,0,1,2,3,33.33
May 31 2020,Kittitas,WA,Truck,0,0,0,14551,14551,0.00
March 31 2018,Orleans,LA,Passenger,0,1,1,45,46,2.17
March 31 2019,San Juan,WA,Passenger,197,70,267,14283,14550,1.84
September 30 2022,Manassas,VA,Passenger,0,1,1,9,10,10.00
February 28 2017,Asotin,WA,Truck,0,0,0,6469,6469,0.00
November 30 2019,Asotin,WA,Truck,0,0,0,6692,6692,0.00
February 28 2017,Franklin,WA,Truck,0,0,0,17900,17900,0.00
March 31 2024,Jefferson,NY,Passenger,2,0,2,177,179,1.12
November 30 2018,Washington,OR,Passenger,0,1,1,495,496,0.20
March 31 2025,El Paso,CO,Passenger,10,8,18,405,423,4.26
July 31 2023,Lake,IL,Passenger,7,0,7,134,141,4.96
July 31 2017,Collin,TX,Passenger,0,1,1,151,152,0.66
December 31 2020,Oldham,KY,Passenger,0,1,1,5,6,16.67
December 31 2017,Dallas,TX,Passenger,0,1,1,194,195,0.51
July 31 2024,San Diego,CA,Passenger,26,7,33,2045,2078,1.59
January 31 2025,Tarrant,TX,Passenger,2,0,2,80,82,2.44
February 29 2020,Lake,FL,Passenger,1,0,1,28,29,3.45
October 31 2020,Fort Bend,TX,Passenger,1,0,1,45,46,2.17
June 30 2020,DeKalb,IN,Passenger,1,0,1,1,2,50.00
October 31 2020,Davidson,TN,Passenger,1,0,1,79,80,1.25
September 30 2018,Snohomish,WA,Passenger,2514,1330,3844,524305,528149,0.73
May 31 2020,Bexar,TX,Passenger,1,5,6,649,655,0.92
October 31 2024,New Haven,CT,Passenger,1,2,3,22,25,12.00
May 31 2018,Hawaii,HI,Passenger,1,0,1,81,82,1.22
June 30 2019,DeKalb,GA,Passenger,1,0,1,85,86,1.16
August 31 2021,Williamson,TX,Passenger,0,2,2,139,141,1.42
May 31 2020,Suffolk,VA,Passenger,1,0,1,125,126,0.79
January 31 2025,San Juan,WA,Truck,45,0,45,5870,5915,0.76
November 30 2023,Adams,WA,Truck,3,0,3,5349,5352,0.06
October 31 2023,Meade,KY,Passenger,1,0,1,16,17,5.88
January 31 2017,Tulare,CA,Passenger,1,0,1,203,204,0.49
December 31 2024,Garfield,OK,Passenger,1,0,1,16,17,5.88
October 31 2018,Lumpkin,GA,Passenger,1,0,1,7,8,12.50
July 31 2019,Lewis,WA,Passenger,100,98,198,59347,59545,0.33
August 31 2022,Bristol,MA,Passenger,1,0,1,12,13,7.69
July 31 2019,Camden,NJ,Passenger,0,1,1,22,23,4.35
October 31 2018,Guadalupe,TX,Passenger,1,0,1,79,80,1.25
April 30 2022,Kitsap,WA,Passenger,2321,1023,3344,178250,181594,1.84
July 31 2023,Cumberland,PA,Passenger,1,0,1,48,49,2.04
May 31 2025,Chelan,WA,Truck,87,0,87,22216,22303,0.39
October 31 2019,Harnett,NC,Passenger,1,1,2,221,223,0.90
September 30 2022,Kitsap,WA,Passenger,2563,1112,3675,176783,180458,2.04
April 30 2020,Flathead,MT,Passenger,1,0,1,75,76,1.32
December 31 2023,San Juan,WA,Passenger,684,197,881,13652,14533,6.06
April 30 2023,Santa Cruz,CA,Passenger,1,0,1,23,24,4.17
June 30 2020,Broward,FL,Passenger,2,1,3,113,116,2.59
November 30 2017,Honolulu,HI,Passenger,2,2,4,581,585,0.68
December 31 2021,Broward,FL,Passenger,2,0,2,109,111,1.80
October 31 2021,Hudson,NJ,Passenger,1,0,1,48,49,2.04
September 30 2024,Essex,MA,Passenger,1,0,1,9,10,10.00
March 31 2018,Clallam,WA,Passenger,119,104,223,49491,49714,0.45
June 30 2024,Honolulu,HI,Passenger,6,2,8,283,291,2.75
March 31 2018,Prince William,VA,Passenger,0,5,5,260,265,1.89
November 30 2019,Berkshire,MA,Passenger,0,1,1,7,8,12.50
May 31 2017,Kittitas,WA,Passenger,23,17,40,27351,27391,0.15
September 30 2020,Pacific,WA,Passenger,32,34,66,15692,15758,0.42
June 30 2023,Skamania,WA,Truck,1,0,1,3842,3843,0.03
April 30 2023,Will,IL,Passenger,0,1,1,15,16,6.25
February 28 2022,Allegheny,PA,Passenger,2,1,3,73,76,3.95
February 28 2025,Howard,MD,Passenger,1,2,3,48,51,5.88
June 30 2019,Ventura,CA,Passenger,0,2,2,332,334,0.60
November 30 2024,Nassau,NY,Passenger,1,0,1,19,20,5.00
April 30 2022,Charleston,SC,Passenger,1,1,2,75,77,2.60
April 30 2017,Arlington,VA,Passenger,1,1,2,176,178,1.12
December 31 2024,Saginaw,MI,Passenger,0,1,1,2,3,33.33
May 31 2019,Saginaw,MI,Passenger,1,0,1,11,12,8.33
June 30 2023,Lee,AL,Passenger,1,0,1,20,21,4.76
August 31 2024,San Juan,WA,Truck,34,0,34,5882,5916,0.57
January 31 2021,Duval,FL,Passenger,0,2,2,369,371,0.54
November 30 2019,Orange,FL,Passenger,1,0,1,169,170,0.59
June 30 2020,Adams,WA,Passenger,9,7,16,12772,12788,0.13
April 30 2018,Whatcom,WA,Passenger,593,268,861,146536,147397,0.58
July 31 2023,Middlesex,NJ,Passenger,1,0,1,21,22,4.55
March 31 2024,Marion,OR,Passenger,1,0,1,71,72,1.39
August 31 2024,Carroll,MD,Passenger,0,1,1,13,14,7.14
April 30 2021,Powhatan,VA,Passenger,1,0,1,1,2,50.00
March 31 2024,Fresno,CA,Passenger,1,1,2,139,141,1.42
May 31 2018,Franklin,WA,Passenger,38,63,101,57657,57758,0.17
May 31 2020,Pima,AZ,Passenger,3,1,4,391,395,1.01
May 31 2025,Dallas,TX,Passenger,1,0,1,60,61,1.64
June 30 2022,Denton,TX,Passenger,2,0,2,84,86,2.33
March 31 2023,Cowlitz,WA,Truck,7,0,7,28231,28238,0.02
January 31 2018,Yakima,WA,Passenger,60,76,136,162470,162606,0.08
February 28 2023,Albemarle,VA,Passenger,3,0,3,21,24,12.50
April 30 2018,Pend Oreille,WA,Passenger,4,5,9,9473,9482,0.09
September 30 2017,DeKalb,IN,Passenger,1,0,1,1,2,50.00
September 30 2022,New London,CT,Passenger,2,4,6,202,208,2.88
March 31 2019,Pacific,WA,Passenger,23,26,49,15840,15889,0.31
November 30 2019,San Juan,WA,Truck,0,0,0,5923,5923,0.00
July 31 2020,Clallam,WA,Passenger,237,169,406,50011,50417,0.81
August 31 2023,Anchorage,AK,Passenger,1,0,1,113,114,0.88
May 31 2022,Howard,IN,Passenger,0,1,1,4,5,20.00
June 30 2020,Boulder,CO,Passenger,1,1,2,49,51,3.92
October 31 2019,Flathead,MT,Passenger,1,0,1,75,76,1.32
October 31 2017,Asotin,WA,Passenger,7,5,12,12468,12480,0.10
September 30 2023,Williamsburg,VA,Passenger,0,1,1,5,6,16.67
July 31 2019,Bucks,PA,Passenger,1,0,1,26,27,3.70
August 31 2024,Mercer,NJ,Passenger,0,1,1,6,7,14.29
September 30 2024,Ferry,WA,Passenger,29,4,33,4225,4258,0.78
February 28 2022,Pacific,WA,Truck,0,0,0,7996,7996,0.00
November 30 2020,Skagit,WA,Truck,1,0,1,32682,32683,0.00
April 30 2018,Salt Lake,UT,Passenger,1,0,1,249,250,0.40
March 31 2017,Polk,FL,Passenger,1,0,1,69,70,1.43
June 30 2021,Columbia,OR,Passenger,1,0,1,23,24,4.17
December 31 2019,Garfield,WA,Passenger,0,1,1,1305,1306,0.08
September 30 2023,Arapahoe,CO,Passenger,1,1,2,79,81,2.47
December 31 2020,Columbia,OR,Passenger,1,0,1,26,27,3.70
March 31 2024,Newport,RI,Truck,1,0,1,8,9,11.11
August 31 2017,DeKalb,GA,Passenger,1,0,1,89,90,1.11
August 31 2022,Frederick,MD,Passenger,1,0,1,62,63,1.59
December 31 2020,Santa Cruz,CA,Passenger,1,0,1,31,32,3.12
May 31 2023,Wahkiakum,WA,Passenger,25,17,42,3025,3067,1.37
September 30 2017,Duval,FL,Passenger,1,1,2,370,372,0.54
August 31 2020,Kitsap,WA,Truck,0,0,0,54111,54111,0.00
April 30 2024,Whitman,WA,Truck,11,0,11,8611,8622,0.13
June 30 2021,Boone,MO,Passenger,0,1,1,10,11,9.09
August 31 2024,Charlottesville,VA,Passenger,0,2,2,5,7,28.57
February 28 2021,Chelan,WA,Truck,0,0,0,22854,22854,0.00
January 31 2023,Kittitas,WA,Passenger,309,95,404,29467,29871,1.35
April 30 2024,Fredericksburg,VA,Passenger,1,0,1,4,5,20.00
May 31 2018,Sedgwick,KS,Passenger,0,1,1,103,104,0.96
May 31 2025,Skagit,WA,Passenger,1943,664,2607,85905,88512,2.95
December 31 2020,Ada,ID,Passenger,0,1,1,288,289,0.35
May 31 2019,Franklin,WA,Truck,0,0,0,19240,19240,0.00
April 30 2017,Duval,FL,Passenger,1,1,2,379,381,0.52
July 31 2021,Montgomery,PA,Passenger,1,0,1,26,27,3.70
February 29 2020,Asotin,WA,Passenger,16,11,27,12660,12687,0.21
May 31 2023,Alameda,CA,Passenger,9,2,11,226,237,4.64
June 30 2023,Garfield,WA,Truck,0,0,0,973,973,0.00
December 31 2019,Klickitat,WA,Truck,0,0,0,8309,8309,0.00
May 31 2020,Monterey,CA,Passenger,1,1,2,180,182,1.10
June 30 2024,El Paso,CO,Truck,1,0,1,136,137,0.73
January 31 2024,Hawaii,HI,Passenger,1,0,1,35,36,2.78
April 30 2017,Snohomish,WA,Passenger,1708,859,2567,512590,515157,0.50
January 31 2021,Prince William,VA,Passenger,1,2,3,220,223,1.35
September 30 2017,Franklin,OH,Passenger,0,1,1,113,114,0.88
September 30 2020,Skamania,WA,Truck,0,0,0,4004,4004,0.00
March 31 2021,Multnomah,OR,Passenger,4,5,9,747,756,1.19
October 31 2020,Lake,IL,Passenger,2,0,2,170,172,1.16
July 31 2017,Deschutes,OR,Passenger,1,0,1,207,208,0.48
October 31 2022,Suffolk,VA,Passenger,1,0,1,124,125,0.80
November 30 2020,Columbia,WA,Truck,0,0,0,1527,1527,0.00
December 31 2022,Lake,FL,Passenger,1,0,1,25,26,3.85
June 30 2024,Wake,NC,Passenger,5,2,7,93,100,7.00
October 31 2020,Orange,NC,Passenger,1,0,1,13,14,7.14
June 30 2019,Sacramento,CA,Passenger,0,1,1,311,312,0.32
August 31 2022,Hawaii,HI,Passenger,1,0,1,46,47,2.13
August 31 2024,Henrico,VA,Passenger,2,2,4,14,18,22.22
March 31 2020,Benton,WA,Truck,0,0,0,42495,42495,0.00
February 29 2020,Palm Beach,FL,Passenger,0,2,2,88,90,2.22
April 30 2019,Washoe,NV,Passenger,2,0,2,117,119,1.68
January 31 2023,Cumberland,PA,Passenger,1,0,1,53,54,1.85
December 31 2022,Pacific,WA,Passenger,74,80,154,15673,15827,0.97
February 29 2020,Pacific,WA,Passenger,30,32,62,16055,16117,0.38
June 30 2019,Norfolk,MA,Passenger,1,0,1,42,43,2.33
May 31 2025,Pierce,WA,Passenger,14873,4422,19295,505550,524845,3.68
November 30 2023,Charles,MD,Passenger,1,1,2,56,58,3.45
June 30 2020,Riverside,CA,Passenger,5,1,6,667,673,0.89
December 31 2023,Anne Arundel,MD,Passenger,3,3,6,313,319,1.88
April 30 2024,Allen,IN,Passenger,1,1,2,9,11,18.18
November 30 2022,Pinal,AZ,Passenger,0,1,1,140,141,0.71
December 31 2022,Lincoln,WA,Passenger,12,18,30,7741,7771,0.39
January 31 2022,Charles,MD,Passenger,1,1,2,72,74,2.70
July 31 2019,Mason,WA,Truck,0,0,0,20395,20395,0.00
December 31 2023,Washington,WI,Passenger,1,0,1,0,1,100.00
November 30 2020,Travis,TX,Passenger,4,1,5,196,201,2.49
July 31 2019,Adams,WA,Passenger,5,6,11,12820,12831,0.09
September 30 2024,Horry,SC,Passenger,1,0,1,11,12,8.33
November 30 2020,King,WA,Passenger,26573,8088,34661,1369386,1404047,2.47
June 30 2017,Thurston,WA,Passenger,397,336,733,186531,187264,0.39
December 31 2020,Fulton,GA,Passenger,1,3,4,99,103,3.88
June 30 2019,Calvert,MD,Passenger,0,2,2,86,88,2.27
September 30 2020,Pinellas,FL,Passenger,1,1,2,122,124,1.61
May 31 2023,Solano,CA,Passenger,4,1,5,164,169,2.96
November 30 2018,Lewis,WA,Truck,0,0,0,25619,25619,0.00
September 30 2021,Wake,NC,Passenger,1,0,1,140,141,0.71
November 30 2020,Okaloosa,FL,Passenger,0,1,1,144,145,0.69
January 31 2017,Lewis,WA,Truck,0,0,0,24792,24792,0.00
March 31 2023,Marion,IN,Passenger,1,0,1,36,37,2.70
February 28 2022,Hays,TX,Passenger,1,0,1,20,21,4.76
November 30 2023,Pend Oreille,WA,Passenger,33,20,53,8742,8795,0.60
February 29 2024,Montgomery,OH,Passenger,0,1,1,43,44,2.27
August 31 2023,Columbia,WA,Truck,0,0,0,1546,1546,0.00
February 28 2017,Eagle,CO,Passenger,1,0,1,8,9,11.11
November 30 2021,Champaign,IL,Passenger,1,0,1,14,15,6.67
September 30 2022,Okaloosa,FL,Passenger,0,2,2,111,113,1.77
January 31 2019,Cochise,AZ,Passenger,0,1,1,120,121,0.83
June 30 2018,Mercer,NJ,Passenger,0,1,1,18,19,5.26
January 31 2017,Allegheny,PA,Passenger,1,0,1,95,96,1.04
March 31 2023,Columbia,WA,Truck,0,0,0,1566,1566,0.00
September 30 2022,Philadelphia,PA,Passenger,1,0,1,62,63,1.59
January 31 2020,Oldham,KY,Passenger,0,1,1,5,6,16.67
July 31 2017,Okanogan,WA,Truck,0,0,0,16218,16218,0.00
January 31 2023,Grays Harbor,WA,Passenger,259,164,423,48505,48928,0.86
October 31 2018,Montgomery,PA,Passenger,2,0,2,37,39,5.13
January 31 2022,Pend Oreille,WA,Passenger,17,9,26,9102,9128,0.28
May 31 2023,Kitsap,WA,Truck,69,0,69,52222,52291,0.13
January 31 2024,Garfield,OK,Passenger,1,0,1,19,20,5.00
April 30 2025,York,VA,Passenger,2,0,2,61,63,3.17
November 30 2019,Henrico,VA,Passenger,0,1,1,21,22,4.55
August 31 2024,District of Columbia,DC,Passenger,4,1,5,143,148,3.38
April 30 2020,Sedgwick,KS,Passenger,1,1,2,103,105,1.90
August 31 2023,Pulaski,AR,Passenger,2,0,2,28,30,6.67
October 31 2017,Chelan,WA,Passenger,77,36,113,52708,52821,0.21
November 30 2023,DuPage,IL,Passenger,6,1,7,38,45,15.56
January 31 2025,Okaloosa,FL,Passenger,0,1,1,65,66,1.52
December 31 2024,Okanogan,WA,Passenger,216,106,322,25955,26277,1.23
October 31 2023,St. Louis,MO,Passenger,1,0,1,62,63,1.59
July 31 2022,Orange,NY,Passenger,0,1,1,53,54,1.85
October 31 2019,Lake,CA,Passenger,0,1,1,13,14,7.14
August 31 2022,Nassau,NY,Passenger,4,0,4,34,38,10.53
January 31 2020,Stevens,WA,Passenger,33,32,65,31457,31522,0.21
June 30 2024,Bristol,MA,Passenger,1,0,1,6,7,14.29
February 28 2021,Randolph,NC,Passenger,1,0,1,6,7,14.29
February 28 2021,Honolulu,HI,Passenger,5,3,8,482,490,1.63
December 31 2022,Fairfax,VA,Truck,1,0,1,100,101,0.99
June 30 2017,,,Passenger,3,0,3,459,462,0.65
January 31 2023,Weld,CO,Passenger,1,0,1,25,26,3.85
April 30 2022,Leavenworth,KS,Passenger,1,2,3,95,98,3.06
August 31 2021,Pend Oreille,WA,Passenger,16,7,23,9231,9254,0.25
June 30 2022,Kitsap,WA,Truck,4,0,4,53453,53457,0.01
September 30 2018,Jefferson,CO,Passenger,0,1,1,63,64,1.56
March 31 2024,Oldham,KY,Passenger,0,1,1,4,5,20.00
January 31 2023,Goochland,VA,Passenger,3,2,5,132,137,3.65
April 30 2021,,,Passenger,4,2,6,387,393,1.53
April 30 2021,Jones,GA,Passenger,1,0,1,0,1,100.00
September 30 2024,St. Louis,MO,Passenger,1,0,1,49,50,2.00
January 31 2022,RÃ­o Grande,PR,Passenger,1,0,1,0,1,100.00
September 30 2023,Ray,MO,Passenger,0,1,1,1,2,50.00
October 31 2023,Prince William,VA,Passenger,0,4,4,160,164,2.44
October 31 2023,Laramie,WY,Passenger,1,0,1,32,33,3.03
April 30 2023,Kent,DE,Passenger,1,0,1,51,52,1.92
September 30 2022,Adams,WA,Passenger,22,10,32,12962,12994,0.25
April 30 2017,Stevens,WA,Truck,0,0,0,18272,18272,0.00
August 31 2024,San Luis Obispo,CA,Passenger,0,2,2,42,44,4.55
September 30 2020,Spokane,WA,Truck,1,0,1,99781,99782,0.00
July 31 2022,St. Mary's,MD,Passenger,2,0,2,223,225,0.89
October 31 2024,Polk,OR,Passenger,1,1,2,15,17,11.76
December 31 2023,Chelan,WA,Truck,40,0,40,23108,23148,0.17
May 31 2018,Klickitat,WA,Passenger,26,30,56,15101,15157,0.37
October 31 2023,Shelby,AL,Passenger,1,0,1,4,5,20.00
March 31 2022,Powhatan,VA,Passenger,1,0,1,2,3,33.33
October 31 2018,Williamson,TX,Passenger,0,1,1,183,184,0.54
October 31 2024,Kent,RI,Truck,1,0,1,3,4,25.00
April 30 2021,Tarrant,TX,Passenger,1,0,1,179,180,0.56
September 30 2019,Los Angeles,CA,Passenger,8,8,16,1149,1165,1.37
March 31 2021,Hudson,NJ,Passenger,1,0,1,46,47,2.13
February 29 2024,New York,NY,Passenger,3,0,3,40,43,6.98
September 30 2022,Sumter,SC,Passenger,0,1,1,31,32,3.12
September 30 2019,Carroll,NH,Passenger,0,1,1,2,3,33.33
August 31 2023,Chesapeake,VA,Passenger,1,1,2,327,329,0.61
July 31 2019,Duval,FL,Passenger,1,2,3,382,385,0.78
March 31 2025,Chelan,WA,Passenger,1075,308,1383,53561,54944,2.52
February 28 2018,Norfolk,VA,Passenger,1,1,2,318,320,0.62
September 30 2024,Meade,KY,Passenger,1,0,1,18,19,5.26
April 30 2022,Tom Green,TX,Passenger,0,1,1,25,26,3.85
January 31 2025,Mercer,NJ,Passenger,0,1,1,6,7,14.29
December 31 2022,Garfield,WA,Truck,0,0,0,970,970,0.00
March 31 2025,Skamania,WA,Passenger,178,64,242,7694,7936,3.05
August 31 2024,Forsyth,GA,Passenger,1,0,1,10,11,9.09
April 30 2024,St. Louis,MO,Passenger,1,0,1,54,55,1.82
May 31 2019,Mercer,NJ,Passenger,0,1,1,16,17,5.88
August 31 2024,Monroe,WI,Passenger,2,0,2,8,10,20.00
November 30 2021,Lexington,SC,Passenger,1,0,1,28,29,3.45
February 28 2022,Jefferson,WA,Truck,0,0,0,9567,9567,0.00
July 31 2019,Arlington,VA,Passenger,0,2,2,165,167,1.20
January 31 2024,Harford,MD,Passenger,1,1,2,49,51,3.92
January 31 2025,Suffolk,MA,Passenger,3,1,4,25,29,13.79
October 31 2021,DeKalb,GA,Passenger,1,0,1,71,72,1.39
July 31 2023,Orange,NC,Passenger,1,0,1,8,9,11.11
October 31 2022,Sacramento,CA,Passenger,2,1,3,246,249,1.20
January 31 2018,Orange,FL,Passenger,2,1,3,177,180,1.67
January 31 2023,Wahkiakum,WA,Truck,1,0,1,1792,1793,0.06
May 31 2025,El Paso,CO,Truck,1,0,1,106,107,0.93
July 31 2019,DeKalb,IN,Passenger,1,0,1,1,2,50.00
September 30 2024,Montgomery,OH,Passenger,0,1,1,43,44,2.27
December 31 2020,Nassau,FL,Passenger,1,0,1,38,39,2.56
December 31 2020,Sussex,NJ,Passenger,1,0,1,2,3,33.33
March 31 2021,Fairbanks North Star,AK,Passenger,0,1,1,93,94,1.06
July 31 2019,Clark,WA,Passenger,1587,945,2532,314719,317251,0.80
May 31 2025,Prince George's,MD,Passenger,4,2,6,101,107,5.61
April 30 2025,Loudoun,VA,Passenger,1,1,2,50,52,3.85
March 31 2025,Virginia Beach,VA,Truck,1,0,1,105,106,0.94
August 31 2020,Denton,TX,Passenger,1,0,1,106,107,0.93
July 31 2019,Kent,MI,Passenger,0,1,1,26,27,3.70
December 31 2019,Pierce,WA,Truck,0,0,0,140728,140728,0.00
January 31 2021,Kitsap,WA,Truck,0,0,0,54220,54220,0.00
October 31 2024,Snohomish,WA,Passenger,21535,4376,25911,523628,549539,4.72
April 30 2023,Skamania,WA,Passenger,101,53,154,8070,8224,1.87
November 30 2017,Columbia,WA,Passenger,2,1,3,2392,2395,0.13
October 31 2019,Franklin,WA,Passenger,52,75,127,60588,60715,0.21
May 31 2024,Benton,WA,Truck,41,0,41,42905,42946,0.10
February 29 2020,Rockingham,NH,Passenger,1,0,1,31,32,3.12
September 30 2022,Benton,WA,Passenger,831,482,1313,135254,136567,0.96
April 30 2019,Los Angeles,CA,Passenger,7,6,13,1145,1158,1.12
December 31 2017,Okanogan,WA,Passenger,7,18,25,25723,25748,0.10
November 30 2020,Dallas,IA,Passenger,0,1,1,11,12,8.33
March 31 2021,Contra Costa,CA,Passenger,3,5,8,267,275,2.91
September 30 2024,Hunt,TX,Passenger,1,0,1,4,5,20.00
October 31 2020,Boulder,CO,Passenger,1,1,2,49,51,3.92
July 31 2018,Allegheny,PA,Passenger,1,0,1,85,86,1.16
October 31 2017,Santa Fe,NM,Passenger,0,1,1,43,44,2.27
May 31 2024,Bay,FL,Passenger,2,0,2,27,29,6.90
December 31 2018,Wahkiakum,WA,Passenger,1,1,2,2976,2978,0.07
February 28 2022,Bartow,GA,Passenger,0,1,1,4,5,20.00
November 30 2020,Wilson,TX,Passenger,0,1,1,6,7,14.29
March 31 2022,Stevens,WA,Truck,0,0,0,18968,18968,0.00
November 30 2017,Eagle,CO,Passenger,1,0,1,7,8,12.50
April 30 2022,El Paso,TX,Passenger,2,0,2,395,397,0.50
June 30 2019,Solano,CA,Passenger,1,0,1,222,223,0.45
May 31 2018,Ada,ID,Passenger,0,2,2,351,353,0.57
January 31 2022,Kitsap,WA,Passenger,2186,972,3158,179194,182352,1.73
July 31 2022,Larimer,CO,Passenger,1,0,1,54,55,1.82
December 31 2019,Anne Arundel,MD,Passenger,1,1,2,429,431,0.46
March 31 2021,Shelby,OH,Passenger,0,1,1,3,4,25.00
January 31 2024,Yolo,CA,Passenger,3,0,3,25,28,10.71
December 31 2020,Skagit,WA,Passenger,498,238,736,91302,92038,0.80
October 31 2019,Sarasota,FL,Passenger,2,0,2,42,44,4.55
November 30 2021,Pierce,WA,Passenger,4120,2104,6224,555884,562108,1.11
December 31 2024,Volusia,FL,Truck,1,0,1,3,4,25.00
February 28 2025,Plaquemines,LA,Passenger,1,0,1,16,17,5.88
September 30 2023,Allegheny,PA,Passenger,2,0,2,67,69,2.90
April 30 2022,Anne Arundel,MD,Passenger,2,2,4,381,385,1.04
November 30 2019,Salt Lake,UT,Passenger,1,0,1,219,220,0.45
November 30 2023,Suffolk,VA,Passenger,1,0,1,112,113,0.88
April 30 2020,DuPage,IL,Passenger,4,0,4,63,67,5.97
August 31 2022,Snohomish,WA,Passenger,8912,2597,11509,530039,541548,2.13
June 30 2020,Pueblo,CO,Passenger,1,0,1,33,34,2.94
March 31 2024,Kittitas,WA,Passenger,493,130,623,29383,30006,2.08
April 30 2023,Allegheny,PA,Passenger,1,0,1,70,71,1.41
May 31 2024,Klickitat,WA,Truck,18,0,18,8208,8226,0.22
October 31 2024,Milwaukee,WI,Passenger,1,0,1,37,38,2.63
July 31 2023,Allen,IN,Passenger,1,0,1,10,11,9.09
October 31 2020,Skamania,WA,Passenger,32,20,52,8321,8373,0.62
August 31 2024,Kauai,HI,Passenger,0,1,1,18,19,5.26
July 31 2018,Cumberland,NC,Passenger,1,0,1,540,541,0.18
February 28 2023,Allen,IN,Passenger,1,0,1,17,18,5.56
May 31 2023,Brown,WI,Passenger,1,0,1,6,7,14.29
May 31 2024,Baltimore,MD,Passenger,1,0,1,72,73,1.37
September 30 2021,Alameda,CA,Passenger,7,0,7,257,264,2.65
July 31 2017,Hardin,KY,Passenger,0,1,1,122,123,0.81
March 31 2019,Island,WA,Truck,0,0,0,21159,21159,0.00
June 30 2020,San Juan,WA,Passenger,302,94,396,13953,14349,2.76
September 30 2023,Klickitat,WA,Passenger,171,68,239,15075,15314,1.56
October 31 2021,Allen,IN,Passenger,1,0,1,20,21,4.76
September 30 2021,Jefferson,WA,Passenger,357,188,545,24763,25308,2.15
December 31 2023,Monterey,CA,Passenger,1,5,6,133,139,4.32
September 30 2024,Newport News,VA,Passenger,1,0,1,92,93,1.08
August 31 2019,,,Passenger,6,2,8,433,441,1.81
May 31 2021,Fort Bend,TX,Passenger,1,0,1,39,40,2.50
May 31 2023,Orange,FL,Passenger,4,0,4,90,94,4.26
September 30 2018,Pend Oreille,WA,Truck,0,0,0,5746,5746,0.00
June 30 2018,Lane,OR,Passenger,0,1,1,191,192,0.52
March 31 2025,Placer,CA,Passenger,3,0,3,50,53,5.66
July 31 2022,Philadelphia,PA,Passenger,1,0,1,57,58,1.72
August 31 2024,Kittitas,WA,Passenger,571,149,720,29397,30117,2.39
July 31 2021,Suffolk,MA,Passenger,1,2,3,38,41,7.32
January 31 2023,Botetourt,VA,Passenger,1,0,1,0,1,100.00
June 30 2021,Washington,OR,Passenger,1,0,1,434,435,0.23
February 28 2021,Santa Cruz,CA,Passenger,1,0,1,33,34,2.94
May 31 2020,Pend Oreille,WA,Passenger,7,6,13,9205,9218,0.14
December 31 2022,Okaloosa,FL,Passenger,0,3,3,107,110,2.73
January 31 2019,Harnett,NC,Passenger,1,0,1,230,231,0.43
November 30 2024,Larimer,CO,Passenger,1,0,1,29,30,3.33
December 31 2022,Columbia,WA,Truck,0,0,0,1576,1576,0.00
April 30 2024,Bexar,TX,Passenger,5,4,9,387,396,2.27
August 31 2019,Clallam,WA,Truck,1,0,1,21817,21818,0.00
May 31 2025,Essex,NJ,Passenger,1,1,2,6,8,25.00
December 31 2021,Maricopa,AZ,Passenger,15,5,20,1390,1410,1.42
December 31 2020,San Francisco,CA,Passenger,1,2,3,103,106,2.83
January 31 2022,DeKalb,GA,Passenger,1,0,1,69,70,1.43
February 28 2022,Denton,TX,Passenger,2,0,2,92,94,2.13
August 31 2022,San Bernardino,CA,Passenger,2,1,3,387,390,0.77
March 31 2023,Newport News,VA,Passenger,1,0,1,120,121,0.83
December 31 2020,Pierce,WA,Passenger,2821,1772,4593,554761,559354,0.82
February 29 2020,Eagle,CO,Passenger,1,0,1,8,9,11.11
November 30 2024,Geary,KS,Passenger,1,0,1,65,66,1.52
February 28 2017,Whitman,WA,Truck,0,0,0,8397,8397,0.00
January 31 2025,Fredericksburg,VA,Passenger,1,0,1,3,4,25.00
April 30 2021,Prince William,VA,Passenger,1,2,3,216,219,1.37
February 28 2019,Ventura,CA,Passenger,0,2,2,333,335,0.60
February 29 2024,Honolulu,HI,Passenger,6,2,8,311,319,2.51
December 31 2018,Salt Lake,UT,Passenger,1,0,1,234,235,0.43
February 28 2021,New York,NY,Passenger,4,0,4,61,65,6.15
November 30 2021,Cameron,TX,Passenger,1,0,1,26,27,3.70
May 31 2019,Tulsa,OK,Passenger,1,0,1,56,57,1.75
January 31 2025,Kauai,HI,Passenger,0,1,1,16,17,5.88
April 30 2021,Salt Lake,UT,Passenger,1,1,2,209,211,0.95
February 28 2025,Franklin,WA,Passenger,639,220,859,62885,63744,1.35
December 31 2020,Honolulu,HI,Passenger,5,3,8,483,491,1.63
March 31 2023,Douglas,NE,Passenger,3,1,4,34,38,10.53
July 31 2021,Bexar,TX,Passenger,2,4,6,579,585,1.03
May 31 2024,Columbia,WA,Truck,0,0,0,1551,1551,0.00
January 31 2023,Norfolk,VA,Passenger,2,3,5,292,297,1.68
August 31 2018,Volusia,FL,Passenger,0,1,1,36,37,2.70
August 31 2023,Yavapai,AZ,Passenger,0,1,1,27,28,3.57
September 30 2022,Polk,OR,Passenger,0,1,1,25,26,3.85
September 30 2019,Garfield,WA,Passenger,0,1,1,1310,1311,0.08
March 31 2019,Kootenai,ID,Passenger,1,2,3,220,223,1.35
December 31 2021,Frederick,MD,Passenger,1,1,2,70,72,2.78
July 31 2020,Pierce,WA,Passenger,2465,1697,4162,550708,554870,0.75
July 31 2023,Snohomish,WA,Passenger,13154,3139,16293,526570,542863,3.00
June 30 2017,Grant,WA,Truck,0,0,0,25219,25219,0.00
September 30 2022,Yellowstone,MT,Passenger,0,1,1,28,29,3.45
March 31 2024,Plaquemines,LA,Passenger,1,1,2,18,20,10.00
August 31 2019,Wayne,MI,Passenger,0,1,1,66,67,1.49
August 31 2024,Orange,NY,Passenger,0,1,1,35,36,2.78
April 30 2023,Randolph,NC,Passenger,1,0,1,1,2,50.00
December 31 2024,San Bernardino,CA,Passenger,5,0,5,301,306,1.63
March 31 2017,Maui,HI,Passenger,1,0,1,71,72,1.39
December 31 2022,Orange,CA,Passenger,12,3,15,443,458,3.28
March 31 2020,Dakota,MN,Passenger,0,1,1,32,33,3.03
June 30 2021,Pierce,WA,Passenger,3464,1996,5460,559287,564747,0.97
May 31 2017,Travis,TX,Passenger,1,0,1,202,203,0.49
October 31 2024,Rockdale,GA,Passenger,1,0,1,7,8,12.50
June 30 2024,Clark,NV,Passenger,9,4,13,490,503,2.58
January 31 2023,Douglas,CO,Passenger,1,1,2,81,83,2.41
February 29 2024,Harnett,NC,Passenger,4,1,5,151,156,3.21
February 28 2021,Ray,MO,Passenger,0,1,1,1,2,50.00
August 31 2023,Washington,MD,Passenger,1,0,1,15,16,6.25
September 30 2018,Ramsey,MN,Passenger,1,0,1,45,46,2.17
July 31 2018,Douglas,NE,Passenger,0,1,1,74,75,1.33
October 31 2020,Kauai,HI,Passenger,1,0,1,22,23,4.35
July 31 2020,Skagit,WA,Passenger,425,223,648,91213,91861,0.71
October 31 2019,District of Columbia,DC,Passenger,1,1,2,195,197,1.02
May 31 2025,Otero,NM,Passenger,0,1,1,16,17,5.88
July 31 2017,Palm Beach,FL,Passenger,0,2,2,99,101,1.98
September 30 2021,Charleston,SC,Passenger,1,1,2,95,97,2.06
July 31 2017,Douglas,WA,Truck,0,0,0,11517,11517,0.00
January 31 2024,Pinal,AZ,Passenger,3,1,4,99,103,3.88
April 30 2022,Chelan,WA,Truck,0,0,0,23032,23032,0.00
October 31 2023,Alexandria,VA,Passenger,3,0,3,105,108,2.78
March 31 2019,Albemarle,VA,Passenger,1,0,1,25,26,3.85
July 31 2021,Tarrant,TX,Passenger,2,0,2,170,172,1.16
December 31 2022,Mercer,NJ,Passenger,0,1,1,15,16,6.25
July 31 2023,Douglas,CO,Passenger,1,1,2,72,74,2.70
August 31 2024,Douglas,NE,Passenger,1,1,2,19,21,9.52
May 31 2024,Adams,WA,Passenger,34,18,52,13192,13244,0.39
March 31 2022,Greene,MO,Passenger,0,1,1,35,36,2.78
March 31 2024,Franklin,WA,Passenger,405,172,577,62217,62794,0.92
January 31 2023,Cowlitz,WA,Truck,7,0,7,28303,28310,0.02
December 31 2020,Washington,OR,Passenger,1,0,1,456,457,0.22
October 31 2024,Collin,TX,Passenger,3,1,4,49,53,7.55
October 31 2019,Norfolk,MA,Passenger,1,0,1,40,41,2.44
March 31 2025,Medina,TX,Passenger,1,0,1,5,6,16.67
June 30 2024,Leavenworth,KS,Passenger,4,2,6,77,83,7.23
December 31 2024,Lincoln,OR,Passenger,1,0,1,20,21,4.76
February 28 2025,Kittitas,WA,Passenger,648,165,813,29282,30095,2.70
March 31 2017,Franklin,WA,Passenger,26,47,73,55289,55362,0.13
June 30 2019,Cumberland,NC,Passenger,1,2,3,511,514,0.58
September 30 2019,DeKalb,IN,Passenger,1,0,1,1,2,50.00
March 31 2025,Kern,CA,Passenger,2,0,2,153,155,1.29
May 31 2022,Louisa,VA,Passenger,0,1,1,2,3,33.33
September 30 2020,Kootenai,ID,Passenger,1,1,2,234,236,0.85
July 31 2022,Geary,KS,Passenger,1,0,1,87,88,1.14
January 31 2017,Snohomish,WA,Passenger,1548,803,2351,514770,517121,0.45
April 30 2019,DeKalb,IN,Passenger,1,0,1,1,2,50.00
October 31 2024,Pend Oreille,WA,Truck,4,0,4,5545,5549,0.07
August 31 2020,Suffolk,MA,Passenger,0,2,2,41,43,4.65
September 30 2017,Columbia,WA,Passenger,1,1,2,2379,2381,0.08
February 29 2024,Wahkiakum,WA,Truck,4,0,4,1743,1747,0.23
November 30 2021,Lake,IN,Passenger,0,1,1,9,10,10.00
October 31 2019,Wise,TX,Passenger,1,0,1,8,9,11.11
February 28 2019,Portsmouth,VA,Passenger,0,1,1,80,81,1.23
March 31 2021,Essex,MA,Passenger,1,0,1,22,23,4.35
August 31 2019,Manassas,VA,Passenger,0,1,1,8,9,11.11
February 28 2017,Wahkiakum,WA,Truck,0,0,0,1625,1625,0.00
August 31 2018,Honolulu,HI,Passenger,1,2,3,546,549,0.55
August 31 2017,Franklin,WA,Passenger,27,48,75,55909,55984,0.13
November 30 2020,Columbia,WA,Passenger,4,3,7,2438,2445,0.29
March 31 2020,Santa Cruz,CA,Passenger,1,0,1,42,43,2.33
March 31 2019,Spartanburg,SC,Passenger,0,1,1,38,39,2.56
August 31 2021,Larimer,CO,Passenger,1,0,1,53,54,1.85
May 31 2017,Adams,WA,Passenger,2,3,5,12191,12196,0.04
April 30 2024,Suffolk,MA,Passenger,3,1,4,33,37,10.81
November 30 2017,Wise,TX,Passenger,1,0,1,3,4,25.00
March 31 2019,Benton,WA,Passenger,236,252,488,132922,133410,0.37
January 31 2017,Mason,WA,Truck,0,0,0,19181,19181,0.00
June 30 2017,Franklin,OH,Passenger,0,1,1,123,124,0.81
May 31 2021,San Francisco,CA,Passenger,2,2,4,102,106,3.77
August 31 2019,Frederick,MD,Passenger,1,1,2,77,79,2.53
September 30 2020,Benton,WA,Passenger,393,332,725,134266,134991,0.54
May 31 2018,Essex,NJ,Passenger,1,0,1,13,14,7.14
October 31 2018,Garfield,WA,Passenger,1,1,2,1330,1332,0.15
June 30 2018,Snohomish,WA,Passenger,2347,1262,3609,521273,524882,0.69
December 31 2023,Yakima,WA,Truck,15,0,15,60881,60896,0.02
April 30 2020,Kitsap,WA,Truck,1,0,1,53863,53864,0.00
April 30 2024,,,Passenger,4,2,6,279,285,2.11
May 31 2023,Beaufort,SC,Passenger,1,0,1,32,33,3.03
February 28 2018,Snohomish,WA,Truck,1,0,1,121318,121319,0.00
January 31 2021,Maui,HI,Passenger,2,0,2,29,31,6.45
September 30 2024,Hillsborough,FL,Passenger,2,1,3,96,99,3.03
July 31 2020,Fort Bend,TX,Passenger,1,0,1,48,49,2.04
March 31 2020,Suffolk,MA,Passenger,0,2,2,41,43,4.65
June 30 2021,Hampshire,MA,Passenger,1,0,1,9,10,10.00
December 31 2019,Goochland,VA,Passenger,2,1,3,283,286,1.05
August 31 2022,El Dorado,CA,Passenger,1,0,1,32,33,3.03
December 31 2022,Middlesex,MA,Passenger,3,0,3,92,95,3.16
January 31 2022,Mercer,NJ,Passenger,0,1,1,12,13,7.69
November 30 2023,Middlesex,MA,Passenger,3,0,3,90,93,3.23
August 31 2018,Cowlitz,WA,Passenger,62,81,143,71979,72122,0.20
December 31 2024,Camden,NJ,Passenger,1,0,1,9,10,10.00
December 31 2017,Norfolk,VA,Passenger,1,1,2,308,310,0.65
February 28 2019,Washington,OR,Passenger,0,1,1,493,494,0.20
February 29 2020,Orange,FL,Passenger,1,0,1,146,147,0.68
February 28 2023,St. Johns,FL,Passenger,1,0,1,44,45,2.22
January 31 2023,Yakima,WA,Truck,8,0,8,61108,61116,0.01
July 31 2021,Deschutes,OR,Passenger,1,0,1,143,144,0.69
July 31 2019,Cowlitz,WA,Passenger,106,107,213,73113,73326,0.29
November 30 2018,Norfolk,VA,Passenger,2,2,4,340,344,1.16
February 28 2019,Grays Harbor,WA,Truck,0,0,0,20309,20309,0.00
January 31 2020,Washtenaw,MI,Passenger,1,0,1,42,43,2.33
November 30 2021,Walla Walla,WA,Truck,0,0,0,14068,14068,0.00
December 31 2023,Middlesex,CT,Passenger,1,0,1,10,11,9.09
April 30 2020,Douglas,WA,Truck,0,0,0,12262,12262,0.00
July 31 2022,San Mateo,CA,Passenger,4,1,5,110,115,4.35
October 31 2022,Santa Clara,CA,Passenger,18,6,24,287,311,7.72
March 31 2020,Fulton,GA,Passenger,1,3,4,111,115,3.48
June 30 2023,Norfolk,MA,Passenger,1,0,1,26,27,3.70
September 30 2024,District of Columbia,DC,Truck,1,0,1,15,16,6.25
May 31 2023,Pacific,WA,Truck,3,0,3,7831,7834,0.04
March 31 2020,Botetourt,VA,Passenger,1,0,1,0,1,100.00
April 30 2021,Pacific,WA,Passenger,41,41,82,16037,16119,0.51
March 31 2023,Whatcom,WA,Passenger,2280,836,3116,147390,150506,2.07
July 31 2022,Orange,CA,Passenger,9,3,12,443,455,2.64
June 30 2020,San Joaquin,CA,Passenger,1,0,1,140,141,0.71
April 30 2020,St. Louis,MO,Passenger,1,0,1,102,103,0.97
September 30 2021,Burlington,NJ,Passenger,0,1,1,117,118,0.85
October 31 2017,Pend Oreille,WA,Truck,0,0,0,5561,5561,0.00
January 31 2024,Duval,FL,Passenger,2,1,3,251,254,1.18
July 31 2022,Charlottesville,VA,Passenger,0,1,1,7,8,12.50
November 30 2023,Asotin,WA,Truck,0,0,0,6599,6599,0.00
March 31 2018,Island,WA,Passenger,175,179,354,61982,62336,0.57
September 30 2023,Montgomery,PA,Passenger,1,0,1,26,27,3.70
February 28 2017,Walla Walla,WA,Truck,0,0,0,13153,13153,0.00
January 31 2019,Chelan,WA,Truck,0,0,0,22096,22096,0.00
October 31 2024,Kern,CA,Passenger,2,1,3,161,164,1.83
March 31 2023,Hennepin,MN,Passenger,1,0,1,62,63,1.59
August 31 2022,St. Clair,IL,Passenger,1,0,1,133,134,0.75
August 31 2021,Escambia,FL,Passenger,0,1,1,154,155,0.65
April 30 2024,Macomb,MI,Passenger,1,0,1,22,23,4.35
March 31 2018,Dallas,TX,Passenger,0,1,1,200,201,0.50
February 28 2021,Lincoln,WA,Truck,0,0,0,4686,4686,0.00
November 30 2020,Carroll,NH,Passenger,0,1,1,3,4,25.00
March 31 2017,Montgomery,MD,Passenger,1,0,1,314,315,0.32
August 31 2022,Yakima,WA,Truck,1,0,1,61300,61301,0.00
January 31 2018,Missoula,MT,Passenger,1,0,1,69,70,1.43
December 31 2024,New Haven,CT,Passenger,0,2,2,21,23,8.70
October 31 2021,Richland,SC,Passenger,0,1,1,138,139,0.72
August 31 2021,Thurston,WA,Truck,0,0,0,56268,56268,0.00
January 31 2024,Essex,MA,Passenger,2,0,2,15,17,11.76
February 29 2020,Mercer,NJ,Passenger,0,1,1,16,17,5.88
September 30 2019,Virginia Beach,VA,Passenger,1,0,1,707,708,0.14
October 31 2018,Monterey,CA,Passenger,0,2,2,197,199,1.01
January 31 2023,Madison,IL,Passenger,2,0,2,16,18,11.11
July 31 2018,Grays Harbor,WA,Passenger,54,62,116,46749,46865,0.25
June 30 2020,Prince George's,MD,Passenger,1,1,2,174,176,1.14
May 31 2018,DeKalb,IN,Passenger,1,0,1,1,2,50.00
April 30 2025,Middlesex,MA,Passenger,5,0,5,60,65,7.69
February 28 2023,Polk,OR,Passenger,1,1,2,23,25,8.00
May 31 2023,Klickitat,WA,Truck,11,0,11,8241,8252,0.13
December 31 2022,Charlottesville,VA,Passenger,0,1,1,6,7,14.29
June 30 2023,Charlottesville,VA,Passenger,0,1,1,5,6,16.67
June 30 2024,Walla Walla,WA,Passenger,301,159,460,35196,35656,1.29
October 31 2022,Franklin,WA,Passenger,237,112,349,61668,62017,0.56
October 31 2017,Latah,ID,Passenger,0,1,1,88,89,1.12
November 30 2018,Fulton,GA,Passenger,1,3,4,110,114,3.51
February 28 2018,Maricopa,AZ,Passenger,1,1,2,1733,1735,0.12
May 31 2021,Cameron,TX,Passenger,1,0,1,24,25,4.00
January 31 2023,Ray,MO,Passenger,0,1,1,1,2,50.00
August 31 2023,Salt Lake,UT,Passenger,4,1,5,140,145,3.45
June 30 2023,St. Lawrence,NY,Passenger,1,1,2,5,7,28.57
February 28 2025,Clackamas,OR,Passenger,1,1,2,84,86,2.33
January 31 2024,Clark,WA,Passenger,7345,2693,10038,312569,322607,3.11
April 30 2025,Chesapeake,VA,Passenger,2,0,2,230,232,0.86
April 30 2022,Queens,NY,Passenger,1,0,1,54,55,1.82
January 31 2024,Bartow,GA,Passenger,0,1,1,3,4,25.00
June 30 2018,Stevens,WA,Truck,0,0,0,18589,18589,0.00
December 31 2023,Dallas,TX,Truck,1,0,1,13,14,7.14
December 31 2021,Louisa,VA,Passenger,0,1,1,1,2,50.00
September 30 2023,Spokane,WA,Truck,48,0,48,101587,101635,0.05
December 31 2017,Kent,MI,Passenger,0,1,1,36,37,2.70
October 31 2022,Fairbanks North Star,AK,Passenger,0,1,1,76,77,1.30
August 31 2021,Miami-Dade,FL,Passenger,1,0,1,115,116,0.86
February 28 2025,Hennepin,MN,Passenger,1,0,1,38,39,2.56
April 30 2025,Klickitat,WA,Truck,27,0,27,8112,8139,0.33
July 31 2024,Asotin,WA,Passenger,52,28,80,12223,12303,0.65
May 31 2021,Clark,WA,Truck,0,0,0,84089,84089,0.00
January 31 2025,Sonoma,CA,Passenger,1,1,2,59,61,3.28
September 30 2018,Portsmouth,VA,Passenger,0,1,1,78,79,1.27
December 31 2024,Lewis,WA,Passenger,586,435,1021,60001,61022,1.67
October 31 2023,Skagit,WA,Passenger,1271,458,1729,88529,90258,1.92
March 31 2022,Juneau,AK,Passenger,0,1,1,36,37,2.70
June 30 2018,El Paso,CO,Passenger,2,2,4,774,778,0.51
August 31 2021,Ferry,WA,Passenger,9,3,12,4380,4392,0.27
October 31 2017,Columbia,WA,Truck,0,0,0,1543,1543,0.00
October 31 2018,Shasta,CA,Passenger,1,0,1,45,46,2.17
February 29 2024,Washoe,NV,Passenger,5,0,5,61,66,7.58
October 31 2020,Nassau,FL,Passenger,1,0,1,39,40,2.50
September 30 2023,Chatham,NC,Passenger,1,0,1,6,7,14.29
September 30 2020,Ada,ID,Passenger,0,1,1,292,293,0.34
April 30 2023,Klickitat,WA,Passenger,137,61,198,15113,15311,1.29
March 31 2017,Cumberland,NC,Passenger,2,0,2,627,629,0.32
April 30 2023,Isle of Wight,VA,Passenger,0,1,1,19,20,5.00
April 30 2021,Jefferson,WA,Passenger,310,179,489,24863,25352,1.93
August 31 2022,Santa Cruz,CA,Passenger,1,0,1,27,28,3.57
November 30 2018,Spokane,WA,Passenger,407,357,764,306716,307480,0.25
January 31 2022,Yakima,WA,Passenger,294,177,471,168093,168564,0.28
November 30 2022,Monroe,WI,Passenger,1,0,1,11,12,8.33
May 31 2019,Wahkiakum,WA,Passenger,2,2,4,3014,3018,0.13
December 31 2017,Spokane,WA,Passenger,297,239,536,299970,300506,0.18
February 28 2017,Gwinnett,GA,Passenger,0,1,1,92,93,1.08
June 30 2024,Chelan,WA,Passenger,875,248,1123,54156,55279,2.03
December 31 2020,Queens,NY,Passenger,1,0,1,58,59,1.69
December 31 2020,Washoe,NV,Passenger,1,0,1,112,113,0.88
January 31 2023,Meade,KY,Passenger,1,0,1,18,19,5.26
November 30 2019,Tulsa,OK,Passenger,1,0,1,61,62,1.61
August 31 2021,San Mateo,CA,Passenger,2,0,2,124,126,1.59
July 31 2023,Palm Beach,FL,Passenger,3,1,4,52,56,7.14
October 31 2021,El Paso,CO,Passenger,2,3,5,712,717,0.70
December 31 2024,Dakota,MN,Passenger,0,1,1,11,12,8.33
October 31 2023,Pierce,WA,Passenger,8907,3060,11967,525371,537338,2.23
March 31 2019,Frederick,MD,Passenger,1,1,2,79,81,2.47
September 30 2024,Contra Costa,CA,Passenger,4,1,5,138,143,3.50
August 31 2018,Jefferson,WA,Truck,0,0,0,9614,9614,0.00
June 30 2020,Clackamas,OR,Passenger,2,0,2,219,221,0.90
February 28 2022,Williams,ND,Passenger,0,1,1,9,10,10.00
January 31 2023,Dallas,TX,Truck,1,0,1,12,13,7.69
August 31 2022,Sevier,AR,Passenger,0,1,1,1,2,50.00
January 31 2022,Orange,CA,Passenger,8,3,11,471,482,2.28
December 31 2022,Yakima,WA,Passenger,425,217,642,166103,166745,0.39
March 31 2025,Asotin,WA,Truck,5,0,5,6525,6530,0.08
July 31 2018,Pend Oreille,WA,Passenger,5,5,10,9578,9588,0.10
January 31 2021,Prince George's,MD,Passenger,2,1,3,162,165,1.82
June 30 2023,DeKalb,GA,Passenger,2,0,2,53,55,3.64
October 31 2018,Pierce,WA,Truck,0,0,0,138689,138689,0.00
December 31 2021,Maui,HI,Passenger,1,0,1,28,29,3.45
September 30 2023,Franklin,WA,Passenger,355,151,506,62026,62532,0.81
June 30 2018,Spokane,WA,Passenger,340,315,655,302983,303638,0.22
September 30 2018,Latah,ID,Passenger,0,1,1,79,80,1.25
November 30 2017,Moore,NC,Passenger,0,1,1,201,202,0.50
October 31 2021,Rogers,OK,Passenger,1,0,1,9,10,10.00
November 30 2017,San Mateo,CA,Passenger,0,1,1,151,152,0.66
September 30 2019,Monterey,CA,Passenger,1,1,2,193,195,1.03
June 30 2024,Travis,TX,Passenger,4,2,6,81,87,6.90
March 31 2020,Lincoln,WA,Truck,0,0,0,4652,4652,0.00
November 30 2020,Carson City,NV,Passenger,1,0,1,14,15,6.67
October 31 2022,Plaquemines,LA,Passenger,1,1,2,19,21,9.52
May 31 2019,Boulder,CO,Passenger,1,0,1,48,49,2.04
March 31 2025,Franklin,WA,Truck,29,0,29,20782,20811,0.14
December 31 2023,Madison,IL,Passenger,2,0,2,15,17,11.76
October 31 2021,Queens,NY,Passenger,1,0,1,53,54,1.85
February 29 2020,Franklin,WA,Truck,0,0,0,19886,19886,0.00
August 31 2017,Snohomish,WA,Truck,1,0,1,121646,121647,0.00
March 31 2022,Asotin,WA,Passenger,22,18,40,12618,12658,0.32
October 31 2023,Washington,OR,Passenger,3,0,3,276,279,1.08
December 31 2024,St. Clair,IL,Passenger,0,1,1,106,107,0.93
December 31 2023,Ray,MO,Passenger,0,1,1,1,2,50.00
June 30 2023,Bartow,GA,Passenger,0,1,1,3,4,25.00
October 31 2020,Grant,WA,Truck,0,0,0,27371,27371,0.00
June 30 2019,Grays Harbor,WA,Passenger,73,85,158,47902,48060,0.33
January 31 2021,Harrison,MS,Passenger,2,0,2,51,53,3.77
April 30 2018,Latah,ID,Passenger,0,1,1,84,85,1.18
July 31 2022,Williamsburg,VA,Passenger,0,1,1,8,9,11.11
April 30 2022,Fort Bend,TX,Passenger,1,0,1,36,37,2.70
June 30 2021,Jones,GA,Passenger,1,0,1,0,1,100.00
September 30 2023,Washtenaw,MI,Passenger,0,2,2,29,31,6.45
June 30 2022,Louisa,VA,Passenger,0,1,1,2,3,33.33
March 31 2018,Pierce,WA,Passenger,1126,1054,2180,527593,529773,0.41
March 31 2021,Clark,WA,Passenger,2579,1277,3856,319649,323505,1.19
July 31 2019,Skamania,WA,Truck,0,0,0,4064,4064,0.00
February 28 2018,Cumberland,NC,Passenger,1,0,1,564,565,0.18
June 30 2024,Liberty,GA,Passenger,0,1,1,101,102,0.98
November 30 2021,Saratoga,NY,Passenger,1,0,1,46,47,2.13
August 31 2023,Wichita,TX,Passenger,1,0,1,36,37,2.70
November 30 2023,DeKalb,GA,Passenger,2,0,2,44,46,4.35
December 31 2018,Sussex,NJ,Passenger,1,0,1,1,2,50.00
August 31 2024,Berkeley,SC,Passenger,1,0,1,98,99,1.01
January 31 2022,Yamhill,OR,Passenger,1,0,1,40,41,2.44
March 31 2017,Spokane,WA,Truck,1,0,1,90232,90233,0.00
June 30 2020,Grays Harbor,WA,Passenger,106,111,217,48119,48336,0.45
October 31 2019,Clallam,WA,Passenger,194,150,344,50906,51250,0.67
November 30 2024,Kitsap,WA,Passenger,5236,1842,7078,174492,181570,3.90
February 29 2020,Montgomery,TX,Passenger,1,0,1,60,61,1.64
June 30 2022,Botetourt,VA,Passenger,1,0,1,0,1,100.00
April 30 2023,Maui,HI,Passenger,1,0,1,21,22,4.55
April 30 2023,Hudson,NJ,Passenger,2,0,2,30,32,6.25
September 30 2017,Clallam,WA,Truck,0,0,0,21087,21087,0.00
May 31 2024,Howard,MD,Passenger,0,2,2,58,60,3.33
April 30 2019,Santa Cruz,CA,Passenger,1,0,1,41,42,2.38
December 31 2022,New London,CT,Passenger,2,4,6,200,206,2.91
October 31 2024,New London,CT,Passenger,3,5,8,169,177,4.52
September 30 2024,Grays Harbor,WA,Passenger,494,255,749,47681,48430,1.55
August 31 2022,Douglas,CO,Passenger,1,1,2,85,87,2.30
February 28 2023,Palm Beach,FL,Passenger,3,1,4,56,60,6.67
April 30 2018,Pima,AZ,Passenger,1,1,2,453,455,0.44
February 28 2022,Prince William,VA,Passenger,1,3,4,207,211,1.90
March 31 2017,Columbia,WA,Passenger,0,1,1,2356,2357,0.04
February 28 2021,Douglas,CO,Passenger,1,1,2,85,87,2.30
February 28 2022,Walla Walla,WA,Passenger,152,89,241,36170,36411,0.66
September 30 2018,Columbia,WA,Truck,0,0,0,1521,1521,0.00
January 31 2017,Spokane,WA,Passenger,221,196,417,295910,296327,0.14
August 31 2022,Palm Beach,FL,Passenger,2,1,3,59,62,4.84
May 31 2025,Camden,NJ,Passenger,1,0,1,8,9,11.11
December 31 2018,Tulsa,OK,Passenger,1,0,1,56,57,1.75
March 31 2024,Hennepin,MN,Passenger,1,0,1,45,46,2.17
October 31 2018,Cochise,AZ,Passenger,0,1,1,120,121,0.83
August 31 2024,Solano,CA,Passenger,4,0,4,143,147,2.72
April 30 2018,Travis,TX,Passenger,1,0,1,204,205,0.49
May 31 2024,Grays Harbor,WA,Truck,22,0,22,20776,20798,0.11
December 31 2024,Tom Green,TX,Passenger,0,1,1,19,20,5.00
May 31 2021,Nassau,NY,Passenger,4,0,4,34,38,10.53
April 30 2023,Plaquemines,LA,Passenger,1,1,2,18,20,10.00
April 30 2025,San Juan,WA,Truck,51,0,51,5790,5841,0.87
September 30 2017,San Diego,CA,Passenger,5,2,7,2647,2654,0.26
April 30 2018,Okaloosa,FL,Passenger,1,0,1,173,174,0.57
September 30 2020,Calvert,MD,Passenger,0,2,2,88,90,2.22
May 31 2023,Mercer,NJ,Passenger,0,1,1,14,15,6.67
August 31 2024,Sonoma,CA,Passenger,1,1,2,67,69,2.90
February 28 2018,Columbia,WA,Passenger,2,1,3,2408,2411,0.12
February 29 2024,Cache,UT,Passenger,1,0,1,11,12,8.33
December 31 2019,Wahkiakum,WA,Truck,0,0,0,1752,1752,0.00
February 28 2021,Morris,NJ,Passenger,1,0,1,16,17,5.88
May 31 2019,Clallam,WA,Passenger,167,137,304,50547,50851,0.60
March 31 2017,Maricopa,AZ,Passenger,1,1,2,1929,1931,0.10
August 31 2018,Skamania,WA,Truck,0,0,0,3952,3952,0.00
January 31 2022,New London,CT,Passenger,2,4,6,221,227,2.64
May 31 2024,Ventura,CA,Passenger,4,2,6,231,237,2.53
March 31 2023,Salt Lake,UT,Passenger,3,1,4,154,158,2.53
May 31 2020,Brevard,FL,Passenger,0,1,1,94,95,1.05
October 31 2024,Galveston,TX,Passenger,1,1,2,18,20,10.00
September 30 2023,Harford,MD,Passenger,1,1,2,47,49,4.08
May 31 2018,Nueces,TX,Passenger,1,1,2,93,95,2.11
March 31 2017,Thurston,WA,Passenger,364,313,677,185315,185992,0.36
April 30 2019,Pierce,WA,Truck,0,0,0,139261,139261,0.00
December 31 2017,Fulton,GA,Passenger,1,0,1,108,109,0.92
January 31 2023,Fulton,GA,Passenger,1,1,2,84,86,2.33
June 30 2023,Baltimore,MD,Passenger,1,0,1,75,76,1.32
June 30 2017,Howard,MD,Passenger,0,2,2,94,96,2.08
March 31 2018,Ventura,CA,Passenger,0,1,1,348,349,0.29
October 31 2017,Skagit,WA,Passenger,152,126,278,88932,89210,0.31
November 30 2022,Pulaski,AR,Passenger,3,0,3,37,40,7.50
August 31 2023,Charles,MD,Passenger,1,1,2,55,57,3.51
March 31 2023,Wichita,TX,Passenger,1,0,1,38,39,2.56
July 31 2018,Lincoln,WA,Passenger,3,7,10,7743,7753,0.13
June 30 2023,Yolo,CA,Passenger,2,0,2,27,29,6.90
May 31 2023,Suffolk,VA,Passenger,1,0,1,118,119,0.84
January 31 2017,Whatcom,WA,Truck,2,0,2,41325,41327,0.00
May 31 2023,Eagle,CO,Passenger,1,0,1,7,8,12.50
August 31 2017,Columbia,WA,Passenger,1,1,2,2353,2355,0.08
February 28 2018,Canyon,ID,Passenger,0,1,1,105,106,0.94
June 30 2020,Los Angeles,CA,Passenger,7,12,19,1074,1093,1.74
May 31 2018,Skagit,WA,Truck,1,0,1,32035,32036,0.00
September 30 2023,Plaquemines,LA,Passenger,1,1,2,16,18,11.11
March 31 2021,Charleston,SC,Passenger,2,0,2,93,95,2.11
December 31 2019,Honolulu,HI,Passenger,4,2,6,522,528,1.14
July 31 2020,Multnomah,OR,Passenger,5,7,12,778,790,1.52
February 28 2023,Asotin,WA,Passenger,30,20,50,12372,12422,0.40
January 31 2017,Lincoln,WA,Truck,0,0,0,4459,4459,0.00
July 31 2021,Manassas,VA,Passenger,0,1,1,7,8,12.50
January 31 2024,Sarasota,FL,Passenger,1,0,1,32,33,3.03
March 31 2019,New York,NY,Passenger,1,0,1,82,83,1.20
February 28 2023,Williamson,TX,Passenger,0,2,2,100,102,1.96
November 30 2018,Kent,MI,Passenger,0,1,1,27,28,3.57
July 31 2020,Valencia,NM,Passenger,1,0,1,10,11,9.09
October 31 2023,Hays,TX,Passenger,1,0,1,9,10,10.00
May 31 2017,Latah,ID,Passenger,0,1,1,114,115,0.87
August 31 2017,Whatcom,WA,Passenger,481,182,663,143490,144153,0.46
January 31 2024,Virginia Beach,VA,Truck,1,0,1,115,116,0.86
July 31 2021,King,WA,Passenger,31520,9355,40875,1364765,1405640,2.91
February 28 2017,Adams,WA,Truck,0,0,0,5069,5069,0.00
July 31 2024,Nueces,TX,Passenger,2,0,2,57,59,3.39
July 31 2021,Louisa,VA,Passenger,0,1,1,1,2,50.00
April 30 2017,Clallam,WA,Truck,0,0,0,20964,20964,0.00
June 30 2023,Escambia,FL,Passenger,0,1,1,144,145,0.69
September 30 2024,Allegheny,PA,Passenger,2,0,2,51,53,3.77
January 31 2024,Skamania,WA,Passenger,142,55,197,7967,8164,2.41
February 28 2018,Spokane,WA,Truck,1,0,1,91696,91697,0.00
August 31 2023,Clay,FL,Passenger,1,0,1,77,78,1.28
December 31 2022,DeKalb,GA,Passenger,1,0,1,54,55,1.82
March 31 2019,Shelby,TN,Passenger,0,1,1,104,105,0.95
July 31 2024,Lewis,WA,Passenger,487,406,893,59700,60593,1.47
November 30 2017,Polk,FL,Passenger,1,0,1,67,68,1.47
February 29 2020,Stafford,VA,Passenger,1,1,2,101,103,1.94
February 28 2025,Hardin,KY,Truck,1,0,1,17,18,5.56
November 30 2017,New London,CT,Passenger,1,0,1,240,241,0.41
May 31 2021,El Paso,TX,Passenger,2,0,2,408,410,0.49
January 31 2024,Whitman,WA,Passenger,199,111,310,21833,22143,1.40
November 30 2020,King,WA,Truck,6,1,7,184033,184040,0.00
February 28 2021,Botetourt,VA,Passenger,1,0,1,0,1,100.00
January 31 2022,San Juan,WA,Truck,1,0,1,6016,6017,0.02
May 31 2023,Yuba,CA,Passenger,1,0,1,57,58,1.72
January 31 2021,Carroll,MD,Passenger,0,1,1,17,18,5.56
July 31 2019,Jefferson,WA,Truck,0,0,0,9678,9678,0.00
March 31 2019,Whatcom,WA,Truck,2,0,2,42703,42705,0.00
July 31 2022,Escambia,FL,Passenger,0,1,1,149,150,0.67
April 30 2022,Harnett,NC,Passenger,3,0,3,177,180,1.67
August 31 2020,Botetourt,VA,Passenger,1,0,1,0,1,100.00
February 28 2025,Los Angeles,CA,Passenger,14,3,17,519,536,3.17
August 31 2023,Whatcom,WA,Passenger,2655,933,3588,147721,151309,2.37
April 30 2022,Nassau,NY,Passenger,4,0,4,39,43,9.30
June 30 2024,Oldham,KY,Passenger,0,1,1,4,5,20.00
November 30 2023,Orange,CA,Passenger,10,4,14,390,404,3.47
February 28 2018,Grays Harbor,WA,Passenger,42,44,86,45875,45961,0.19
September 30 2023,Santa Clara,CA,Passenger,22,6,28,241,269,10.41
May 31 2021,Greene,MO,Passenger,0,1,1,41,42,2.38
September 30 2017,Ferry,WA,Truck,0,0,0,3539,3539,0.00
August 31 2024,Los Angeles,CA,Passenger,15,3,18,602,620,2.90
January 31 2024,Clay,FL,Passenger,1,0,1,73,74,1.35
August 31 2017,Grays Harbor,WA,Passenger,37,37,74,44953,45027,0.16
December 31 2022,Hawaii,HI,Passenger,1,0,1,42,43,2.33
August 31 2022,Virginia Beach,VA,Passenger,1,1,2,557,559,0.36
July 31 2021,Polk,FL,Passenger,1,0,1,77,78,1.28
August 31 2020,Mason,WA,Truck,0,0,0,20760,20760,0.00
August 31 2023,District of Columbia,DC,Truck,1,0,1,15,16,6.25
September 30 2021,Philadelphia,PA,Passenger,1,0,1,59,60,1.67
July 31 2023,Clackamas,OR,Passenger,0,1,1,141,142,0.70
December 31 2021,Sonoma,CA,Passenger,0,1,1,98,99,1.01
May 31 2023,Liberty,GA,Passenger,0,1,1,106,107,0.93
January 31 2017,Manassas,VA,Passenger,0,1,1,8,9,11.11
May 31 2020,Maui,HI,Passenger,2,0,2,35,37,5.41
February 28 2023,Columbia,GA,Passenger,0,1,1,94,95,1.05
October 31 2023,Gwinnett,GA,Passenger,1,0,1,57,58,1.72
August 31 2023,Spokane,WA,Truck,41,0,41,101573,101614,0.04
August 31 2021,Hillsborough,FL,Passenger,0,2,2,164,166,1.20
June 30 2024,Orange,NY,Passenger,0,1,1,37,38,2.63
September 30 2024,Sacramento,CA,Truck,1,0,1,27,28,3.57
December 31 2019,St. Mary's,MD,Passenger,1,0,1,228,229,0.44
April 30 2019,Pend Oreille,WA,Passenger,4,5,9,9495,9504,0.09
December 31 2018,Lake,CA,Passenger,0,1,1,12,13,7.69
April 30 2024,Texas,MO,Passenger,1,0,1,2,3,33.33
March 31 2021,Cameron,TX,Passenger,1,0,1,24,25,4.00
January 31 2017,Riverside,CA,Passenger,1,1,2,911,913,0.22
May 31 2018,Dale,AL,Passenger,0,1,1,59,60,1.67
August 31 2023,Randolph,NC,Passenger,1,0,1,1,2,50.00
August 31 2018,Asotin,WA,Passenger,11,8,19,12653,12672,0.15
July 31 2023,Duval,FL,Truck,1,0,1,59,60,1.67
June 30 2018,Los Angeles,CA,Passenger,6,5,11,1181,1192,0.92
July 31 2020,Kings,NY,Passenger,1,0,1,72,73,1.37
January 31 2018,Grays Harbor,WA,Passenger,42,42,84,45960,46044,0.18
December 31 2024,Monterey,CA,Truck,1,0,1,26,27,3.70
August 31 2021,Montgomery,MD,Passenger,2,1,3,230,233,1.29
April 30 2021,Sedgwick,KS,Passenger,1,1,2,95,97,2.06
November 30 2019,Norfolk,VA,Passenger,1,2,3,336,339,0.88
June 30 2017,Kitsap,WA,Truck,1,0,1,52517,52518,0.00
February 28 2025,Guam,GU,Passenger,0,1,1,27,28,3.57
July 31 2023,Solano,CA,Passenger,4,1,5,160,165,3.03
February 29 2024,St. Louis,MO,Passenger,1,0,1,57,58,1.72
October 31 2023,Escambia,FL,Truck,1,0,1,28,29,3.45
February 28 2023,Newport,RI,Passenger,0,1,1,62,63,1.59
October 31 2022,Ventura,CA,Passenger,3,2,5,266,271,1.85
October 31 2024,Jefferson,NY,Passenger,3,0,3,166,169,1.78
May 31 2024,Mohave,AZ,Passenger,1,0,1,46,47,2.13
January 31 2019,New Haven,CT,Passenger,0,1,1,48,49,2.04
November 30 2023,Kent,DE,Passenger,1,0,1,44,45,2.22
August 31 2022,Pennington,SD,Passenger,2,0,2,27,29,6.90
December 31 2019,Pinal,AZ,Passenger,1,0,1,219,220,0.45
September 30 2023,Arlington,VA,Passenger,4,0,4,126,130,3.08
October 31 2024,Plaquemines,LA,Passenger,1,0,1,16,17,5.88
March 31 2024,Grays Harbor,WA,Truck,19,0,19,20713,20732,0.09
April 30 2024,Dakota,MN,Passenger,0,1,1,11,12,8.33
November 30 2023,Tooele,UT,Passenger,2,0,2,13,15,13.33
May 31 2017,Chelan,WA,Passenger,60,36,96,51876,51972,0.18
April 30 2024,Montgomery,OH,Passenger,0,1,1,43,44,2.27
December 31 2022,Richmond,NY,Passenger,1,0,1,3,4,25.00
October 31 2021,Douglas,WA,Passenger,102,51,153,28562,28715,0.53
October 31 2017,Nassau,NY,Passenger,1,1,2,40,42,4.76
June 30 2019,Lee,FL,Passenger,1,0,1,55,56,1.79
February 28 2025,Pinal,AZ,Passenger,1,1,2,68,70,2.86
March 31 2025,King,WA,Passenger,94667,22234,116901,1289282,1406183,8.31
August 31 2019,Benton,WA,Passenger,280,292,572,134260,134832,0.42
February 28 2018,Montgomery,TX,Passenger,1,0,1,65,66,1.52
February 28 2019,Mason,WA,Truck,0,0,0,20213,20213,0.00
July 31 2019,Kitsap,WA,Passenger,1092,625,1717,181075,182792,0.94
June 30 2022,Allegheny,PA,Passenger,2,1,3,72,75,4.00
July 31 2023,Anne Arundel,MD,Passenger,4,3,7,323,330,2.12
October 31 2017,Garfield,WA,Truck,0,0,0,941,941,0.00
December 31 2021,Norfolk,MA,Passenger,1,0,1,30,31,3.23
October 31 2024,Henrico,VA,Passenger,2,2,4,14,18,22.22
October 31 2024,Santa Cruz,AZ,Passenger,1,0,1,4,5,20.00
September 30 2024,King,WA,Truck,1854,2,1856,169723,171579,1.08
February 29 2020,Columbia,WA,Passenger,3,3,6,2434,2440,0.25
January 31 2019,Volusia,FL,Passenger,0,1,1,39,40,2.50
May 31 2019,Adams,WA,Passenger,5,6,11,12702,12713,0.09
November 30 2018,San Juan,WA,Truck,0,0,0,5800,5800,0.00
July 31 2019,Franklin,WA,Truck,0,0,0,19357,19357,0.00
January 31 2021,Loudoun,VA,Passenger,1,0,1,77,78,1.28
December 31 2022,Cascade,MT,Passenger,0,1,1,42,43,2.33
February 28 2022,Chatham,NC,Passenger,1,0,1,7,8,12.50
March 31 2018,Klickitat,WA,Truck,0,0,0,8037,8037,0.00
May 31 2020,New Haven,CT,Passenger,0,2,2,37,39,5.13
May 31 2023,Franklin,OH,Passenger,1,0,1,66,67,1.49
November 30 2017,Missoula,MT,Passenger,1,0,1,70,71,1.41
February 28 2023,Santa Cruz,AZ,Passenger,1,0,1,5,6,16.67
August 31 2017,Pend Oreille,WA,Truck,0,0,0,5550,5550,0.00
November 30 2021,Palm Beach,FL,Passenger,1,1,2,67,69,2.90
March 31 2021,Kittitas,WA,Truck,0,0,0,14759,14759,0.00
July 31 2017,Hawaii,HI,Passenger,1,0,1,86,87,1.15
July 31 2022,Rockdale,GA,Passenger,1,0,1,10,11,9.09
April 30 2022,Asotin,WA,Truck,0,0,0,6733,6733,0.00
March 31 2022,Whatcom,WA,Truck,4,0,4,43476,43480,0.01
April 30 2021,San Juan,WA,Passenger,406,126,532,14130,14662,3.63
October 31 2024,Cuyahoga,OH,Passenger,1,0,1,40,41,2.44
November 30 2022,Madison,IL,Passenger,1,0,1,16,17,5.88
December 31 2021,Washington,MD,Passenger,2,0,2,12,14,14.29
February 29 2020,Pinellas,FL,Passenger,1,1,2,124,126,1.59
May 31 2022,Miami-Dade,FL,Passenger,1,0,1,99,100,1.00
November 30 2022,Eagle,CO,Passenger,1,0,1,7,8,12.50
May 31 2023,Jefferson,WA,Truck,11,0,11,9299,9310,0.12
April 30 2022,Nueces,TX,Passenger,1,0,1,73,74,1.35
August 31 2017,Ramsey,MN,Passenger,1,0,1,41,42,2.38
December 31 2017,El Paso,CO,Passenger,2,1,3,781,784,0.38
June 30 2022,Currituck,NC,Passenger,1,0,1,25,26,3.85
August 31 2022,Suffolk,VA,Passenger,1,0,1,127,128,0.78
February 28 2025,Palm Beach,FL,Passenger,2,0,2,32,34,5.88
May 31 2022,Pacific,WA,Passenger,60,68,128,15869,15997,0.80
March 31 2019,Camden,NJ,Passenger,0,1,1,22,23,4.35
April 30 2017,Thurston,WA,Truck,0,0,0,53209,53209,0.00
January 31 2022,Coryell,TX,Passenger,1,0,1,110,111,0.90
June 30 2023,Johnson,MO,Passenger,1,0,1,23,24,4.17
July 31 2020,Penobscot,ME,Passenger,0,2,2,16,18,11.11
February 28 2019,Los Angeles,CA,Passenger,5,6,11,1133,1144,0.96
January 31 2022,Harris,TX,Passenger,1,1,2,229,231,0.87
August 31 2017,Frederick,MD,Passenger,0,1,1,84,85,1.18
March 31 2025,Lincoln,WA,Passenger,35,34,69,7469,7538,0.92
February 28 2018,Salt Lake,UT,Passenger,1,0,1,254,255,0.39
October 31 2023,Columbia,WA,Passenger,12,0,12,2416,2428,0.49
December 31 2018,Kootenai,ID,Passenger,1,2,3,225,228,1.32
October 31 2024,District of Columbia,DC,Passenger,4,1,5,140,145,3.45
November 30 2023,Atlantic,NJ,Passenger,1,0,1,7,8,12.50
October 31 2020,Benton,WA,Truck,0,0,0,43035,43035,0.00
February 28 2022,Howard,MD,Passenger,0,2,2,68,70,2.86
April 30 2022,Kauai,HI,Passenger,1,0,1,25,26,3.85
February 28 2025,Middlesex,CT,Passenger,1,0,1,5,6,16.67
July 31 2017,Pacific,WA,Passenger,10,9,19,15189,15208,0.12
February 28 2019,Spartanburg,SC,Passenger,0,1,1,38,39,2.56
April 30 2018,Washtenaw,MI,Passenger,1,0,1,38,39,2.56
April 30 2020,Island,WA,Truck,1,0,1,21109,21110,0.00
August 31 2022,Sarpy,NE,Passenger,1,0,1,65,66,1.52
November 30 2023,Columbia,OR,Passenger,1,0,1,14,15,6.67
April 30 2022,Charles,MD,Passenger,0,1,1,64,65,1.54
February 28 2018,Alameda,CA,Passenger,0,1,1,369,370,0.27
July 31 2020,Lincoln,WA,Passenger,5,11,16,7642,7658,0.21
June 30 2022,Lake,IL,Passenger,4,0,4,149,153,2.61
August 31 2020,District of Columbia,DC,Passenger,1,1,2,189,191,1.05
December 31 2018,Cowlitz,WA,Truck,0,0,0,28730,28730,0.00
May 31 2020,Wise,TX,Passenger,1,0,1,9,10,10.00
March 31 2021,Walla Walla,WA,Truck,0,0,0,13952,13952,0.00
September 30 2018,Orange,CA,Passenger,5,1,6,585,591,1.02
August 31 2023,Kootenai,ID,Passenger,1,3,4,141,145,2.76
February 28 2021,Boulder,CO,Passenger,1,1,2,51,53,3.77
November 30 2023,Maricopa,AZ,Passenger,17,4,21,907,928,2.26
September 30 2019,Clay,FL,Passenger,0,1,1,92,93,1.08
September 30 2023,Snohomish,WA,Passenger,14405,3315,17720,526135,543855,3.26
June 30 2022,Hamilton,IN,Passenger,2,0,2,30,32,6.25
April 30 2018,Wahkiakum,WA,Passenger,1,3,4,2891,2895,0.14
February 28 2022,Essex,NJ,Passenger,2,0,2,16,18,11.11
March 31 2023,Jefferson,WA,Passenger,524,248,772,24241,25013,3.09
April 30 2024,San Mateo,CA,Passenger,4,1,5,81,86,5.81
June 30 2022,Santa Cruz,CA,Passenger,1,0,1,29,30,3.33
January 31 2019,Grant,WA,Truck,0,0,0,26316,26316,0.00
May 31 2025,Platte,MO,Passenger,0,1,1,7,8,12.50
October 31 2024,Mesa,CO,Passenger,0,1,1,8,9,11.11
August 31 2024,Manassas,VA,Passenger,1,0,1,6,7,14.29
July 31 2024,DeKalb,GA,Passenger,1,0,1,38,39,2.56
August 31 2024,Beaufort,SC,Passenger,1,0,1,26,27,3.70
April 30 2017,Riverside,CA,Passenger,1,1,2,855,857,0.23
October 31 2023,Chelan,WA,Truck,35,0,35,23141,23176,0.15
February 28 2025,Gwinnett,GA,Passenger,2,0,2,47,49,4.08
May 31 2025,King,WA,Truck,2555,1,2556,163812,166368,1.54
January 31 2023,Yuba,CA,Passenger,1,0,1,58,59,1.69
January 31 2022,San Luis Obispo,CA,Passenger,1,1,2,72,74,2.70
April 30 2020,Skagit,WA,Truck,1,0,1,32368,32369,0.00
January 31 2022,Nueces,TX,Passenger,1,0,1,74,75,1.33
June 30 2024,Klickitat,WA,Truck,19,0,19,8214,8233,0.23
March 31 2025,Whitman,WA,Truck,19,0,19,8528,8547,0.22
May 31 2017,Collier,FL,Passenger,1,0,1,27,28,3.57
October 31 2021,Cameron,TX,Passenger,1,0,1,26,27,3.70
August 31 2020,Sarasota,FL,Passenger,2,0,2,40,42,4.76
November 30 2018,Albemarle,VA,Passenger,1,0,1,26,27,3.70
May 31 2023,Lincoln,OR,Passenger,1,1,2,25,27,7.41
November 30 2024,Sarpy,NE,Passenger,0,1,1,50,51,1.96
July 31 2022,Tarrant,TX,Passenger,4,0,4,148,152,2.63
August 31 2023,Pierce,WA,Truck,181,0,181,135935,136116,0.13
June 30 2018,Washoe,NV,Passenger,1,0,1,125,126,0.79
September 30 2021,Pacific,WA,Passenger,49,57,106,16044,16150,0.66
April 30 2021,Howard,MD,Passenger,0,1,1,74,75,1.33
September 30 2021,Kootenai,ID,Passenger,1,2,3,214,217,1.38
December 31 2017,Ventura,CA,Passenger,0,1,1,350,351,0.28
May 31 2023,Dorchester,SC,Passenger,1,0,1,57,58,1.72
May 31 2021,Spokane,WA,Passenger,1030,623,1653,325062,326715,0.51
September 30 2017,Pacific,WA,Passenger,12,9,21,15254,15275,0.14
August 31 2017,San Diego,CA,Passenger,5,2,7,2667,2674,0.26
June 30 2022,Fulton,GA,Passenger,1,1,2,88,90,2.22
January 31 2020,Okanogan,WA,Truck,0,0,0,16548,16548,0.00
September 30 2019,Manassas,VA,Passenger,0,1,1,7,8,12.50
December 31 2018,Broward,FL,Passenger,2,1,3,131,134,2.24
January 31 2022,Cumberland,NC,Passenger,1,4,5,409,414,1.21
March 31 2024,Mohave,AZ,Passenger,1,0,1,46,47,2.13
April 30 2021,Honolulu,HI,Passenger,5,3,8,479,487,1.64
January 31 2023,Grays Harbor,WA,Truck,2,0,2,21031,21033,0.01
December 31 2017,King,WA,Truck,8,1,9,184944,184953,0.00
November 30 2024,Platte,MO,Passenger,0,1,1,11,12,8.33
October 31 2023,Douglas,WA,Truck,8,0,8,13040,13048,0.06
March 31 2023,Duval,FL,Passenger,2,1,3,296,299,1.00
January 31 2019,Oldham,KY,Passenger,0,1,1,5,6,16.67
September 30 2019,Charleston,SC,Passenger,1,0,1,118,119,0.84
June 30 2022,Benton,WA,Truck,3,0,3,43510,43513,0.01
February 29 2024,Asotin,WA,Passenger,43,25,68,12204,12272,0.55
September 30 2023,Garfield,WA,Passenger,0,3,3,1291,1294,0.23
May 31 2024,San Diego,CA,Passenger,25,7,32,2101,2133,1.50
August 31 2023,Portsmouth,VA,Passenger,0,3,3,67,70,4.29
April 30 2022,Columbia,OR,Passenger,1,0,1,28,29,3.45
September 30 2023,Lewis,WA,Passenger,364,274,638,59236,59874,1.07
October 31 2017,Ferry,WA,Passenger,1,1,2,4395,4397,0.05
October 31 2022,Island,WA,Passenger,894,385,1279,61049,62328,2.05
May 31 2020,Santa Clara,CA,Passenger,11,2,13,341,354,3.67
June 30 2022,Los Angeles,CA,Passenger,8,8,16,900,916,1.75
April 30 2017,Sumter,FL,Passenger,0,1,1,10,11,9.09
April 30 2024,Wichita,TX,Passenger,1,0,1,31,32,3.12
January 31 2023,St. Clair,IL,Passenger,1,0,1,131,132,0.76
May 31 2024,Garfield,OK,Passenger,1,0,1,18,19,5.26
August 31 2020,Wahkiakum,WA,Truck,0,0,0,1743,1743,0.00
April 30 2020,San Joaquin,CA,Passenger,1,0,1,142,143,0.70
February 28 2023,Benton,WA,Truck,15,0,15,43284,43299,0.03
March 31 2025,Calvert,MD,Passenger,1,1,2,64,66,3.03
January 31 2017,Eagle,CO,Passenger,1,0,1,11,12,8.33
September 30 2018,Washington,OR,Passenger,0,1,1,492,493,0.20
November 30 2018,Thurston,WA,Truck,0,0,0,54880,54880,0.00
October 31 2018,Asotin,WA,Passenger,12,9,21,12706,12727,0.17
December 31 2024,Monterey,CA,Passenger,1,5,6,124,130,4.62
September 30 2022,Lincoln,OR,Passenger,1,1,2,32,34,5.88
August 31 2017,Multnomah,OR,Passenger,1,3,4,962,966,0.41
July 31 2017,Dane,WI,Passenger,1,0,1,94,95,1.05
July 31 2021,Harrison,MS,Passenger,2,0,2,55,57,3.51
December 31 2018,St. Lucie,FL,Passenger,1,0,1,28,29,3.45
February 28 2025,Kootenai,ID,Truck,1,0,1,19,20,5.00
April 30 2024,New Castle,DE,Passenger,1,0,1,20,21,4.76
April 30 2022,New London,CT,Passenger,2,5,7,214,221,3.17
August 31 2021,Lee,FL,Passenger,1,0,1,48,49,2.04
February 28 2023,Ray,MO,Passenger,0,1,1,1,2,50.00
August 31 2022,Doña Ana,NM,Passenger,1,0,1,16,17,5.88
April 30 2021,Lane,OR,Passenger,0,1,1,154,155,0.65
May 31 2023,Providence,RI,Passenger,1,0,1,19,20,5.00
June 30 2020,Pacific,WA,Truck,0,0,0,7691,7691,0.00
December 31 2023,Clark,NV,Passenger,9,4,13,517,530,2.45
February 28 2018,Jefferson,CO,Passenger,0,1,1,72,73,1.37
April 30 2024,Skagit,WA,Truck,41,0,41,31534,31575,0.13
October 31 2021,Burlington,NJ,Passenger,0,1,1,117,118,0.85
December 31 2022,Flathead,MT,Passenger,1,0,1,43,44,2.27
September 30 2017,Klickitat,WA,Truck,0,0,0,7977,7977,0.00
August 31 2020,Morris,NJ,Passenger,1,0,1,18,19,5.26
November 30 2022,Ulster,NY,Passenger,1,0,1,11,12,8.33
February 29 2024,Caddo,LA,Passenger,2,0,2,15,17,11.76
May 31 2021,Collier,FL,Passenger,1,0,1,24,25,4.00
August 31 2019,Pinellas,FL,Passenger,1,1,2,130,132,1.52
June 30 2024,El Paso,TX,Passenger,2,2,4,299,303,1.32
November 30 2018,DuPage,IL,Passenger,1,0,1,60,61,1.64
March 31 2017,Okanogan,WA,Truck,0,0,0,16298,16298,0.00
January 31 2019,Maui,HI,Passenger,2,0,2,52,54,3.70
May 31 2020,Skamania,WA,Truck,0,0,0,4029,4029,0.00
September 30 2019,Maricopa,AZ,Passenger,9,6,15,1718,1733,0.87
January 31 2017,Adams,WA,Truck,0,0,0,5075,5075,0.00
March 31 2024,Grant,WA,Passenger,405,175,580,67408,67988,0.85
February 28 2023,Santa Cruz,CA,Passenger,1,0,1,21,22,4.55
January 31 2024,DeKalb,GA,Passenger,1,0,1,40,41,2.44
April 30 2024,Klickitat,WA,Passenger,201,84,285,15092,15377,1.85
March 31 2019,Deschutes,OR,Passenger,3,0,3,172,175,1.71
September 30 2021,San Joaquin,CA,Passenger,1,1,2,117,119,1.68
June 30 2024,Kootenai,ID,Truck,1,0,1,25,26,3.85
January 31 2021,San Juan,WA,Passenger,377,114,491,14008,14499,3.39
March 31 2025,Shelby,TN,Passenger,1,1,2,51,53,3.77
June 30 2021,Sedgwick,KS,Passenger,0,1,1,92,93,1.08
January 31 2022,Washtenaw,MI,Passenger,0,1,1,35,36,2.78
February 28 2017,Pinal,AZ,Passenger,2,0,2,273,275,0.73
September 30 2024,Chesapeake,VA,Passenger,1,0,1,271,272,0.37
March 31 2023,Bell,TX,Passenger,1,0,1,314,315,0.32
June 30 2017,Adams,WA,Passenger,2,3,5,12197,12202,0.04
March 31 2024,Richmond,VA,Passenger,1,0,1,11,12,8.33
November 30 2024,Brown,WI,Passenger,1,0,1,3,4,25.00
April 30 2021,Franklin,WA,Passenger,109,95,204,61890,62094,0.33
January 31 2021,Howard,MD,Passenger,0,1,1,74,75,1.33
January 31 2018,Whatcom,WA,Passenger,548,237,785,145431,146216,0.54
June 30 2021,Yamhill,OR,Passenger,1,0,1,44,45,2.22
July 31 2021,Cowlitz,WA,Passenger,229,146,375,72189,72564,0.52
May 31 2025,Anchorage,AK,Passenger,1,0,1,77,78,1.28
June 30 2023,Dallas,TX,Passenger,3,0,3,109,112,2.68
November 30 2023,Sarasota,FL,Passenger,1,0,1,33,34,2.94
February 28 2019,Fulton,GA,Passenger,1,3,4,112,116,3.45
July 31 2018,Muskogee,OK,Passenger,0,1,1,2,3,33.33
June 30 2022,Sarasota,FL,Passenger,2,0,2,42,44,4.55
January 31 2025,Honolulu,HI,Passenger,2,2,4,243,247,1.62
March 31 2020,Grays Harbor,WA,Truck,0,0,0,20776,20776,0.00
January 31 2025,Kitsap,WA,Passenger,5498,1946,7444,174696,182140,4.09
November 30 2022,Polk,OR,Passenger,0,1,1,26,27,3.70
February 28 2021,Powhatan,VA,Passenger,1,0,1,2,3,33.33
August 31 2024,Harris,TX,Passenger,1,2,3,144,147,2.04
November 30 2022,Marion,IN,Passenger,1,0,1,44,45,2.22
July 31 2021,Meade,KY,Passenger,1,0,1,26,27,3.70
February 28 2023,Davidson,TN,Passenger,1,0,1,57,58,1.72
December 31 2020,Pend Oreille,WA,Truck,0,0,0,5712,5712,0.00
January 31 2022,Charleston,SC,Passenger,1,1,2,83,85,2.35
July 31 2020,Kittitas,WA,Truck,0,0,0,14561,14561,0.00
December 31 2019,Deschutes,OR,Passenger,4,0,4,169,173,2.31
December 31 2022,Skagit,WA,Truck,11,0,11,32079,32090,0.03
July 31 2020,Whitman,WA,Truck,0,0,0,8504,8504,0.00
January 31 2023,Maui,HI,Passenger,1,0,1,27,28,3.57
December 31 2024,Henrico,VA,Passenger,2,2,4,12,16,25.00
March 31 2023,Rockdale,GA,Passenger,1,0,1,7,8,12.50
December 31 2021,Travis,TX,Passenger,4,1,5,162,167,2.99
March 31 2017,Montgomery,PA,Passenger,1,0,1,43,44,2.27
March 31 2022,Prince George's,MD,Passenger,2,1,3,153,156,1.92
January 31 2019,Garfield,OK,Passenger,1,0,1,15,16,6.25
June 30 2019,Sussex,NJ,Passenger,1,0,1,2,3,33.33
November 30 2022,Spotsylvania,VA,Passenger,1,0,1,30,31,3.23
April 30 2024,Pierce,WA,Truck,289,0,289,133557,133846,0.22
January 31 2022,Norfolk,VA,Passenger,2,3,5,315,320,1.56
March 31 2018,Manatee,FL,Passenger,1,0,1,41,42,2.38
July 31 2022,Camden,NJ,Passenger,0,1,1,12,13,7.69
June 30 2017,DeKalb,IN,Passenger,1,0,1,1,2,50.00
June 30 2024,St. Charles,MO,Passenger,1,0,1,27,28,3.57
February 28 2018,Mercer,NJ,Passenger,0,1,1,18,19,5.26
October 31 2019,Lake,FL,Passenger,1,0,1,28,29,3.45
September 30 2023,DuPage,IL,Passenger,6,1,7,39,46,15.22
December 31 2021,Kittitas,WA,Passenger,206,76,282,29800,30082,0.94
March 31 2021,Platte,MO,Passenger,1,0,1,20,21,4.76
April 30 2024,New York,NY,Passenger,4,0,4,39,43,9.30
July 31 2024,Multnomah,OR,Passenger,7,1,8,458,466,1.72
July 31 2018,Jefferson,WA,Passenger,147,99,246,24561,24807,0.99
August 31 2022,Platte,MO,Passenger,1,1,2,24,26,7.69
September 30 2019,Norfolk,VA,Passenger,2,2,4,334,338,1.18
December 31 2018,Dakota,MN,Passenger,0,2,2,37,39,5.13
May 31 2023,Boulder,CO,Passenger,2,0,2,40,42,4.76
December 31 2021,Anchorage,AK,Passenger,2,0,2,151,153,1.31
October 31 2022,Kings,NY,Passenger,1,0,1,61,62,1.61
March 31 2018,Stevens,WA,Truck,0,0,0,18403,18403,0.00
October 31 2018,Broward,FL,Passenger,2,1,3,139,142,2.11
December 31 2024,Yakima,WA,Passenger,1006,402,1408,167600,169008,0.83
October 31 2020,Monterey,CA,Passenger,1,2,3,167,170,1.76
May 31 2025,Garfield,WA,Truck,0,0,0,973,973,0.00
April 30 2023,Douglas,NE,Passenger,2,1,3,33,36,8.33
August 31 2020,Santa Cruz,CA,Passenger,1,0,1,35,36,2.78
December 31 2022,Escambia,FL,Passenger,0,1,1,149,150,0.67
September 30 2020,Kings,NY,Passenger,1,0,1,70,71,1.41
July 31 2020,Bartow,GA,Passenger,0,1,1,5,6,16.67
May 31 2018,Prince William,VA,Passenger,0,5,5,260,265,1.89
November 30 2019,Jefferson,NY,Passenger,0,1,1,204,205,0.49
September 30 2020,Portsmouth,VA,Passenger,0,1,1,71,72,1.39
December 31 2023,Gwinnett,GA,Passenger,1,0,1,55,56,1.79
May 31 2023,Duval,FL,Passenger,2,1,3,285,288,1.04
March 31 2017,King,WA,Passenger,9315,3784,13099,1381948,1395047,0.94
October 31 2018,Skagit,WA,Passenger,241,180,421,90969,91390,0.46
June 30 2022,Newport,RI,Passenger,0,1,1,72,73,1.37
September 30 2020,Kittitas,WA,Truck,0,0,0,14598,14598,0.00
January 31 2020,Garfield,WA,Truck,0,0,0,967,967,0.00
September 30 2021,Polk,FL,Passenger,1,0,1,79,80,1.25
December 31 2022,Randolph,NC,Passenger,1,0,1,3,4,25.00
January 31 2025,Thurston,WA,Truck,230,0,230,53084,53314,0.43
April 30 2024,Stevens,WA,Passenger,151,76,227,29499,29726,0.76
November 30 2022,Douglas,CO,Passenger,1,1,2,84,86,2.33
March 31 2019,Prince William,VA,Passenger,0,5,5,252,257,1.95
June 30 2022,Arlington,VA,Passenger,3,0,3,145,148,2.03
August 31 2023,Texas,MO,Passenger,1,0,1,2,3,33.33
June 30 2020,Collin,TX,Passenger,2,1,3,140,143,2.10
July 31 2022,Pacific,WA,Truck,0,0,0,7865,7865,0.00
August 31 2023,Escambia,FL,Passenger,0,1,1,142,143,0.70
June 30 2019,Multnomah,OR,Passenger,5,5,10,800,810,1.23
October 31 2020,Carroll,NH,Passenger,0,1,1,3,4,25.00
May 31 2025,Lincoln,WA,Passenger,40,36,76,7385,7461,1.02
August 31 2022,Kittitas,WA,Passenger,283,89,372,29551,29923,1.24
April 30 2024,Columbia,WA,Passenger,10,0,10,2400,2410,0.41
June 30 2023,Montgomery,MD,Passenger,6,2,8,206,214,3.74
July 31 2020,Cameron,TX,Passenger,1,0,1,24,25,4.00
December 31 2018,Island,WA,Truck,0,0,0,21160,21160,0.00
August 31 2021,Dallas,TX,Passenger,1,0,1,179,180,0.56
November 30 2023,Lewis,WA,Passenger,385,293,678,59415,60093,1.13
August 31 2024,Hamilton,IN,Passenger,1,0,1,23,24,4.17
November 30 2020,Montgomery,OH,Passenger,0,1,1,54,55,1.82
November 30 2020,Spokane,WA,Passenger,858,541,1399,319876,321275,0.44
March 31 2025,Multnomah,OR,Passenger,7,1,8,385,393,2.04
November 30 2021,Skamania,WA,Passenger,57,40,97,8325,8422,1.15
December 31 2022,Harris,TX,Passenger,1,1,2,203,205,0.98
August 31 2022,Pulaski,MO,Passenger,2,0,2,117,119,1.68
February 28 2025,Pend Oreille,WA,Truck,6,0,6,5471,5477,0.11
October 31 2022,Beaufort,SC,Passenger,1,0,1,34,35,2.86
March 31 2021,Kauai,HI,Passenger,1,0,1,23,24,4.17
August 31 2020,Pinellas,FL,Passenger,1,1,2,122,124,1.61
March 31 2024,Wichita,TX,Passenger,1,0,1,33,34,2.94
December 31 2024,Washington,WI,Passenger,1,0,1,0,1,100.00
August 31 2019,Grays Harbor,WA,Truck,0,0,0,20561,20561,0.00
February 28 2023,Dakota,MN,Passenger,0,1,1,18,19,5.26
December 31 2019,San Diego,CA,Passenger,11,4,15,2782,2797,0.54
January 31 2019,Palm Beach,FL,Passenger,0,2,2,94,96,2.08
February 29 2020,Fulton,GA,Passenger,1,3,4,109,113,3.54
April 30 2022,Asotin,WA,Passenger,24,19,43,12666,12709,0.34
December 31 2020,Boulder,CO,Passenger,1,1,2,50,52,3.85
November 30 2019,Hawaii,HI,Passenger,1,0,1,65,66,1.52
February 28 2018,King,WA,Truck,8,1,9,183978,183987,0.00
July 31 2024,Lexington,SC,Passenger,1,0,1,15,16,6.25
December 31 2017,Clay,FL,Passenger,0,1,1,109,110,0.91
August 31 2023,Santa Cruz,AZ,Passenger,1,0,1,5,6,16.67
April 30 2025,Placer,CA,Passenger,3,0,3,50,53,5.66
December 31 2024,James City,VA,Passenger,1,0,1,27,28,3.57
June 30 2023,Kootenai,ID,Truck,1,0,1,35,36,2.78
April 30 2024,Santa Cruz,AZ,Passenger,1,0,1,4,5,20.00
October 31 2017,Essex,NJ,Passenger,1,0,1,16,17,5.88
October 31 2023,Saratoga,NY,Passenger,1,1,2,48,50,4.00
December 31 2020,Powhatan,VA,Passenger,1,0,1,2,3,33.33
September 30 2023,Kittitas,WA,Truck,11,0,11,14593,14604,0.08
January 31 2025,Penobscot,ME,Passenger,0,1,1,4,5,20.00
July 31 2018,Ada,ID,Passenger,0,2,2,341,343,0.58
October 31 2020,Benton,WA,Passenger,402,342,744,134562,135306,0.55
June 30 2021,Suffolk,VA,Passenger,1,0,1,128,129,0.78
November 30 2024,Prince George,VA,Passenger,2,0,2,55,57,3.51
May 31 2025,Wasco,OR,Passenger,0,1,1,12,13,7.69
November 30 2023,Meade,KY,Passenger,1,0,1,16,17,5.88
April 30 2020,Spartanburg,SC,Passenger,0,1,1,54,55,1.82
August 31 2019,Saratoga,NY,Passenger,1,0,1,54,55,1.82
October 31 2022,Arlington,VA,Passenger,4,0,4,132,136,2.94
October 31 2023,Pend Oreille,WA,Passenger,31,19,50,8792,8842,0.57
June 30 2023,El Dorado,CA,Passenger,1,0,1,26,27,3.70
May 31 2021,Nassau,FL,Passenger,1,0,1,35,36,2.78
March 31 2025,Sarpy,NE,Truck,1,0,1,17,18,5.56
September 30 2023,Horry,SC,Passenger,1,0,1,17,18,5.56
August 31 2023,Newport,RI,Passenger,0,1,1,58,59,1.69
July 31 2017,Jefferson,NY,Passenger,1,1,2,249,251,0.80
March 31 2023,Maui,HI,Passenger,1,0,1,24,25,4.00
June 30 2022,Cascade,MT,Passenger,0,1,1,44,45,2.22
August 31 2022,Chatham,NC,Passenger,1,0,1,7,8,12.50
December 31 2023,Contra Costa,CA,Passenger,3,1,4,171,175,2.29
January 31 2020,Kitsap,WA,Passenger,1258,658,1916,182234,184150,1.04
January 31 2019,Clark,NV,Passenger,3,3,6,783,789,0.76
July 31 2021,Cumberland,NC,Passenger,1,4,5,434,439,1.14
September 30 2019,Island,WA,Passenger,345,250,595,63345,63940,0.93
May 31 2024,,,Passenger,4,3,7,279,286,2.45
September 30 2024,Kern,CA,Passenger,2,1,3,164,167,1.80
February 28 2023,Bristol,MA,Passenger,1,0,1,9,10,10.00
January 31 2025,DeKalb,GA,Passenger,1,0,1,33,34,2.94
October 31 2020,Skagit,WA,Truck,1,0,1,32650,32651,0.00
December 31 2022,Allegheny,PA,Passenger,2,0,2,72,74,2.70
May 31 2024,Middlesex,NJ,Passenger,1,0,1,23,24,4.17
August 31 2019,District of Columbia,DC,Passenger,1,1,2,196,198,1.01
October 31 2017,Lincoln,WA,Truck,0,0,0,4490,4490,0.00
October 31 2020,Suffolk,MA,Passenger,0,2,2,40,42,4.76
October 31 2017,Adams,WA,Passenger,3,3,6,12275,12281,0.05
November 30 2018,Ventura,CA,Passenger,0,2,2,342,344,0.58
February 29 2020,Sarasota,FL,Passenger,2,0,2,44,46,4.35
September 30 2022,Cook,IL,Passenger,3,1,4,230,234,1.71
August 31 2018,Asotin,WA,Truck,0,0,0,6644,6644,0.00
May 31 2025,Kern,CA,Passenger,2,0,2,148,150,1.33
March 31 2021,Solano,CA,Passenger,1,0,1,208,209,0.48
July 31 2023,Bexar,TX,Passenger,4,3,7,446,453,1.55
April 30 2021,Hillsborough,FL,Passenger,0,1,1,168,169,0.59
May 31 2023,Grant,WA,Truck,10,0,10,27971,27981,0.04
June 30 2018,San Mateo,CA,Passenger,1,1,2,138,140,1.43
July 31 2021,Lewis,WA,Truck,0,0,0,26751,26751,0.00
February 28 2022,Anchorage,AK,Passenger,2,0,2,152,154,1.30
March 31 2020,Jefferson,WA,Passenger,234,142,376,25041,25417,1.48
February 28 2022,Kittitas,WA,Passenger,217,74,291,29732,30023,0.97
January 31 2018,Flathead,MT,Passenger,1,0,1,62,63,1.59
December 31 2018,Norfolk,VA,Passenger,2,2,4,339,343,1.17
December 31 2017,Alameda,CA,Passenger,0,1,1,362,363,0.28
September 30 2019,Randolph,NC,Passenger,1,0,1,5,6,16.67
October 31 2021,Thurston,WA,Truck,0,0,0,56035,56035,0.00
August 31 2023,District of Columbia,DC,Passenger,3,0,3,154,157,1.91
February 28 2022,Suffolk,VA,Passenger,1,0,1,128,129,0.78
September 30 2019,Collier,FL,Passenger,1,0,1,27,28,3.57
December 31 2022,District of Columbia,DC,Passenger,2,0,2,165,167,1.20
March 31 2025,Marion,IN,Passenger,1,0,1,20,21,4.76
August 31 2017,Franklin,OH,Passenger,0,1,1,116,117,0.85
February 28 2025,Douglas,WA,Passenger,384,110,494,29101,29595,1.67
March 31 2023,Will,IL,Passenger,0,1,1,16,17,5.88
April 30 2020,Los Angeles,CA,Passenger,7,12,19,1083,1102,1.72
January 31 2018,Klickitat,WA,Truck,0,0,0,7989,7989,0.00
September 30 2023,Broward,FL,Passenger,1,0,1,65,66,1.52
November 30 2019,Shasta,CA,Passenger,1,0,1,40,41,2.44
February 28 2025,Moore,NC,Passenger,2,0,2,90,92,2.17
November 30 2022,Queens,NY,Passenger,1,0,1,45,46,2.17
April 30 2019,Kalamazoo,MI,Passenger,1,0,1,16,17,5.88
October 31 2017,Anne Arundel,MD,Passenger,0,1,1,486,487,0.21
July 31 2022,Hillsborough,FL,Passenger,1,1,2,151,153,1.31
December 31 2024,Palm Beach,FL,Passenger,2,0,2,36,38,5.26
May 31 2019,Multnomah,OR,Passenger,5,5,10,806,816,1.23
October 31 2024,El Paso,TX,Passenger,2,2,4,282,286,1.40
April 30 2022,Harrison,MS,Passenger,2,0,2,56,58,3.45
May 31 2022,Grays Harbor,WA,Passenger,205,158,363,49014,49377,0.74
October 31 2019,Hudson,NJ,Passenger,1,0,1,43,44,2.27
August 31 2020,Spokane,WA,Truck,1,0,1,99363,99364,0.00
September 30 2021,Clark,WA,Passenger,3150,1483,4633,321325,325958,1.42
March 31 2017,Snohomish,WA,Passenger,1655,848,2503,513226,515729,0.49
February 28 2022,Chesapeake,VA,Passenger,2,1,3,399,402,0.75
October 31 2018,Washtenaw,MI,Passenger,1,0,1,37,38,2.63
February 28 2021,Middlesex,MA,Passenger,1,0,1,101,102,0.98
January 31 2019,St. Mary's,MD,Passenger,1,0,1,214,215,0.47
September 30 2019,King,WA,Truck,6,1,7,182267,182274,0.00
March 31 2024,Pinal,AZ,Passenger,3,1,4,99,103,3.88
August 31 2022,Loudoun,VA,Passenger,2,1,3,70,73,4.11
March 31 2025,Douglas,CO,Passenger,0,1,1,40,41,2.44
January 31 2023,Prince William,VA,Passenger,0,4,4,187,191,2.09
February 28 2019,New York,NY,Passenger,1,0,1,83,84,1.19
July 31 2022,Mohave,AZ,Passenger,1,0,1,62,63,1.59
May 31 2017,Nantucket,MA,Passenger,1,0,1,3,4,25.00
March 31 2019,Yakima,WA,Truck,0,0,0,58727,58727,0.00
December 31 2023,St. Clair,IL,Passenger,0,1,1,117,118,0.85
March 31 2019,Juneau,AK,Passenger,0,1,1,39,40,2.50
December 31 2021,Adams,WA,Passenger,17,14,31,13056,13087,0.24
February 28 2025,Yakima,WA,Passenger,1062,418,1480,167150,168630,0.88
February 28 2022,Sarpy,NE,Passenger,1,0,1,70,71,1.41
September 30 2022,New Haven,CT,Passenger,0,2,2,31,33,6.06
June 30 2024,Madison,AL,Passenger,1,0,1,37,38,2.63
October 31 2019,Moore,NC,Passenger,0,1,1,181,182,0.55
April 30 2017,Shelby,TN,Passenger,0,1,1,114,115,0.87
May 31 2025,Garfield,WA,Passenger,0,2,2,1273,1275,0.16
December 31 2020,Suffolk,MA,Passenger,0,2,2,39,41,4.88
November 30 2023,San Benito,CA,Passenger,1,0,1,6,7,14.29
August 31 2019,Carroll,NH,Passenger,0,1,1,2,3,33.33
March 31 2024,Tarrant,TX,Passenger,2,0,2,115,117,1.71
March 31 2023,Galveston,TX,Passenger,1,1,2,23,25,8.00
January 31 2022,Meade,KY,Passenger,1,0,1,24,25,4.00
June 30 2019,Jefferson,WA,Truck,0,0,0,9660,9660,0.00
October 31 2017,Sedgwick,KS,Passenger,0,1,1,109,110,0.91
April 30 2019,Benton,WA,Passenger,248,264,512,133231,133743,0.38
April 30 2019,Collin,TX,Passenger,2,1,3,157,160,1.88
June 30 2022,St. Louis,MO,Passenger,2,0,2,72,74,2.70
April 30 2020,Allegheny,PA,Passenger,2,0,2,84,86,2.33
October 31 2024,Stevens,WA,Passenger,168,87,255,29405,29660,0.86
December 31 2017,San Juan,WA,Passenger,132,43,175,13847,14022,1.25
March 31 2022,Snohomish,WA,Truck,4,0,4,124667,124671,0.00
March 31 2018,Grays Harbor,WA,Passenger,45,46,91,46075,46166,0.20
February 29 2024,Manassas,VA,Passenger,1,0,1,6,7,14.29
July 31 2017,Monterey,CA,Passenger,0,2,2,204,206,0.97
March 31 2017,Manassas,VA,Passenger,0,1,1,9,10,10.00
January 31 2021,Wilson,TX,Passenger,0,1,1,6,7,14.29
August 31 2019,Osceola,FL,Passenger,1,0,1,47,48,2.08
December 31 2019,Pend Oreille,WA,Truck,0,0,0,5766,5766,0.00
June 30 2017,Shelby,TN,Passenger,0,1,1,116,117,0.85
November 30 2022,Multnomah,OR,Passenger,4,2,6,591,597,1.01
August 31 2022,Franklin,WA,Truck,2,0,2,20875,20877,0.01
August 31 2018,Mercer,NJ,Passenger,0,1,1,18,19,5.26
January 31 2024,Lexington,SC,Passenger,1,0,1,19,20,5.00
January 31 2020,Garfield,WA,Passenger,0,1,1,1320,1321,0.08
December 31 2022,Lewis,WA,Truck,1,0,1,26255,26256,0.00
May 31 2017,Lewis,WA,Passenger,49,35,84,55366,55450,0.15
January 31 2022,Cowlitz,WA,Passenger,273,164,437,71231,71668,0.61
October 31 2019,Monroe,IL,Passenger,1,0,1,4,5,20.00
September 30 2021,Pima,AZ,Passenger,1,1,2,320,322,0.62
June 30 2018,Spokane,WA,Truck,1,0,1,92599,92600,0.00
October 31 2021,Franklin,WA,Passenger,144,102,246,62008,62254,0.40
March 31 2023,Johnson,MO,Passenger,1,0,1,24,25,4.00
March 31 2022,San Luis Obispo,CA,Passenger,1,1,2,72,74,2.70
May 31 2022,Clark,WA,Truck,5,0,5,82782,82787,0.01
June 30 2019,Dale,AL,Passenger,0,1,1,57,58,1.72
February 28 2018,Virginia Beach,VA,Passenger,2,1,3,680,683,0.44
June 30 2020,Frederick,MD,Passenger,1,1,2,67,69,2.90
June 30 2019,Rogers,OK,Passenger,1,0,1,9,10,10.00
February 28 2022,Pennington,SD,Passenger,2,0,2,34,36,5.56
April 30 2021,Multnomah,OR,Passenger,3,5,8,748,756,1.06
November 30 2024,Arlington,VA,Passenger,5,0,5,113,118,4.24
October 31 2022,Eagle,CO,Passenger,1,0,1,7,8,12.50
November 30 2020,Snohomish,WA,Passenger,4949,1822,6771,537589,544360,1.24
November 30 2024,Loudoun,VA,Passenger,2,1,3,57,60,5.00
July 31 2020,Botetourt,VA,Passenger,1,0,1,0,1,100.00
May 31 2017,Kitsap,WA,Truck,1,0,1,52374,52375,0.00
December 31 2019,Lee,FL,Passenger,1,0,1,58,59,1.69
January 31 2017,King,WA,Passenger,8802,3619,12421,1386648,1399069,0.89
May 31 2017,Muscogee,GA,Passenger,0,1,1,244,245,0.41
October 31 2024,Columbia,WA,Passenger,11,0,11,2399,2410,0.46
December 31 2019,Multnomah,OR,Passenger,4,6,10,794,804,1.24
February 28 2017,Canyon,ID,Passenger,0,1,1,118,119,0.84
February 28 2023,Klickitat,WA,Passenger,126,58,184,15089,15273,1.20
March 31 2022,Leavenworth,KS,Passenger,1,2,3,95,98,3.06
May 31 2025,Sarpy,NE,Truck,1,0,1,16,17,5.88
September 30 2018,Virginia Beach,VA,Passenger,2,1,3,698,701,0.43
December 31 2018,District of Columbia,DC,Passenger,1,3,4,187,191,2.09
November 30 2022,Calvert,MD,Passenger,0,3,3,88,91,3.30
February 28 2025,Pend Oreille,WA,Passenger,54,20,74,8515,8589,0.86
December 31 2019,Yakima,WA,Passenger,117,114,231,166223,166454,0.14
October 31 2018,Hamilton,IN,Passenger,1,0,1,48,49,2.04
February 28 2019,Klickitat,WA,Passenger,29,32,61,15445,15506,0.39
July 31 2019,Lincoln,WA,Passenger,2,10,12,7790,7802,0.15
December 31 2020,Utah,UT,Passenger,0,1,1,147,148,0.68
April 30 2020,Carson City,NV,Passenger,1,0,1,13,14,7.14
March 31 2024,Fredericksburg,VA,Passenger,1,0,1,4,5,20.00
April 30 2018,Flathead,MT,Passenger,1,0,1,61,62,1.61
October 31 2023,Middlesex,MA,Passenger,4,0,4,92,96,4.17
November 30 2019,Fairbanks North Star,AK,Passenger,0,1,1,97,98,1.02
February 28 2019,Stevens,WA,Truck,0,0,0,18740,18740,0.00
December 31 2017,Richland,SC,Passenger,0,1,1,172,173,0.58
April 30 2023,Okaloosa,FL,Passenger,0,3,3,106,109,2.75
April 30 2025,Johnson,MO,Passenger,1,0,1,26,27,3.70
February 28 2021,Frederick,MD,Passenger,1,1,2,61,63,3.17
April 30 2025,Walla Walla,WA,Passenger,409,211,620,34857,35477,1.75
November 30 2019,Island,WA,Passenger,362,252,614,63524,64138,0.96
May 31 2024,Thurston,WA,Passenger,4355,1546,5901,189297,195198,3.02
February 28 2023,Richmond,NY,Passenger,1,0,1,3,4,25.00
May 31 2017,Wayne,MI,Passenger,0,1,1,69,70,1.43
February 29 2024,Chesterfield,VA,Passenger,1,0,1,42,43,2.33
August 31 2022,Asotin,WA,Truck,0,0,0,6670,6670,0.00
November 30 2024,Kitsap,WA,Truck,207,0,207,51475,51682,0.40
January 31 2022,Kootenai,ID,Passenger,1,2,3,202,205,1.46
October 31 2022,Hamilton,IN,Passenger,1,0,1,28,29,3.45
October 31 2022,Polk,OR,Passenger,0,1,1,24,25,4.00
January 31 2023,Suffolk,MA,Passenger,3,1,4,30,34,11.76
May 31 2024,Palm Beach,FL,Passenger,2,0,2,42,44,4.55
December 31 2021,Franklin,WA,Truck,0,0,0,20825,20825,0.00
June 30 2019,Duval,FL,Passenger,1,2,3,383,386,0.78
October 31 2020,Tarrant,TX,Passenger,1,0,1,188,189,0.53
June 30 2018,Columbia,WA,Passenger,2,2,4,2425,2429,0.16
December 31 2021,Klamath,OR,Passenger,1,0,1,37,38,2.63
July 31 2020,Ulster,NY,Passenger,1,0,1,14,15,6.67
March 31 2021,Thurston,WA,Truck,0,0,0,56417,56417,0.00
August 31 2019,Twin Falls,ID,Passenger,0,1,1,28,29,3.45
November 30 2024,Snohomish,WA,Passenger,21967,4451,26418,523230,549648,4.81
September 30 2017,Pend Oreille,WA,Passenger,3,4,7,9372,9379,0.07
November 30 2023,Harrison,MS,Passenger,1,0,1,37,38,2.63
November 30 2024,Tooele,UT,Passenger,1,0,1,8,9,11.11
March 31 2019,Skamania,WA,Truck,0,0,0,4019,4019,0.00
November 30 2018,Bexar,TX,Passenger,3,4,7,735,742,0.94
November 30 2024,Kern,CA,Passenger,2,1,3,159,162,1.85
May 31 2023,Burlington,NJ,Passenger,2,2,4,94,98,4.08
July 31 2023,Kings,NY,Passenger,2,0,2,56,58,3.45
July 31 2021,Hamilton,IN,Passenger,2,0,2,39,41,4.88
November 30 2022,Penobscot,ME,Passenger,0,2,2,10,12,16.67
May 31 2017,Allegheny,PA,Passenger,1,0,1,94,95,1.05
March 31 2021,Kitsap,WA,Passenger,1675,800,2475,179385,181860,1.36
August 31 2018,Orange,FL,Passenger,2,1,3,179,182,1.65
May 31 2019,Montgomery,PA,Passenger,2,0,2,40,42,4.76
July 31 2022,Galveston,TX,Passenger,1,1,2,21,23,8.70
November 30 2022,Hennepin,MN,Passenger,1,0,1,68,69,1.45
December 31 2018,Carson City,NV,Passenger,1,0,1,16,17,5.88
December 31 2021,Baltimore,MD,Passenger,2,0,2,98,100,2.00
December 31 2023,Medina,TX,Passenger,1,0,1,6,7,14.29
August 31 2020,Harford,MD,Passenger,0,1,1,62,63,1.59
September 30 2022,St. Clair,IL,Passenger,1,0,1,136,137,0.73
July 31 2021,Snohomish,WA,Passenger,6114,2100,8214,539095,547309,1.50
February 28 2021,Yakima,WA,Passenger,185,135,320,167373,167693,0.19
March 31 2024,Brevard,FL,Passenger,1,0,1,64,65,1.54
September 30 2018,Santa Clara,CA,Passenger,8,0,8,403,411,1.95
September 30 2019,Clallam,WA,Passenger,185,151,336,50822,51158,0.66
April 30 2019,Pinal,AZ,Passenger,2,0,2,216,218,0.92
December 31 2024,Middlesex,CT,Passenger,1,0,1,5,6,16.67
May 31 2019,King,WA,Passenger,18601,6944,25545,1386045,1411590,1.81
April 30 2018,Prince George's,MD,Passenger,1,1,2,191,193,1.04
February 28 2023,Skagit,WA,Truck,13,0,13,31993,32006,0.04
September 30 2022,Hudson,NJ,Passenger,3,0,3,41,44,6.82
September 30 2023,Portsmouth,VA,Passenger,0,3,3,69,72,4.17
February 28 2023,New York,NY,Passenger,3,0,3,42,45,6.67
March 31 2017,Garfield,WA,Passenger,0,0,0,1283,1283,0.00
June 30 2022,Flathead,MT,Passenger,1,0,1,48,49,2.04
July 31 2023,Lincoln,WA,Passenger,19,20,39,7608,7647,0.51
November 30 2023,Pierce,WA,Passenger,9144,3120,12264,524756,537020,2.28
February 29 2020,Clallam,WA,Truck,1,0,1,21832,21833,0.00
December 31 2019,Hudson,NJ,Passenger,1,0,1,42,43,2.33
June 30 2017,Garfield,WA,Truck,0,0,0,939,939,0.00
December 31 2021,Albemarle,VA,Passenger,3,0,3,26,29,10.34
November 30 2023,Autauga,AL,Passenger,2,1,3,12,15,20.00
March 31 2020,Powhatan,VA,Passenger,1,0,1,1,2,50.00
December 31 2021,Clackamas,OR,Passenger,2,0,2,198,200,1.00
March 31 2022,Washoe,NV,Passenger,1,0,1,89,90,1.11
November 30 2020,Hamilton,IN,Passenger,2,0,2,39,41,4.88
August 31 2021,Washington,OR,Passenger,1,0,1,420,421,0.24
December 31 2020,Pacific,WA,Truck,0,0,0,7784,7784,0.00
February 28 2021,San Diego,CA,Passenger,14,4,18,2699,2717,0.66
May 31 2023,Multnomah,OR,Passenger,5,2,7,574,581,1.20
September 30 2020,Eagle,CO,Passenger,1,0,1,7,8,12.50
September 30 2023,King,WA,Truck,860,2,862,173856,174718,0.49
May 31 2022,Greene,MO,Passenger,0,1,1,35,36,2.78
March 31 2025,Adams,WA,Passenger,56,20,76,13266,13342,0.57
July 31 2021,Maricopa,AZ,Passenger,10,6,16,1443,1459,1.10
November 30 2020,Leavenworth,KS,Passenger,0,1,1,113,114,0.88
April 30 2020,Moore,NC,Passenger,0,1,1,169,170,0.59
July 31 2021,Charleston,SC,Passenger,1,1,2,93,95,2.11
December 31 2017,Adams,WA,Passenger,4,5,9,12399,12408,0.07
April 30 2024,Saratoga,NY,Passenger,1,1,2,43,45,4.44
July 31 2024,Solano,CA,Passenger,4,0,4,145,149,2.68
March 31 2024,Stevens,WA,Truck,4,0,4,18676,18680,0.02
March 31 2022,San Bernardino,CA,Passenger,2,1,3,409,412,0.73
July 31 2024,Anne Arundel,MD,Passenger,6,3,9,290,299,3.01
April 30 2021,RÃ­o Grande,PR,Passenger,1,0,1,0,1,100.00
October 31 2020,Montgomery,OH,Passenger,0,1,1,49,50,2.00
April 30 2021,Alexandria,VA,Passenger,3,0,3,137,140,2.14
August 31 2019,Monterey,CA,Passenger,1,1,2,195,197,1.02
May 31 2020,Thurston,WA,Passenger,1134,732,1866,196517,198383,0.94
June 30 2024,Middlesex,MA,Passenger,4,0,4,77,81,4.94
April 30 2024,Davidson,TN,Passenger,1,0,1,44,45,2.22
December 31 2021,Yamhill,OR,Passenger,1,0,1,40,41,2.44
September 30 2019,Flathead,MT,Passenger,1,0,1,75,76,1.32
March 31 2019,Maui,HI,Passenger,2,0,2,50,52,3.85
September 30 2020,Manassas,VA,Passenger,0,1,1,6,7,14.29
August 31 2018,Wahkiakum,WA,Passenger,1,1,2,2960,2962,0.07
June 30 2021,King,WA,Passenger,30461,9172,39633,1366400,1406033,2.82
May 31 2024,Laramie,WY,Passenger,1,0,1,32,33,3.03
April 30 2019,Columbia,WA,Truck,0,0,0,1531,1531,0.00
May 31 2017,Clallam,WA,Truck,0,0,0,20961,20961,0.00
February 29 2020,Nueces,TX,Passenger,1,0,1,89,90,1.11
November 30 2023,Skagit,WA,Passenger,1306,472,1778,88579,90357,1.97
November 30 2022,Sonoma,CA,Passenger,2,1,3,86,89,3.37
June 30 2019,Boulder,CO,Passenger,1,0,1,49,50,2.00
January 31 2023,Kings,CA,Passenger,2,0,2,291,293,0.68
December 31 2022,Hamilton,IN,Passenger,1,0,1,25,26,3.85
September 30 2022,Mohave,AZ,Passenger,1,0,1,59,60,1.67
November 30 2022,Kittitas,WA,Truck,5,0,5,14562,14567,0.03
September 30 2020,Lake,IL,Passenger,1,0,1,172,173,0.58
January 31 2022,Skagit,WA,Passenger,700,307,1007,90684,91691,1.10
December 31 2020,Lake,FL,Passenger,1,0,1,27,28,3.57
July 31 2023,King,WA,Passenger,59455,14941,74396,1320119,1394515,5.33
May 31 2020,Baltimore,MD,Passenger,1,0,1,113,114,0.88
August 31 2024,Dakota,MN,Passenger,0,1,1,10,11,9.09
January 31 2024,Madison,IL,Passenger,2,0,2,14,16,12.50
March 31 2018,Lewis,WA,Truck,0,0,0,25256,25256,0.00
December 31 2022,Lake,IL,Passenger,4,0,4,135,139,2.88
November 30 2022,Whitman,WA,Truck,3,0,3,8603,8606,0.03
July 31 2017,Whatcom,WA,Passenger,474,179,653,143120,143773,0.45
December 31 2023,Skamania,WA,Passenger,141,52,193,8008,8201,2.35
November 30 2020,Maricopa,AZ,Passenger,8,9,17,1574,1591,1.07
August 31 2020,New York,NY,Passenger,3,0,3,66,69,4.35
July 31 2021,San Bernardino,CA,Passenger,1,0,1,412,413,0.24
June 30 2021,Wise,TX,Passenger,1,0,1,9,10,10.00
May 31 2018,Skamania,WA,Passenger,12,9,21,8701,8722,0.24
November 30 2023,Hunt,TX,Passenger,1,0,1,4,5,20.00
September 30 2017,Pima,AZ,Passenger,1,1,2,448,450,0.44
April 30 2021,Hennepin,MN,Passenger,2,0,2,97,99,2.02
November 30 2020,Norfolk,VA,Passenger,2,3,5,325,330,1.52
October 31 2017,Orange,CA,Passenger,3,1,4,631,635,0.63
September 30 2018,King,WA,Passenger,14199,6075,20274,1372886,1393160,1.46
January 31 2024,Garfield,WA,Passenger,0,3,3,1290,1293,0.23
June 30 2018,Island,WA,Truck,0,0,0,20925,20925,0.00
January 31 2020,Solano,CA,Passenger,1,0,1,218,219,0.46
August 31 2023,Ray,MO,Passenger,0,1,1,1,2,50.00
April 30 2020,Monterey,CA,Passenger,1,1,2,187,189,1.06
October 31 2022,Jackson,OK,Passenger,0,1,1,38,39,2.56
October 31 2022,San Bernardino,CA,Passenger,2,1,3,385,388,0.77
March 31 2017,San Juan,WA,Truck,0,0,0,5578,5578,0.00
January 31 2023,Pulaski,AR,Passenger,3,0,3,35,38,7.89
January 31 2022,San Joaquin,CA,Passenger,1,1,2,111,113,1.77
February 28 2025,Douglas,NE,Passenger,1,2,3,15,18,16.67
May 31 2024,Deschutes,OR,Passenger,1,0,1,85,86,1.16
April 30 2017,Canyon,ID,Passenger,0,1,1,112,113,0.88
January 31 2025,Cook,IL,Passenger,1,2,3,168,171,1.75
March 31 2022,Goochland,VA,Passenger,5,2,7,213,220,3.18
August 31 2023,Benton,WA,Truck,27,0,27,43133,43160,0.06
February 28 2019,St. Lucie,FL,Passenger,1,0,1,28,29,3.45
November 30 2021,Yavapai,AZ,Passenger,0,1,1,42,43,2.33
March 31 2021,Marion,IN,Passenger,1,0,1,66,67,1.49
April 30 2024,Los Angeles,CA,Passenger,16,3,19,671,690,2.75
April 30 2023,Kings,CA,Passenger,2,1,3,293,296,1.01
January 31 2025,Volusia,FL,Truck,1,0,1,4,5,20.00
September 30 2022,Maui,HI,Passenger,1,0,1,26,27,3.70
January 31 2025,Marion,OR,Passenger,1,0,1,58,59,1.69
April 30 2023,Douglas,WA,Truck,7,0,7,12907,12914,0.05
September 30 2018,DeKalb,GA,Passenger,1,0,1,82,83,1.20
July 31 2024,Douglas,CO,Passenger,1,1,2,54,56,3.57
March 31 2020,Bucks,PA,Passenger,1,0,1,26,27,3.70
March 31 2021,Eagle,CO,Passenger,1,0,1,7,8,12.50
May 31 2021,Kern,CA,Passenger,0,1,1,213,214,0.47
October 31 2024,San Mateo,CA,Passenger,4,1,5,69,74,6.76
December 31 2024,Benton,WA,Passenger,2004,845,2849,137162,140011,2.03
March 31 2018,Fresno,CA,Passenger,1,0,1,210,211,0.47
February 28 2021,Ramsey,MN,Passenger,1,0,1,42,43,2.33
June 30 2020,Hudson,NJ,Passenger,1,0,1,43,44,2.27
December 31 2023,Yellowstone,MT,Passenger,0,1,1,22,23,4.35
February 28 2019,Dakota,MN,Passenger,0,2,2,38,40,5.00
May 31 2019,Hennepin,MN,Passenger,2,0,2,119,121,1.65
June 30 2018,Cowlitz,WA,Truck,0,0,0,28455,28455,0.00
October 31 2018,Beaufort,SC,Passenger,1,0,1,40,41,2.44
November 30 2024,Lake,IL,Passenger,6,0,6,108,114,5.26
December 31 2022,Ray,MO,Passenger,0,1,1,2,3,33.33
November 30 2020,Orange,FL,Passenger,2,0,2,135,137,1.46
July 31 2020,Honolulu,HI,Passenger,4,2,6,495,501,1.20
April 30 2022,Broward,FL,Passenger,2,0,2,98,100,2.00
August 31 2021,Boulder,CO,Passenger,1,1,2,48,50,4.00
October 31 2024,Fairfax,VA,Passenger,16,10,26,551,577,4.51
January 31 2022,Washington,WI,Passenger,1,0,1,2,3,33.33
December 31 2023,Alexandria,VA,Passenger,3,0,3,100,103,2.91
July 31 2017,Saratoga,NY,Passenger,1,1,2,74,76,2.63
August 31 2024,Bristol,MA,Passenger,1,0,1,6,7,14.29
September 30 2024,Stafford,VA,Passenger,3,0,3,62,65,4.62
September 30 2023,Skagit,WA,Passenger,1233,448,1681,88472,90153,1.86
November 30 2023,Prince George's,MD,Passenger,3,2,5,127,132,3.79
March 31 2023,Frederick,MD,Passenger,1,0,1,60,61,1.64
May 31 2023,Will,IL,Passenger,0,1,1,15,16,6.25
October 31 2024,Cowlitz,WA,Truck,30,0,30,27931,27961,0.11
August 31 2019,Sarasota,FL,Passenger,1,0,1,42,43,2.33
April 30 2025,Hillsborough,FL,Passenger,2,2,4,75,79,5.06
November 30 2022,Okanogan,WA,Passenger,98,51,149,26180,26329,0.57
May 31 2017,Maricopa,AZ,Passenger,1,1,2,1893,1895,0.11
July 31 2019,Garfield,WA,Truck,0,0,0,959,959,0.00
July 31 2023,Penobscot,ME,Passenger,0,1,1,7,8,12.50
August 31 2023,Santa Cruz,CA,Passenger,1,0,1,25,26,3.85
June 30 2017,Ventura,CA,Passenger,0,1,1,376,377,0.27
September 30 2023,Virginia Beach,VA,Truck,1,0,1,116,117,0.85
April 30 2023,El Paso,TX,Passenger,2,1,3,351,354,0.85
February 28 2022,Larimer,CO,Passenger,1,0,1,57,58,1.72
December 31 2019,Calvert,MD,Passenger,0,2,2,91,93,2.15
February 29 2020,Arlington,VA,Passenger,0,2,2,162,164,1.22
August 31 2022,Salt Lake,UT,Passenger,2,1,3,166,169,1.78
July 31 2024,Riverside,CA,Passenger,8,2,10,423,433,2.31
May 31 2021,Snohomish,WA,Passenger,5716,2001,7717,539689,547406,1.41
January 31 2022,Chelan,WA,Truck,0,0,0,23034,23034,0.00
May 31 2025,Carroll,MD,Passenger,0,1,1,6,7,14.29
October 31 2020,Dakota,MN,Passenger,0,1,1,31,32,3.12
March 31 2019,New Haven,CT,Passenger,0,2,2,49,51,3.92
December 31 2021,Dorchester,SC,Passenger,1,0,1,81,82,1.22
September 30 2023,Lincoln,WA,Passenger,21,22,43,7565,7608,0.57
June 30 2021,Larimer,CO,Passenger,1,0,1,54,55,1.82
August 31 2019,Moore,NC,Passenger,0,1,1,185,186,0.54
August 31 2023,Saratoga,NY,Passenger,1,1,2,47,49,4.08
March 31 2021,Arapahoe,CO,Passenger,1,0,1,129,130,0.77
March 31 2023,St. Clair,IL,Passenger,1,0,1,127,128,0.78
June 30 2019,Pinal,AZ,Passenger,2,0,2,217,219,0.91
February 28 2018,El Paso,CO,Passenger,2,1,3,782,785,0.38
August 31 2019,Vigo,IN,Passenger,1,0,1,6,7,14.29
September 30 2023,Hunt,TX,Passenger,1,0,1,4,5,20.00
November 30 2024,Orange,FL,Passenger,4,1,5,51,56,8.93
October 31 2018,Montgomery,TX,Passenger,2,0,2,66,68,2.94
February 28 2021,Grant,WA,Passenger,90,86,176,66015,66191,0.27
July 31 2018,St. Clair,IL,Passenger,0,1,1,162,163,0.61
January 31 2019,Deschutes,OR,Passenger,3,0,3,179,182,1.65
November 30 2018,Cameron,TX,Passenger,1,0,1,35,36,2.78
August 31 2017,Sedgwick,KS,Passenger,0,1,1,110,111,0.90
April 30 2019,Douglas,WA,Truck,0,0,0,12174,12174,0.00
October 31 2022,Columbia,OR,Passenger,1,0,1,19,20,5.00
April 30 2022,Brown,WI,Passenger,1,0,1,8,9,11.11
September 30 2020,Carroll,MD,Passenger,0,1,1,17,18,5.56
July 31 2020,Lincoln,WA,Truck,0,0,0,4654,4654,0.00
November 30 2017,St. Clair,IL,Passenger,0,1,1,171,172,0.58
August 31 2023,Hamilton,OH,Passenger,1,0,1,42,43,2.33
April 30 2025,Alexandria,VA,Passenger,3,0,3,76,79,3.80
November 30 2024,Cuyahoga,OH,Passenger,1,0,1,37,38,2.63
December 31 2018,Washoe,NV,Passenger,2,0,2,119,121,1.65
June 30 2024,Forsyth,GA,Passenger,1,0,1,10,11,9.09
March 31 2019,Whitman,WA,Passenger,27,41,68,22697,22765,0.30
May 31 2025,Stafford,VA,Passenger,3,0,3,51,54,5.56
November 30 2024,Franklin,WA,Truck,23,0,23,20945,20968,0.11
July 31 2020,Sumter,FL,Passenger,0,1,1,9,10,10.00
July 31 2024,Montgomery,AL,Passenger,1,1,2,26,28,7.14
July 31 2017,Moore,NC,Passenger,0,1,1,198,199,0.50
October 31 2019,Monterey,CA,Passenger,1,1,2,194,196,1.02
October 31 2020,Pierce,WA,Truck,0,0,0,144216,144216,0.00
July 31 2020,Arapahoe,CO,Passenger,1,0,1,139,140,0.71
February 29 2020,Wahkiakum,WA,Truck,0,0,0,1759,1759,0.00
October 31 2017,San Juan,WA,Passenger,127,40,167,13754,13921,1.20
April 30 2021,Walla Walla,WA,Truck,0,0,0,14033,14033,0.00
December 31 2021,Orange,CA,Passenger,8,2,10,463,473,2.11
June 30 2024,Douglas,NE,Passenger,1,1,2,23,25,8.00
March 31 2023,Yavapai,AZ,Passenger,0,1,1,31,32,3.12
January 31 2018,Hawaii,HI,Passenger,1,0,1,86,87,1.15
March 31 2020,Camden,NJ,Passenger,0,2,2,18,20,10.00
April 30 2018,Asotin,WA,Passenger,8,6,14,12627,12641,0.11
April 30 2023,Kootenai,ID,Truck,1,0,1,36,37,2.70
January 31 2017,Kittitas,WA,Truck,0,0,0,13416,13416,0.00
September 30 2023,Anchorage,AK,Passenger,1,0,1,110,111,0.90
March 31 2019,Hardin,KY,Passenger,0,1,1,103,104,0.96
November 30 2019,Cowlitz,WA,Passenger,114,106,220,73561,73781,0.30
March 31 2020,Thurston,WA,Passenger,1129,727,1856,198305,200161,0.93
December 31 2018,Mason,WA,Truck,0,0,0,20179,20179,0.00
February 28 2017,Hardin,KY,Passenger,0,1,1,126,127,0.79
December 31 2021,Harnett,NC,Passenger,2,1,3,186,189,1.59
August 31 2018,Kitsap,WA,Truck,1,0,1,53422,53423,0.00
March 31 2022,Fresno,CA,Passenger,2,0,2,175,177,1.13
September 30 2018,Skamania,WA,Truck,0,0,0,3971,3971,0.00
July 31 2019,Ventura,CA,Passenger,0,2,2,330,332,0.60
October 31 2019,Carroll,NH,Passenger,0,1,1,2,3,33.33
August 31 2020,Washington,WI,Passenger,1,0,1,3,4,25.00
May 31 2019,Calvert,MD,Passenger,0,2,2,87,89,2.25
March 31 2025,Lincoln,WA,Truck,1,0,1,4713,4714,0.02
August 31 2022,Essex,NJ,Passenger,2,0,2,13,15,13.33
September 30 2017,Whatcom,WA,Passenger,496,190,686,143782,144468,0.47
January 31 2023,Boulder,CO,Passenger,2,0,2,43,45,4.44
July 31 2024,Thurston,WA,Truck,147,0,147,53226,53373,0.28
November 30 2018,Kittitas,WA,Truck,0,0,0,14161,14161,0.00
April 30 2017,DeKalb,GA,Passenger,1,0,1,86,87,1.15
August 31 2022,Providence,RI,Passenger,1,0,1,22,23,4.35
December 31 2023,Hillsborough,FL,Passenger,3,1,4,125,129,3.10
May 31 2025,Kent,RI,Truck,1,0,1,3,4,25.00
July 31 2019,Asotin,WA,Passenger,12,8,20,12649,12669,0.16
May 31 2023,Newport News,VA,Passenger,1,0,1,120,121,0.83
June 30 2020,Whatcom,WA,Passenger,1064,497,1561,149091,150652,1.04
December 31 2023,Middlesex,MA,Passenger,3,0,3,91,94,3.19
April 30 2020,Douglas,NE,Passenger,0,1,1,61,62,1.61
July 31 2022,Forsyth,GA,Passenger,1,0,1,16,17,5.88
April 30 2023,Washington,WI,Passenger,1,0,1,1,2,50.00
November 30 2019,Skagit,WA,Passenger,349,210,559,92522,93081,0.60
May 31 2022,Grays Harbor,WA,Truck,0,0,0,21281,21281,0.00
March 31 2018,District of Columbia,DC,Passenger,0,3,3,189,192,1.56
March 31 2023,Medina,TX,Passenger,1,0,1,9,10,10.00
August 31 2017,Prince William,VA,Passenger,0,4,4,260,264,1.52
May 31 2022,Onslow,NC,Passenger,0,1,1,157,158,0.63
March 31 2018,Jefferson,NY,Passenger,1,0,1,227,228,0.44
February 28 2022,Kings,NY,Passenger,2,0,2,76,78,2.56
August 31 2023,Orange,NC,Passenger,1,0,1,8,9,11.11
April 30 2020,Grays Harbor,WA,Passenger,106,110,216,48052,48268,0.45
October 31 2020,Okaloosa,FL,Passenger,0,1,1,145,146,0.68
January 31 2018,Benton,WA,Passenger,175,178,353,130577,130930,0.27
August 31 2023,Berkeley,SC,Passenger,1,0,1,128,129,0.78
August 31 2021,Lane,OR,Passenger,0,1,1,148,149,0.67
September 30 2024,Ogle,IL,Passenger,1,0,1,0,1,100.00
August 31 2023,Weld,CO,Passenger,1,0,1,24,25,4.00
August 31 2024,Skagit,WA,Passenger,1591,569,2160,88075,90235,2.39
January 31 2025,Burlington,NJ,Passenger,0,1,1,64,65,1.54
January 31 2022,Island,WA,Truck,1,0,1,21356,21357,0.00
August 31 2024,Clallam,WA,Passenger,804,371,1175,48623,49798,2.36
July 31 2021,Carson City,NV,Passenger,1,0,1,13,14,7.14
October 31 2019,Grant,WA,Passenger,55,64,119,65351,65470,0.18
December 31 2018,Mason,WA,Passenger,107,107,214,46434,46648,0.46
March 31 2022,Lewis,WA,Passenger,224,166,390,59389,59779,0.65
November 30 2023,Cowlitz,WA,Passenger,571,244,815,69584,70399,1.16
October 31 2018,Lewis,WA,Passenger,88,72,160,58037,58197,0.27
May 31 2019,Nassau,NY,Passenger,3,0,3,41,44,6.82
January 31 2024,Kern,CA,Passenger,2,1,3,186,189,1.59
December 31 2018,Goochland,VA,Passenger,0,1,1,251,252,0.40
August 31 2019,Benton,WA,Truck,0,0,0,42154,42154,0.00
June 30 2023,Douglas,WA,Truck,6,0,6,12992,12998,0.05
February 28 2019,Spokane,WA,Truck,1,0,1,93842,93843,0.00
December 31 2022,Muscogee,GA,Passenger,1,2,3,138,141,2.13
April 30 2020,Sarasota,FL,Passenger,2,0,2,43,45,4.44
September 30 2024,Kane,IL,Passenger,1,0,1,8,9,11.11
February 28 2021,Grant,WA,Truck,0,0,0,27643,27643,0.00
August 31 2022,Stafford,VA,Passenger,3,1,4,93,97,4.12
December 31 2021,Chatham,NC,Passenger,1,0,1,7,8,12.50
April 30 2020,Clark,WA,Truck,0,0,0,81787,81787,0.00
November 30 2019,Pierce,WA,Passenger,2082,1635,3717,546972,550689,0.67
October 31 2017,Orleans,LA,Passenger,0,1,1,45,46,2.17
January 31 2025,Doña Ana,NM,Passenger,1,0,1,10,11,9.09
March 31 2024,Miami-Dade,FL,Passenger,3,0,3,75,78,3.85
June 30 2019,Camden,NJ,Passenger,0,1,1,21,22,4.55
April 30 2021,San Diego,CA,Passenger,18,5,23,2691,2714,0.85
September 30 2021,Lewis,WA,Truck,0,0,0,26688,26688,0.00
January 31 2025,Garfield,WA,Truck,0,0,0,991,991,0.00
November 30 2021,Mohave,AZ,Passenger,1,0,1,70,71,1.41
July 31 2020,DeKalb,IN,Passenger,1,0,1,1,2,50.00
December 31 2018,Saratoga,NY,Passenger,1,0,1,63,64,1.56
January 31 2020,Franklin,WA,Truck,0,0,0,19841,19841,0.00
November 30 2017,Dallas,TX,Passenger,0,1,1,192,193,0.52
April 30 2022,Allen,IN,Passenger,1,0,1,18,19,5.26
March 31 2023,Yakima,WA,Passenger,454,238,692,165716,166408,0.42
July 31 2024,Williamson,TN,Passenger,0,1,1,10,11,9.09
January 31 2024,Mercer,NJ,Passenger,0,1,1,8,9,11.11
June 30 2023,,,Passenger,6,2,8,325,333,2.40
February 29 2024,Kitsap,WA,Truck,123,0,123,51543,51666,0.24
February 28 2019,El Paso,TX,Passenger,1,0,1,499,500,0.20
October 31 2021,Ferry,WA,Truck,0,0,0,3591,3591,0.00
July 31 2023,Virginia Beach,VA,Passenger,6,2,8,510,518,1.54
January 31 2018,Fairfax,VA,Passenger,3,1,4,817,821,0.49
September 30 2018,Essex,MA,Passenger,1,0,1,30,31,3.23
October 31 2022,San Juan,WA,Truck,7,0,7,5938,5945,0.12
April 30 2022,Kittitas,WA,Truck,0,0,0,14710,14710,0.00
August 31 2020,Polk,FL,Passenger,1,0,1,80,81,1.23
April 30 2024,Otero,NM,Passenger,0,1,1,22,23,4.35
November 30 2019,Skagit,WA,Truck,1,0,1,32526,32527,0.00
July 31 2019,Okanogan,WA,Truck,0,0,0,16481,16481,0.00
February 28 2019,Columbia,WA,Passenger,2,2,4,2431,2435,0.16
June 30 2021,Fort Bend,TX,Passenger,1,0,1,38,39,2.56
October 31 2021,Montgomery,AL,Passenger,1,0,1,37,38,2.63
April 30 2019,Jefferson,WA,Passenger,187,118,305,24878,25183,1.21
March 31 2025,Montgomery,AL,Passenger,1,1,2,23,25,8.00
June 30 2020,Skamania,WA,Passenger,31,17,48,8471,8519,0.56
December 31 2022,Washtenaw,MI,Passenger,0,1,1,31,32,3.12
September 30 2020,Jones,GA,Passenger,1,0,1,0,1,100.00
February 28 2017,Volusia,FL,Passenger,0,1,1,49,50,2.00
December 31 2021,Wilson,NC,Passenger,1,0,1,1,2,50.00
June 30 2018,Cowlitz,WA,Passenger,55,74,129,71717,71846,0.18
February 28 2017,Yakima,WA,Truck,0,0,0,57217,57217,0.00
December 31 2021,Eagle,CO,Passenger,1,0,1,7,8,12.50
November 30 2020,Tulsa,OK,Passenger,1,0,1,55,56,1.79
March 31 2021,Carroll,MD,Passenger,0,1,1,17,18,5.56
December 31 2023,Hudson,NJ,Passenger,2,0,2,30,32,6.25
October 31 2021,Tom Green,TX,Passenger,0,1,1,24,25,4.00
June 30 2019,Ferry,WA,Truck,0,0,0,3570,3570,0.00
October 31 2023,Fresno,CA,Passenger,1,0,1,151,152,0.66
October 31 2017,Honolulu,HI,Passenger,2,2,4,579,583,0.69
December 31 2022,Grays Harbor,WA,Passenger,246,160,406,48557,48963,0.83
April 30 2024,Santa Cruz,CA,Passenger,1,0,1,24,25,4.00
May 31 2023,Kittitas,WA,Passenger,342,105,447,29346,29793,1.50
August 31 2022,Marin,CA,Passenger,1,2,3,39,42,7.14
October 31 2017,Ferry,WA,Truck,0,0,0,3548,3548,0.00
June 30 2022,Harford,MD,Passenger,1,1,2,58,60,3.33
December 31 2017,Orange,FL,Passenger,1,1,2,151,153,1.31
November 30 2021,New Haven,CT,Passenger,0,2,2,30,32,6.25
November 30 2017,Sangamon,IL,Passenger,1,0,1,11,12,8.33
April 30 2023,Escambia,FL,Passenger,0,1,1,145,146,0.68
June 30 2020,Carroll,NH,Passenger,0,1,1,3,4,25.00
August 31 2020,Fairbanks North Star,AK,Passenger,0,1,1,100,101,0.99
March 31 2024,Pulaski,AR,Passenger,1,0,1,26,27,3.70
February 28 2025,Grant,WA,Passenger,564,259,823,68090,68913,1.19
September 30 2022,Oldham,KY,Passenger,0,1,1,5,6,16.67
December 31 2024,Okaloosa,FL,Passenger,0,1,1,70,71,1.41
July 31 2023,Whitman,WA,Truck,5,0,5,8606,8611,0.06
February 28 2023,Fairbanks North Star,AK,Passenger,0,1,1,72,73,1.37
June 30 2021,Ferry,WA,Passenger,9,3,12,4368,4380,0.27
November 30 2020,Kent,MI,Passenger,0,1,1,32,33,3.03
June 30 2023,Jefferson,WA,Passenger,557,257,814,24276,25090,3.24
August 31 2023,Arlington,VA,Passenger,4,0,4,126,130,3.08
October 31 2018,Manassas,VA,Passenger,0,1,1,9,10,10.00
March 31 2019,Skamania,WA,Passenger,21,15,36,8714,8750,0.41
January 31 2023,Fredericksburg,VA,Passenger,1,0,1,5,6,16.67
May 31 2024,Ferry,WA,Truck,0,0,0,3490,3490,0.00
August 31 2023,Wahkiakum,WA,Truck,4,0,4,1766,1770,0.23
July 31 2020,Pulaski,MO,Passenger,1,0,1,136,137,0.73
May 31 2023,Walla Walla,WA,Passenger,215,114,329,35392,35721,0.92
September 30 2024,Polk,OR,Passenger,1,1,2,15,17,11.76
March 31 2022,Charleston,SC,Passenger,1,1,2,76,78,2.56
February 28 2017,Montgomery,MD,Passenger,1,0,1,313,314,0.32
August 31 2019,Snohomish,WA,Truck,0,0,0,122803,122803,0.00
January 31 2024,Arapahoe,CO,Passenger,2,1,3,72,75,4.00
May 31 2023,Sacramento,CA,Passenger,3,1,4,214,218,1.83
July 31 2018,Norfolk,MA,Passenger,1,0,1,41,42,2.38
December 31 2019,Ramsey,MN,Passenger,1,0,1,48,49,2.04
February 28 2019,Cowlitz,WA,Truck,0,0,0,28716,28716,0.00
August 31 2024,Portsmouth,VA,Passenger,0,3,3,63,66,4.55
June 30 2023,Duval,FL,Passenger,2,1,3,282,285,1.05
May 31 2021,Ulster,NY,Passenger,1,0,1,15,16,6.25
May 31 2019,Yakima,WA,Truck,0,0,0,59063,59063,0.00
October 31 2021,Clark,NV,Passenger,7,3,10,702,712,1.40
November 30 2019,Klickitat,WA,Passenger,44,38,82,15666,15748,0.52
August 31 2018,Tulsa,OK,Passenger,1,0,1,54,55,1.82
September 30 2021,Greene,MO,Passenger,0,1,1,38,39,2.56
June 30 2021,Walla Walla,WA,Truck,0,0,0,14062,14062,0.00
February 28 2018,Ventura,CA,Passenger,0,1,1,354,355,0.28
September 30 2018,Sacramento,CA,Passenger,0,1,1,322,323,0.31
November 30 2019,Benton,WA,Passenger,310,309,619,135024,135643,0.46
February 28 2018,Montgomery,PA,Passenger,1,0,1,36,37,2.70
February 28 2021,Sussex,NJ,Passenger,1,0,1,2,3,33.33
February 28 2018,Caddo,LA,Passenger,0,1,1,24,25,4.00
March 31 2018,Fulton,GA,Passenger,1,0,1,102,103,0.97
November 30 2021,Douglas,WA,Passenger,105,53,158,28596,28754,0.55
January 31 2022,Prince George's,MD,Passenger,2,1,3,159,162,1.85
March 31 2024,Rockingham,NH,Passenger,1,0,1,14,15,6.67
July 31 2017,Norfolk,VA,Passenger,1,1,2,309,311,0.64
July 31 2019,Bexar,TX,Passenger,1,5,6,688,694,0.86
March 31 2019,San Francisco,CA,Passenger,2,2,4,114,118,3.39
September 30 2018,Yakima,WA,Truck,0,0,0,58674,58674,0.00
May 31 2025,Orange,FL,Passenger,4,1,5,42,47,10.64
August 31 2022,San Juan,WA,Truck,5,0,5,5941,5946,0.08
December 31 2019,Skamania,WA,Passenger,26,18,44,8759,8803,0.50
February 28 2021,Hudson,NJ,Passenger,1,0,1,44,45,2.22
March 31 2021,Albemarle,VA,Passenger,1,0,1,27,28,3.57
April 30 2024,Benton,WA,Truck,39,0,39,42876,42915,0.09
September 30 2021,Middlesex,MA,Passenger,1,0,1,99,100,1.00
December 31 2023,San Diego,CA,Passenger,23,8,31,2257,2288,1.35
February 28 2025,Skamania,WA,Passenger,180,66,246,7746,7992,3.08
February 28 2023,Clallam,WA,Passenger,504,273,777,49213,49990,1.55
November 30 2022,Garfield,WA,Truck,0,0,0,975,975,0.00
August 31 2022,Solano,CA,Passenger,2,0,2,175,177,1.13
June 30 2021,Sacramento,CA,Passenger,2,1,3,260,263,1.14
September 30 2024,Arapahoe,CO,Passenger,2,1,3,63,66,4.55
February 28 2021,Placer,CA,Passenger,2,0,2,94,96,2.08
August 31 2022,Franklin,WA,Passenger,222,113,335,61827,62162,0.54
February 28 2023,District of Columbia,DC,Truck,1,0,1,18,19,5.26
February 29 2024,Kent,MI,Passenger,1,0,1,20,21,4.76
January 31 2025,Okanogan,WA,Passenger,224,106,330,25971,26301,1.25
February 29 2024,Currituck,NC,Passenger,1,0,1,22,23,4.35
March 31 2020,Rockingham,NH,Passenger,1,0,1,32,33,3.03
April 30 2023,Island,WA,Truck,26,0,26,20897,20923,0.12
February 28 2023,Columbia,WA,Passenger,8,1,9,2415,2424,0.37
September 30 2021,Jefferson,IL,Passenger,1,0,1,1,2,50.00
January 31 2018,Whatcom,WA,Truck,1,0,1,42054,42055,0.00
July 31 2020,New London,CT,Passenger,1,1,2,229,231,0.87
September 30 2022,Hennepin,MN,Passenger,1,0,1,71,72,1.39
August 31 2022,Garfield,WA,Passenger,1,3,4,1308,1312,0.30
January 31 2018,Manatee,FL,Passenger,1,0,1,42,43,2.33
March 31 2020,Douglas,WA,Truck,0,0,0,12325,12325,0.00
November 30 2019,Pierce,WA,Truck,0,0,0,140579,140579,0.00
September 30 2024,Garfield,WA,Passenger,0,3,3,1297,1300,0.23
April 30 2021,Travis,TX,Passenger,4,4,8,194,202,3.96
July 31 2023,Kittitas,WA,Passenger,367,108,475,29293,29768,1.60
February 28 2023,Stevens,WA,Passenger,98,57,155,29818,29973,0.52
July 31 2024,Jefferson,WA,Truck,27,0,27,9121,9148,0.30
October 31 2018,Mason,WA,Passenger,101,105,206,46326,46532,0.44
July 31 2023,Chesapeake,VA,Passenger,1,1,2,326,328,0.61
January 31 2025,San Diego,CA,Truck,1,0,1,394,395,0.25
June 30 2021,Chesapeake,VA,Passenger,0,2,2,419,421,0.48
September 30 2019,Spokane,WA,Passenger,596,444,1040,313322,314362,0.33
July 31 2018,San Francisco,CA,Passenger,1,2,3,126,129,2.33
October 31 2024,Pierce,WA,Truck,470,0,470,132809,133279,0.35
September 30 2021,Allegheny,PA,Passenger,2,1,3,81,84,3.57
December 31 2019,RÃ­o Grande,PR,Passenger,1,0,1,0,1,100.00
May 31 2020,Clackamas,OR,Passenger,2,0,2,220,222,0.90
August 31 2022,Lincoln,WA,Truck,0,0,0,4830,4830,0.00
October 31 2022,Wahkiakum,WA,Passenger,24,12,36,3059,3095,1.16
August 31 2023,Grays Harbor,WA,Passenger,331,201,532,48063,48595,1.09
October 31 2023,Mason,WA,Truck,17,0,17,20545,20562,0.08
February 29 2020,Snohomish,WA,Truck,0,0,0,123648,123648,0.00
June 30 2023,Thurston,WA,Passenger,3095,1231,4326,189329,193655,2.23
January 31 2025,Shelby,TN,Passenger,1,1,2,52,54,3.70
January 31 2022,Hawaii,HI,Passenger,1,0,1,50,51,1.96
June 30 2022,Spokane,WA,Truck,1,0,1,102014,102015,0.00
December 31 2019,Placer,CA,Passenger,1,0,1,109,110,0.91
June 30 2023,Collin,TX,Passenger,5,0,5,75,80,6.25
December 31 2023,Galveston,TX,Passenger,0,1,1,20,21,4.76
June 30 2019,Bucks,PA,Passenger,1,0,1,24,25,4.00
March 31 2025,Williamsburg,VA,Passenger,0,1,1,2,3,33.33
November 30 2021,Dallas,TX,Passenger,1,0,1,176,177,0.56
January 31 2023,Sumter,SC,Passenger,0,1,1,30,31,3.23
April 30 2022,Kings,NY,Passenger,2,0,2,70,72,2.78
November 30 2022,Ferry,WA,Passenger,24,4,28,4349,4377,0.64
May 31 2025,Prince George,VA,Passenger,2,0,2,47,49,4.08
September 30 2022,Walla Walla,WA,Passenger,187,104,291,35755,36046,0.81
December 31 2023,Johnson,MO,Passenger,1,0,1,24,25,4.00
April 30 2018,Hawaii,HI,Passenger,1,0,1,82,83,1.20
March 31 2021,Harnett,NC,Passenger,1,1,2,205,207,0.97
November 30 2019,Klickitat,WA,Truck,0,0,0,8296,8296,0.00
February 29 2024,Newport,RI,Passenger,0,2,2,50,52,3.85
August 31 2024,Virginia Beach,VA,Truck,1,0,1,114,115,0.87
January 31 2024,San Juan,WA,Passenger,699,203,902,13626,14528,6.21
November 30 2022,Ventura,CA,Passenger,3,2,5,269,274,1.82
October 31 2021,Wilson,NC,Passenger,1,0,1,1,2,50.00
January 31 2022,Pierce,WA,Truck,0,0,0,144132,144132,0.00
January 31 2020,DuPage,IL,Passenger,4,0,4,67,71,5.63
January 31 2020,Saginaw,MI,Passenger,1,0,1,11,12,8.33
December 31 2019,Norfolk,MA,Passenger,1,0,1,41,42,2.38
May 31 2024,Hays,TX,Passenger,1,0,1,7,8,12.50
December 31 2024,Klickitat,WA,Truck,24,0,24,8182,8206,0.29
November 30 2018,King,WA,Truck,6,1,7,182652,182659,0.00
December 31 2021,Franklin,WA,Passenger,162,104,266,62224,62490,0.43
September 30 2017,Grays Harbor,WA,Truck,0,0,0,19971,19971,0.00
August 31 2017,Jefferson,WA,Truck,0,0,0,9420,9420,0.00
March 31 2024,Kings,CA,Passenger,5,0,5,264,269,1.86
May 31 2024,Douglas,CO,Passenger,1,2,3,57,60,5.00
January 31 2022,Skagit,WA,Truck,1,0,1,32608,32609,0.00
November 30 2022,Anchorage,AK,Passenger,1,0,1,142,143,0.70
July 31 2024,Orange,CA,Passenger,6,2,8,340,348,2.30
September 30 2022,Multnomah,OR,Passenger,4,3,7,617,624,1.12
September 30 2020,Tulsa,OK,Passenger,1,0,1,56,57,1.75
May 31 2018,Grays Harbor,WA,Truck,0,0,0,20175,20175,0.00
October 31 2017,Riverside,CA,Passenger,1,2,3,777,780,0.38
March 31 2022,Hamilton,OH,Passenger,1,0,1,45,46,2.17
September 30 2024,San Juan,WA,Truck,37,0,37,5904,5941,0.62
May 31 2018,Frederick,MD,Passenger,0,1,1,85,86,1.16
September 30 2020,New London,CT,Passenger,1,2,3,232,235,1.28
July 31 2020,Albemarle,VA,Passenger,1,0,1,25,26,3.85
January 31 2019,Dale,AL,Passenger,0,1,1,56,57,1.75
September 30 2018,Montgomery,PA,Passenger,2,0,2,37,39,5.13
October 31 2023,Los Angeles,CA,Passenger,13,4,17,731,748,2.27
April 30 2018,Klickitat,WA,Passenger,25,29,54,15044,15098,0.36
May 31 2020,Boone,MO,Passenger,0,1,1,10,11,9.09
July 31 2020,Kitsap,WA,Passenger,1377,698,2075,179620,181695,1.14
March 31 2018,Moore,NC,Passenger,0,1,1,199,200,0.50
May 31 2024,Prince William,VA,Passenger,1,4,5,135,140,3.57
August 31 2023,Davidson,TN,Passenger,1,0,1,48,49,2.04
August 31 2021,Williams,ND,Passenger,0,1,1,8,9,11.11
May 31 2022,Lewis,WA,Truck,0,0,0,26399,26399,0.00
August 31 2019,Goochland,VA,Passenger,1,1,2,272,274,0.73
January 31 2017,Santa Barbara,CA,Passenger,0,1,1,136,137,0.73
August 31 2017,Deschutes,OR,Passenger,1,0,1,206,207,0.48
March 31 2022,Columbia,GA,Passenger,0,1,1,107,108,0.93
April 30 2018,El Paso,CO,Passenger,2,1,3,773,776,0.39
August 31 2023,Otero,NM,Passenger,0,1,1,22,23,4.35
February 28 2017,Pend Oreille,WA,Truck,0,0,0,5572,5572,0.00
January 31 2021,Ventura,CA,Passenger,1,2,3,307,310,0.97
December 31 2019,Oldham,KY,Passenger,0,1,1,4,5,20.00
May 31 2022,Cumberland,NC,Passenger,1,4,5,398,403,1.24
August 31 2019,Mason,WA,Truck,0,0,0,20397,20397,0.00
February 29 2024,Arlington,VA,Passenger,5,0,5,120,125,4.00
July 31 2022,Frederick,MD,Passenger,1,0,1,63,64,1.56
March 31 2025,Polk,OR,Passenger,1,1,2,14,16,12.50
March 31 2019,St. Clair,IL,Passenger,0,1,1,172,173,0.58
March 31 2021,Salt Lake,UT,Passenger,1,1,2,208,210,0.95
December 31 2021,Asotin,WA,Truck,0,0,0,6744,6744,0.00
October 31 2018,Clark,WA,Passenger,1149,814,1963,310284,312247,0.63
September 30 2022,Walla Walla,WA,Truck,2,0,2,13924,13926,0.01
March 31 2022,Saratoga,NY,Passenger,1,0,1,49,50,2.00
June 30 2022,Fairbanks North Star,AK,Passenger,0,1,1,81,82,1.22
May 31 2025,Manassas,VA,Passenger,1,0,1,6,7,14.29
November 30 2020,Santa Cruz,CA,Passenger,1,0,1,33,34,2.94
November 30 2019,Shelby,OH,Passenger,0,1,1,2,3,33.33
May 31 2020,Jefferson,WA,Truck,0,0,0,9506,9506,0.00
September 30 2022,Yavapai,AZ,Passenger,0,1,1,29,30,3.33
March 31 2017,Franklin,WA,Truck,0,0,0,17953,17953,0.00
August 31 2019,Douglas,NE,Passenger,0,1,1,65,66,1.52
June 30 2024,Mason,WA,Truck,24,0,24,20447,20471,0.12
March 31 2024,Clark,NV,Passenger,11,4,15,508,523,2.87
May 31 2020,San Juan,WA,Passenger,298,92,390,14047,14437,2.70
June 30 2022,Chelan,WA,Truck,3,0,3,23032,23035,0.01
May 31 2023,Cook,IL,Passenger,3,2,5,216,221,2.26
March 31 2021,Ulster,NY,Passenger,1,0,1,14,15,6.67
December 31 2021,Essex,NJ,Passenger,2,0,2,16,18,11.11
August 31 2022,Riverside,CA,Passenger,10,1,11,543,554,1.99
May 31 2023,Bartow,GA,Passenger,0,1,1,4,5,20.00
May 31 2022,Pima,AZ,Passenger,1,0,1,295,296,0.34
January 31 2024,Carroll,MD,Passenger,0,1,1,18,19,5.26
September 30 2019,Chelan,WA,Passenger,174,71,245,54493,54738,0.45
March 31 2024,Orange,NY,Passenger,0,1,1,38,39,2.56
May 31 2025,Kane,IL,Passenger,1,0,1,8,9,11.11
August 31 2024,Horry,SC,Passenger,1,0,1,11,12,8.33
July 31 2023,Okanogan,WA,Truck,7,0,7,16391,16398,0.04
April 30 2019,Deschutes,OR,Passenger,3,0,3,169,172,1.74
October 31 2022,New London,CT,Passenger,2,4,6,202,208,2.88
July 31 2019,DeKalb,GA,Passenger,1,0,1,84,85,1.18
April 30 2017,Whitman,WA,Passenger,9,19,28,21954,21982,0.13
January 31 2022,Chelan,WA,Passenger,421,118,539,54535,55074,0.98
May 31 2025,Montgomery,TX,Passenger,1,0,1,16,17,5.88
July 31 2023,Doña Ana,NM,Passenger,1,0,1,17,18,5.56
June 30 2021,Nassau,NY,Passenger,3,0,3,37,40,7.50
April 30 2025,Richmond,VA,Passenger,1,0,1,7,8,12.50
April 30 2022,Prince George's,MD,Passenger,2,1,3,148,151,1.99
January 31 2024,Kane,IL,Passenger,1,0,1,7,8,12.50
April 30 2021,Walla Walla,WA,Passenger,108,70,178,36481,36659,0.49
May 31 2019,Larimer,CO,Passenger,1,0,1,65,66,1.52
August 31 2021,Collin,TX,Passenger,3,1,4,129,133,3.01
March 31 2025,Arapahoe,CO,Passenger,1,1,2,46,48,4.17
March 31 2017,Kitsap,WA,Passenger,571,289,860,172422,173282,0.50
November 30 2017,Santa Rosa,FL,Passenger,1,0,1,107,108,0.93
April 30 2017,Santa Clara,CA,Passenger,6,2,8,433,441,1.81
May 31 2023,Walla Walla,WA,Truck,5,0,5,13743,13748,0.04
June 30 2023,Lane,OR,Passenger,0,1,1,98,99,1.01
March 31 2018,Pima,AZ,Passenger,1,1,2,450,452,0.44
January 31 2021,Spokane,WA,Passenger,910,550,1460,320570,322030,0.45
July 31 2019,Cascade,MT,Passenger,0,1,1,71,72,1.39
February 29 2024,Fresno,CA,Passenger,1,1,2,142,144,1.39
February 29 2024,Madison,IL,Passenger,2,0,2,14,16,12.50
July 31 2022,Clark,WA,Truck,9,0,9,82393,82402,0.01
December 31 2019,Wise,TX,Passenger,1,0,1,9,10,10.00
September 30 2022,Anchorage,AK,Passenger,2,0,2,142,144,1.39
February 29 2024,Prince George,VA,Passenger,1,0,1,59,60,1.67
January 31 2025,Skagit,WA,Passenger,1819,644,2463,87890,90353,2.73
August 31 2017,San Mateo,CA,Passenger,0,1,1,154,155,0.65
February 28 2022,Montgomery,MD,Passenger,2,2,4,217,221,1.81
March 31 2019,Douglas,NE,Passenger,0,1,1,67,68,1.47
December 31 2020,Island,WA,Truck,0,0,0,21297,21297,0.00
December 31 2020,Howard,IN,Passenger,0,1,1,4,5,20.00
June 30 2024,Grays Harbor,WA,Passenger,445,238,683,47791,48474,1.41
March 31 2023,Coryell,TX,Passenger,1,0,1,85,86,1.16
April 30 2025,Santa Cruz,AZ,Passenger,1,0,1,5,6,16.67
January 31 2017,Volusia,FL,Passenger,0,1,1,51,52,1.92
June 30 2024,Hamilton,IN,Passenger,1,0,1,24,25,4.00
March 31 2025,Clay,FL,Passenger,1,0,1,51,52,1.92
March 31 2018,Kent,MI,Passenger,0,1,1,36,37,2.70
November 30 2021,Jefferson,IL,Passenger,1,0,1,1,2,50.00
September 30 2019,Denver,CO,Passenger,1,0,1,140,141,0.71
March 31 2024,Douglas,CO,Passenger,1,2,3,57,60,5.00
August 31 2021,Klamath,OR,Passenger,1,0,1,37,38,2.63
February 29 2020,Whatcom,WA,Passenger,1041,484,1525,151473,152998,1.00
January 31 2023,Wake,NC,Passenger,3,1,4,111,115,3.48
March 31 2021,Hamilton,IN,Passenger,2,0,2,42,44,4.55
April 30 2025,Walla Walla,WA,Truck,26,0,26,13491,13517,0.19
February 28 2022,Hennepin,MN,Passenger,3,0,3,86,89,3.37
December 31 2019,Monroe,IL,Passenger,1,0,1,3,4,25.00
November 30 2017,Maricopa,AZ,Passenger,1,1,2,1763,1765,0.11
July 31 2024,New London,CT,Passenger,3,5,8,179,187,4.28
September 30 2020,Washoe,NV,Passenger,1,0,1,110,111,0.90
May 31 2025,Atlantic,NJ,Passenger,1,0,1,4,5,20.00
January 31 2023,Orange,NY,Passenger,0,1,1,46,47,2.13
November 30 2018,Chelan,WA,Truck,0,0,0,22071,22071,0.00
August 31 2019,Kitsap,WA,Truck,1,0,1,54128,54129,0.00
July 31 2017,Volusia,FL,Passenger,0,1,1,46,47,2.13
February 28 2019,Owyhee,ID,Passenger,1,0,1,5,6,16.67
March 31 2025,Snohomish,WA,Passenger,23998,4804,28802,519694,548496,5.25
April 30 2019,Lake,CA,Passenger,0,1,1,12,13,7.69
February 28 2017,Mason,WA,Truck,0,0,0,19189,19189,0.00
February 29 2024,San Juan,WA,Truck,31,0,31,5886,5917,0.52
May 31 2021,Marion,IN,Passenger,1,0,1,61,62,1.61
September 30 2024,Leavenworth,KS,Passenger,4,2,6,77,83,7.23
July 31 2021,Kauai,HI,Passenger,1,0,1,25,26,3.85
February 28 2025,San Luis Obispo,CA,Passenger,0,1,1,39,40,2.50
September 30 2021,Milwaukee,WI,Passenger,1,0,1,52,53,1.89
May 31 2020,Riverside,CA,Passenger,5,1,6,673,679,0.88
August 31 2022,Jefferson,WA,Truck,3,0,3,9410,9413,0.03
April 30 2019,Muskogee,OK,Passenger,0,1,1,2,3,33.33
June 30 2024,Maui,HI,Passenger,2,0,2,20,22,9.09
May 31 2019,Maui,HI,Passenger,2,0,2,48,50,4.00
October 31 2019,Hennepin,MN,Passenger,3,1,4,118,122,3.28
May 31 2017,Lewis,WA,Truck,0,0,0,24832,24832,0.00
July 31 2019,Wise,TX,Passenger,1,0,1,7,8,12.50
April 30 2019,Harnett,NC,Passenger,1,1,2,222,224,0.89
October 31 2017,Lumpkin,GA,Passenger,1,0,1,9,10,10.00
August 31 2022,Anne Arundel,MD,Truck,1,0,1,48,49,2.04
May 31 2022,Walla Walla,WA,Passenger,171,96,267,35901,36168,0.74
November 30 2022,Oldham,KY,Passenger,0,1,1,5,6,16.67
April 30 2022,Stevens,WA,Passenger,64,52,116,30030,30146,0.38
August 31 2021,Fairbanks North Star,AK,Passenger,0,1,1,87,88,1.14
January 31 2025,Anchorage,AK,Passenger,1,0,1,81,82,1.22
February 29 2020,Jefferson,CO,Passenger,0,1,1,63,64,1.56
December 31 2018,Douglas,WA,Passenger,50,34,84,27995,28079,0.30
November 30 2023,Sacramento,CA,Truck,1,0,1,33,34,2.94
November 30 2017,Snohomish,WA,Truck,1,0,1,121358,121359,0.00
December 31 2024,Texas,MO,Passenger,1,0,1,2,3,33.33
June 30 2018,Ventura,CA,Passenger,0,2,2,344,346,0.58
December 31 2022,Denton,TX,Passenger,2,0,2,80,82,2.44
December 31 2019,Grays Harbor,WA,Truck,0,0,0,20761,20761,0.00
May 31 2018,Garfield,OK,Passenger,1,0,1,20,21,4.76
April 30 2024,Cobb,GA,Passenger,1,0,1,43,44,2.27
June 30 2020,Sussex,NJ,Passenger,1,0,1,3,4,25.00
May 31 2017,Grays Harbor,WA,Passenger,31,30,61,44505,44566,0.14
November 30 2017,Saratoga,NY,Passenger,1,1,2,72,74,2.70
September 30 2020,Maricopa,AZ,Passenger,8,10,18,1599,1617,1.11
March 31 2025,Kings,CA,Passenger,3,0,3,225,228,1.32
December 31 2024,Spokane,WA,Truck,185,0,185,101108,101293,0.18
August 31 2022,Wahkiakum,WA,Truck,1,0,1,1800,1801,0.06
August 31 2024,Suffolk,MA,Passenger,3,1,4,28,32,12.50
January 31 2025,Pierce,WA,Passenger,13986,4122,18108,518034,536142,3.38
July 31 2022,Plaquemines,LA,Passenger,1,1,2,19,21,9.52
December 31 2017,Ferry,WA,Truck,0,0,0,3522,3522,0.00
March 31 2022,Monterey,CA,Passenger,1,2,3,158,161,1.86
April 30 2024,Tompkins,NY,Passenger,1,0,1,12,13,7.69
April 30 2018,Nassau,NY,Passenger,1,0,1,40,41,2.44
February 29 2020,Tulsa,OK,Passenger,1,0,1,62,63,1.59
May 31 2024,Franklin,WA,Passenger,446,181,627,62443,63070,0.99
February 29 2024,Onslow,NC,Passenger,0,1,1,139,140,0.71
April 30 2019,Klamath,OR,Passenger,1,0,1,44,45,2.22
March 31 2020,Ferry,WA,Truck,0,0,0,3560,3560,0.00
March 31 2017,Lane,OR,Passenger,0,1,1,263,264,0.38
February 29 2024,Middlesex,MA,Passenger,4,0,4,87,91,4.40
May 31 2020,Kern,CA,Passenger,0,1,1,225,226,0.44
July 31 2018,Wise,TX,Passenger,1,0,1,5,6,16.67
April 30 2018,Garfield,WA,Truck,0,0,0,947,947,0.00
March 31 2025,Pulaski,AR,Truck,1,0,1,3,4,25.00
October 31 2019,Okanogan,WA,Passenger,24,28,52,26235,26287,0.20
February 28 2018,Essex,MA,Passenger,1,0,1,26,27,3.70
May 31 2025,Rockdale,GA,Passenger,1,0,1,5,6,16.67
September 30 2021,Contra Costa,CA,Passenger,2,4,6,252,258,2.33
August 31 2024,Anchorage,AK,Passenger,1,0,1,102,103,0.97
December 31 2021,Rogers,OK,Passenger,1,0,1,9,10,10.00
July 31 2018,Sacramento,CA,Passenger,0,1,1,319,320,0.31
April 30 2017,Asotin,WA,Passenger,6,2,8,12337,12345,0.06
January 31 2021,Juneau,AK,Passenger,0,1,1,30,31,3.23
February 28 2021,Davidson,TN,Passenger,1,0,1,77,78,1.28
May 31 2019,Island,WA,Passenger,315,235,550,63234,63784,0.86
September 30 2023,Cascade,MT,Passenger,0,1,1,40,41,2.44
July 31 2022,Wilson,TX,Passenger,0,1,1,3,4,25.00
April 30 2020,Dallas,TX,Passenger,1,0,1,220,221,0.45
January 31 2021,Clallam,WA,Passenger,281,191,472,49918,50390,0.94
December 31 2022,Whatcom,WA,Passenger,2113,805,2918,148456,151374,1.93
September 30 2021,Mercer,NJ,Passenger,0,1,1,10,11,9.09
September 30 2022,Pima,AZ,Passenger,1,0,1,284,285,0.35
September 30 2017,Juneau,AK,Passenger,0,1,1,49,50,2.00
June 30 2017,Spokane,WA,Truck,1,0,1,90607,90608,0.00
February 28 2022,Portsmouth,VA,Passenger,0,1,1,77,78,1.28
November 30 2021,Jefferson,NY,Passenger,1,0,1,204,205,0.49
April 30 2021,Moore,NC,Passenger,0,1,1,149,150,0.67
October 31 2019,Hillsborough,FL,Passenger,0,1,1,206,207,0.48
December 31 2024,Sedgwick,KS,Passenger,0,1,1,48,49,2.04
May 31 2024,Stevens,WA,Truck,6,0,6,18709,18715,0.03
June 30 2024,San Francisco,CA,Passenger,2,1,3,66,69,4.35
September 30 2017,Arlington,VA,Passenger,1,2,3,176,179,1.68
April 30 2020,Pend Oreille,WA,Truck,0,0,0,5735,5735,0.00
August 31 2023,Placer,CA,Passenger,2,0,2,81,83,2.41
December 31 2020,Orange,CA,Passenger,6,3,9,500,509,1.77
September 30 2018,Skamania,WA,Passenger,15,11,26,8704,8730,0.30
November 30 2024,Berkeley,SC,Passenger,1,0,1,92,93,1.08
February 28 2021,Allegheny,PA,Passenger,2,1,3,79,82,3.66
October 31 2021,Collin,TX,Passenger,3,0,3,125,128,2.34
July 31 2023,San Joaquin,CA,Passenger,0,1,1,91,92,1.09
November 30 2024,Weld,CO,Passenger,1,0,1,15,16,6.25
March 31 2018,New Haven,CT,Passenger,0,1,1,52,53,1.89
September 30 2019,Columbia,WA,Passenger,3,2,5,2447,2452,0.20
November 30 2020,Lincoln,WA,Truck,0,0,0,4656,4656,0.00
August 31 2018,Morris,NJ,Passenger,1,0,1,15,16,6.25
March 31 2018,St. Clair,IL,Passenger,0,1,1,164,165,0.61
October 31 2021,Suffolk,MA,Passenger,1,2,3,34,37,8.11
December 31 2022,Skamania,WA,Passenger,89,52,141,8086,8227,1.71
November 30 2020,Eagle,CO,Passenger,1,0,1,7,8,12.50
April 30 2019,Columbia,WA,Passenger,2,2,4,2442,2446,0.16
April 30 2024,Kent,DE,Passenger,1,0,1,41,42,2.38
February 29 2024,Franklin,WA,Truck,11,0,11,20829,20840,0.05
January 31 2024,Orange,NC,Passenger,1,0,1,7,8,12.50
April 30 2022,Travis,TX,Passenger,3,2,5,145,150,3.33
July 31 2019,Whitman,WA,Passenger,33,45,78,22682,22760,0.34
January 31 2022,Palm Beach,FL,Passenger,1,1,2,62,64,3.12
February 28 2017,Morris,NJ,Passenger,1,0,1,22,23,4.35
September 30 2023,Miami-Dade,FL,Passenger,2,0,2,75,77,2.60
March 31 2017,Guilford,NC,Passenger,1,0,1,34,35,2.86
April 30 2020,Saginaw,MI,Passenger,1,0,1,11,12,8.33
May 31 2021,Albemarle,VA,Passenger,1,0,1,26,27,3.70
April 30 2025,Wahkiakum,WA,Truck,9,0,9,1753,1762,0.51
October 31 2021,Asotin,WA,Truck,0,0,0,6736,6736,0.00
November 30 2020,Marion,IN,Passenger,1,0,1,78,79,1.27
March 31 2024,Autauga,AL,Passenger,2,2,4,14,18,22.22
July 31 2020,Charleston,SC,Passenger,2,0,2,103,105,1.90
December 31 2023,Benton,WA,Truck,36,0,36,42931,42967,0.08
February 28 2018,Fairfax,VA,Passenger,3,1,4,822,826,0.48
November 30 2023,Cameron,TX,Passenger,1,0,1,18,19,5.26
April 30 2022,Richmond,NY,Passenger,1,0,1,3,4,25.00
February 29 2024,Tom Green,TX,Passenger,0,1,1,17,18,5.56
April 30 2025,Santa Clara,CA,Passenger,14,4,18,152,170,10.59
November 30 2020,Putnam,TN,Passenger,0,1,1,5,6,16.67
December 31 2019,Chesapeake,VA,Passenger,0,1,1,441,442,0.23
November 30 2021,Bartow,GA,Passenger,0,1,1,4,5,20.00
April 30 2025,Okanogan,WA,Passenger,232,113,345,25631,25976,1.33
November 30 2024,Clackamas,OR,Passenger,1,1,2,86,88,2.27
August 31 2024,Montgomery,OH,Passenger,0,1,1,44,45,2.22
September 30 2018,Whitman,WA,Truck,0,0,0,8521,8521,0.00
December 31 2024,Columbia,WA,Passenger,11,1,12,2394,2406,0.50
July 31 2022,Multnomah,OR,Passenger,3,3,6,638,644,0.93
June 30 2017,Flathead,MT,Passenger,1,0,1,67,68,1.47
January 31 2018,Deschutes,OR,Passenger,1,0,1,190,191,0.52
July 31 2023,Cowlitz,WA,Passenger,487,223,710,69714,70424,1.01
March 31 2019,Cameron,TX,Passenger,1,0,1,35,36,2.78
August 31 2018,Fulton,GA,Passenger,1,3,4,109,113,3.54
July 31 2022,Cumberland,NC,Passenger,1,4,5,383,388,1.29
February 28 2021,Orange,NC,Passenger,1,0,1,12,13,7.69
October 31 2021,,,Passenger,5,3,8,364,372,2.15
November 30 2023,Wichita,TX,Passenger,1,0,1,35,36,2.78
August 31 2024,St. Charles,MO,Passenger,1,0,1,27,28,3.57
September 30 2021,Skamania,WA,Truck,0,0,0,4040,4040,0.00
August 31 2024,Benton,WA,Passenger,1743,767,2510,136409,138919,1.81
June 30 2021,Burlington,NJ,Passenger,0,1,1,127,128,0.78
September 30 2020,Snohomish,WA,Truck,0,0,0,124864,124864,0.00
April 30 2020,Alexandria,VA,Passenger,1,0,1,138,139,0.72
October 31 2019,Twin Falls,ID,Passenger,0,1,1,29,30,3.33
May 31 2021,Pulaski,MO,Passenger,1,0,1,140,141,0.71
November 30 2017,Pend Oreille,WA,Passenger,3,4,7,9428,9435,0.07
January 31 2017,Maui,HI,Passenger,1,0,1,82,83,1.20
August 31 2019,Snohomish,WA,Passenger,3636,1640,5276,532787,538063,0.98
April 30 2022,Philadelphia,PA,Passenger,1,0,1,55,56,1.79
February 28 2019,Brevard,FL,Passenger,0,1,1,96,97,1.03
May 31 2019,Sangamon,IL,Passenger,1,0,1,7,8,12.50
September 30 2019,Stevens,WA,Truck,0,0,0,18735,18735,0.00
April 30 2025,Saratoga,NY,Passenger,1,1,2,32,34,5.88
January 31 2019,Sumter,FL,Passenger,0,1,1,10,11,9.09
November 30 2019,Powhatan,VA,Passenger,1,0,1,1,2,50.00
December 31 2019,Virginia Beach,VA,Passenger,1,0,1,703,704,0.14
January 31 2023,Chelan,WA,Truck,15,0,15,23080,23095,0.06
November 30 2023,Virginia Beach,VA,Truck,1,0,1,119,120,0.83
June 30 2024,Placer,CA,Passenger,2,0,2,71,73,2.74
May 31 2021,Montgomery,AL,Passenger,1,0,1,38,39,2.56
January 31 2022,Rockingham,NH,Passenger,1,0,1,24,25,4.00
October 31 2024,Marin,CA,Truck,1,0,1,6,7,14.29
July 31 2020,Columbia,OR,Passenger,1,0,1,27,28,3.57
July 31 2017,Marin,CA,Passenger,1,0,1,60,61,1.64
April 30 2021,Chesapeake,VA,Passenger,0,2,2,417,419,0.48
January 31 2018,Skagit,WA,Passenger,171,140,311,89746,90057,0.35
September 30 2021,Newport,RI,Passenger,0,1,1,75,76,1.32
April 30 2021,Monterey,CA,Passenger,1,2,3,165,168,1.79
September 30 2017,New Haven,CT,Passenger,0,1,1,55,56,1.79
March 31 2018,Arlington,VA,Passenger,1,2,3,184,187,1.60
May 31 2018,Snohomish,WA,Truck,1,0,1,121454,121455,0.00
February 29 2020,Lee,FL,Passenger,1,0,1,58,59,1.69
April 30 2021,Virginia Beach,VA,Passenger,2,0,2,650,652,0.31
July 31 2022,Maricopa,AZ,Passenger,16,3,19,1241,1260,1.51
April 30 2023,Williamsburg,VA,Passenger,0,1,1,8,9,11.11
October 31 2022,Clinton,PA,Passenger,1,0,1,1,2,50.00
June 30 2024,Alexandria,VA,Passenger,3,0,3,96,99,3.03
August 31 2023,Franklin,WA,Truck,6,0,6,20861,20867,0.03
April 30 2025,Lee,AL,Passenger,1,0,1,15,16,6.25
May 31 2017,Clark,WA,Truck,0,0,0,77554,77554,0.00
May 31 2020,Garfield,WA,Passenger,0,1,1,1347,1348,0.07
April 30 2024,Clay,FL,Passenger,1,0,1,70,71,1.41
July 31 2020,Snohomish,WA,Passenger,4576,1775,6351,535195,541546,1.17
February 28 2023,Ventura,CA,Passenger,3,2,5,266,271,1.85
August 31 2019,Sussex,NJ,Passenger,1,0,1,2,3,33.33
March 31 2021,Washoe,NV,Passenger,1,0,1,106,107,0.93
May 31 2022,Lewis,WA,Passenger,229,175,404,59401,59805,0.68
August 31 2017,Polk,FL,Passenger,1,0,1,69,70,1.43
May 31 2025,Hamilton,IN,Passenger,1,0,1,14,15,6.67
September 30 2021,Currituck,NC,Passenger,1,0,1,25,26,3.85
March 31 2023,Pima,AZ,Passenger,2,0,2,255,257,0.78
March 31 2019,Pend Oreille,WA,Passenger,5,5,10,9465,9475,0.11
December 31 2024,Bristol,MA,Passenger,1,0,1,5,6,16.67
December 31 2023,Skamania,WA,Truck,2,0,2,3832,3834,0.05
February 28 2021,Los Angeles,CA,Passenger,10,10,20,1019,1039,1.92
July 31 2023,Pierce,WA,Passenger,7858,2828,10686,527327,538013,1.99
February 29 2020,Douglas,NE,Passenger,0,1,1,63,64,1.56
June 30 2024,Saginaw,MI,Passenger,0,1,1,2,3,33.33
July 31 2019,St. Clair,IL,Passenger,0,1,1,171,172,0.58
March 31 2017,Adams,WA,Passenger,2,4,6,12103,12109,0.05
May 31 2019,Bexar,TX,Passenger,2,5,7,697,704,0.99
February 28 2019,Boulder,CO,Passenger,1,0,1,52,53,1.89
December 31 2021,Clark,NV,Passenger,8,3,11,694,705,1.56
September 30 2024,Lincoln,OR,Passenger,1,0,1,25,26,3.85
February 28 2022,Douglas,WA,Passenger,121,55,176,28543,28719,0.61
May 31 2023,Sonoma,CA,Passenger,3,1,4,78,82,4.88
November 30 2023,Utah,UT,Passenger,2,0,2,103,105,1.90
September 30 2020,Harris,TX,Passenger,1,0,1,282,283,0.35
May 31 2021,Fulton,GA,Passenger,0,1,1,95,96,1.04
November 30 2022,Grant,WA,Truck,4,0,4,27939,27943,0.01
April 30 2025,Churchill,NV,Passenger,0,1,1,32,33,3.03
November 30 2020,Grays Harbor,WA,Truck,0,0,0,21117,21117,0.00
August 31 2017,St. Lucie,FL,Passenger,1,0,1,27,28,3.57
September 30 2024,Baltimore,MD,Passenger,1,0,1,65,66,1.52
December 31 2022,Charles,MD,Passenger,1,1,2,60,62,3.23
March 31 2017,Howard,MD,Passenger,0,2,2,90,92,2.17
August 31 2022,Jackson,OK,Passenger,0,1,1,37,38,2.63
December 31 2023,Mesa,CO,Passenger,0,1,1,10,11,9.09
January 31 2018,Collier,FL,Passenger,1,0,1,27,28,3.57
August 31 2021,Lake,IN,Passenger,0,1,1,11,12,8.33
April 30 2025,Williamson,TX,Passenger,2,0,2,55,57,3.51
July 31 2018,Kittitas,WA,Truck,0,0,0,14052,14052,0.00
July 31 2023,Galveston,TX,Passenger,0,1,1,21,22,4.55
October 31 2019,Sangamon,IL,Passenger,1,0,1,5,6,16.67
June 30 2021,Walla Walla,WA,Passenger,113,73,186,36562,36748,0.51
April 30 2024,Salt Lake,UT,Passenger,5,1,6,123,129,4.65
August 31 2020,Rockingham,NH,Passenger,1,0,1,26,27,3.70
May 31 2019,Volusia,FL,Passenger,0,1,1,40,41,2.44
September 30 2017,Morris,NJ,Passenger,1,0,1,21,22,4.55
September 30 2024,Columbia,GA,Passenger,1,1,2,79,81,2.47
August 31 2023,Montgomery,TX,Passenger,1,0,1,35,36,2.78
September 30 2021,Clallam,WA,Truck,1,0,1,21998,21999,0.00
February 28 2023,Shasta,CA,Passenger,1,0,1,31,32,3.12
September 30 2017,Kent,MI,Passenger,0,1,1,38,39,2.56
September 30 2017,District of Columbia,DC,Passenger,0,2,2,201,203,0.99
July 31 2017,Manassas,VA,Passenger,0,1,1,9,10,10.00
December 31 2023,Kittitas,WA,Passenger,461,120,581,29365,29946,1.94
October 31 2019,San Francisco,CA,Passenger,2,2,4,106,110,3.64
May 31 2019,Ramsey,MN,Passenger,1,0,1,46,47,2.13
October 31 2017,Wahkiakum,WA,Passenger,0,2,2,2851,2853,0.07
May 31 2025,Washtenaw,MI,Passenger,0,1,1,16,17,5.88
July 31 2020,Norfolk,VA,Passenger,2,2,4,334,338,1.18
October 31 2023,Yakima,WA,Truck,15,0,15,60789,60804,0.02
July 31 2023,Milwaukee,WI,Passenger,1,0,1,41,42,2.38
September 30 2019,Pacific,WA,Passenger,25,29,54,16064,16118,0.34
January 31 2024,Greene,OH,Passenger,2,0,2,22,24,8.33
October 31 2024,Palm Beach,FL,Passenger,2,0,2,40,42,4.76
December 31 2023,Davidson,TN,Passenger,1,0,1,47,48,2.08
February 28 2018,Polk,FL,Passenger,1,0,1,68,69,1.45
February 29 2024,Orange,CA,Passenger,8,3,11,370,381,2.89
June 30 2023,Flathead,MT,Passenger,1,0,1,38,39,2.56
February 28 2022,Pend Oreille,WA,Truck,0,0,0,5702,5702,0.00
May 31 2024,Brevard,FL,Passenger,1,0,1,60,61,1.64
March 31 2023,Henrico,VA,Passenger,1,1,2,17,19,10.53
August 31 2017,Howard,MD,Passenger,0,2,2,90,92,2.17
July 31 2018,DeKalb,GA,Passenger,1,0,1,82,83,1.20
February 28 2018,Pierce,WA,Truck,0,0,0,136948,136948,0.00
August 31 2020,Lake,FL,Passenger,1,0,1,27,28,3.57
April 30 2022,Yakima,WA,Truck,0,0,0,61481,61481,0.00
February 28 2025,Wahkiakum,WA,Passenger,49,28,77,2997,3074,2.50
May 31 2017,Los Angeles,CA,Passenger,2,1,3,1367,1370,0.22
March 31 2024,Spokane,WA,Passenger,3083,1518,4601,319821,324422,1.42
June 30 2019,Island,WA,Truck,0,0,0,21232,21232,0.00
December 31 2019,Suffolk,VA,Passenger,1,0,1,128,129,0.78
April 30 2020,Harris,TX,Passenger,1,0,1,291,292,0.34
December 31 2021,Douglas,WA,Truck,0,0,0,12689,12689,0.00
April 30 2019,Skagit,WA,Passenger,293,197,490,91496,91986,0.53
February 28 2025,Ferry,WA,Passenger,30,6,36,4192,4228,0.85
January 31 2025,Maui,HI,Passenger,2,0,2,15,17,11.76
September 30 2017,Nantucket,MA,Passenger,1,0,1,3,4,25.00
September 30 2017,Hardin,KY,Passenger,0,1,1,116,117,0.85
October 31 2018,Salt Lake,UT,Passenger,1,0,1,241,242,0.41
May 31 2025,Cumberland,NC,Passenger,3,2,5,271,276,1.81
October 31 2020,St. Mary's,MD,Passenger,1,0,1,234,235,0.43
April 30 2018,Chelan,WA,Truck,0,0,0,21755,21755,0.00
June 30 2022,Douglas,WA,Truck,0,0,0,12775,12775,0.00
March 31 2019,Whitman,WA,Truck,0,0,0,8500,8500,0.00
September 30 2017,Whitman,WA,Passenger,12,22,34,22187,22221,0.15
January 31 2018,Montgomery,TN,Passenger,1,0,1,275,276,0.36
October 31 2024,Kootenai,ID,Truck,1,0,1,20,21,4.76
June 30 2024,Montgomery,MD,Passenger,6,1,7,184,191,3.66
January 31 2025,Grays Harbor,WA,Truck,29,0,29,20643,20672,0.14
March 31 2019,San Juan,PR,Passenger,0,1,1,4,5,20.00
December 31 2021,Kauai,HI,Passenger,1,0,1,25,26,3.85
November 30 2018,Maui,HI,Passenger,2,0,2,54,56,3.57
June 30 2019,Polk,FL,Passenger,1,0,1,78,79,1.27
November 30 2017,Queens,NY,Passenger,1,0,1,63,64,1.56
January 31 2021,El Paso,CO,Passenger,3,1,4,729,733,0.55
May 31 2019,Placer,CA,Passenger,1,0,1,117,118,0.85
June 30 2019,Cowlitz,WA,Truck,0,0,0,28852,28852,0.00
April 30 2022,DeKalb,GA,Passenger,1,0,1,63,64,1.56
May 31 2022,Burlington,NJ,Passenger,0,2,2,108,110,1.82
April 30 2018,Kittitas,WA,Passenger,41,32,73,28759,28832,0.25
June 30 2020,Spartanburg,SC,Passenger,0,1,1,51,52,1.92
September 30 2021,Cook,IL,Passenger,2,0,2,247,249,0.80
December 31 2018,Grant,WA,Passenger,32,52,84,64175,64259,0.13
May 31 2019,Alexandria,VA,Passenger,1,0,1,143,144,0.69
March 31 2017,Franklin,OH,Passenger,0,1,1,117,118,0.85
October 31 2022,Fresno,CA,Passenger,1,0,1,164,165,0.61
March 31 2021,Chatham,NC,Passenger,1,0,1,7,8,12.50
April 30 2019,Pierce,WA,Passenger,1692,1485,3177,540450,543627,0.58
May 31 2020,Kitsap,WA,Passenger,1312,680,1992,179415,181407,1.10
August 31 2022,Olmsted,MN,Passenger,1,0,1,8,9,11.11
June 30 2019,Kootenai,ID,Passenger,1,2,3,231,234,1.28
April 30 2024,Monterey,CA,Truck,1,0,1,31,32,3.12
July 31 2018,Ferry,WA,Passenger,3,3,6,4421,4427,0.14
December 31 2019,Spartanburg,SC,Passenger,0,1,1,48,49,2.04
November 30 2018,Volusia,FL,Passenger,0,1,1,38,39,2.56
September 30 2018,Clark,WA,Truck,0,0,0,79322,79322,0.00
March 31 2020,Solano,CA,Passenger,1,0,1,221,222,0.45
March 31 2020,Sedgwick,KS,Passenger,1,1,2,103,105,1.90
January 31 2022,Wilson,TX,Passenger,0,1,1,3,4,25.00
December 31 2024,Bell,TX,Passenger,1,0,1,204,205,0.49
January 31 2024,Pacific,WA,Truck,6,0,6,7821,7827,0.08
January 31 2021,New Haven,CT,Passenger,0,2,2,36,38,5.26
January 31 2022,Allen,IN,Passenger,1,0,1,19,20,5.00
June 30 2019,San Mateo,CA,Passenger,2,1,3,126,129,2.33
February 28 2025,Oldham,KY,Passenger,0,1,1,4,5,20.00
November 30 2019,Pinal,AZ,Passenger,1,0,1,220,221,0.45
September 30 2020,Douglas,CO,Passenger,1,1,2,86,88,2.27
February 28 2021,Calvert,MD,Passenger,0,2,2,91,93,2.15
January 31 2020,Columbia,WA,Passenger,3,3,6,2448,2454,0.24
November 30 2024,Howard,MD,Passenger,1,2,3,52,55,5.45
May 31 2023,Miami-Dade,FL,Passenger,2,0,2,86,88,2.27
August 31 2022,Dakota,MN,Passenger,0,1,1,20,21,4.76
September 30 2023,Lewis,WA,Truck,8,0,8,25802,25810,0.03
January 31 2022,Kern,CA,Passenger,1,1,2,207,209,0.96
October 31 2021,Asotin,WA,Passenger,21,17,38,12740,12778,0.30
February 28 2019,Columbia,WA,Truck,0,0,0,1525,1525,0.00
September 30 2021,Charles,MD,Passenger,1,1,2,72,74,2.70
February 28 2025,Thurston,WA,Passenger,5459,1854,7313,188846,196159,3.73
June 30 2017,Northampton,PA,Passenger,1,0,1,144,145,0.69
June 30 2022,Clinton,PA,Passenger,1,0,1,1,2,50.00
February 29 2024,Osceola,FL,Passenger,1,0,1,22,23,4.35
October 31 2018,Montgomery,AL,Passenger,1,0,1,47,48,2.08
March 31 2023,San Joaquin,CA,Passenger,0,1,1,98,99,1.01
November 30 2023,Kitsap,WA,Passenger,3821,1473,5294,174532,179826,2.94
January 31 2020,Santa Clara,CA,Passenger,11,2,13,378,391,3.32
February 28 2025,Maricopa,AZ,Passenger,8,1,9,612,621,1.45
May 31 2022,Contra Costa,CA,Passenger,0,3,3,243,246,1.22
August 31 2022,Lane,OR,Passenger,0,1,1,122,123,0.81
July 31 2024,DeKalb,GA,Truck,1,0,1,0,1,100.00
March 31 2021,Grant,WA,Truck,0,0,0,27739,27739,0.00
February 28 2025,Bell,TX,Passenger,1,0,1,194,195,0.51
January 31 2017,Jefferson,NY,Passenger,1,1,2,253,255,0.78
February 28 2022,Norfolk,MA,Passenger,1,0,1,30,31,3.23
February 28 2017,Harnett,NC,Passenger,1,0,1,266,267,0.37
December 31 2020,Orange,NC,Passenger,1,0,1,13,14,7.14
June 30 2018,Franklin,MA,Passenger,0,1,1,2,3,33.33
July 31 2018,Los Angeles,CA,Passenger,6,5,11,1176,1187,0.93
December 31 2020,Wahkiakum,WA,Truck,0,0,0,1767,1767,0.00
May 31 2021,St. Mary's,MD,Passenger,1,0,1,232,233,0.43
February 28 2019,Pacific,WA,Truck,0,0,0,7628,7628,0.00
January 31 2018,King,WA,Truck,8,1,9,184698,184707,0.00
January 31 2023,Island,WA,Truck,19,0,19,21024,21043,0.09
April 30 2023,Contra Costa,CA,Passenger,1,2,3,196,199,1.51
June 30 2023,Suffolk,VA,Passenger,1,0,1,117,118,0.85
December 31 2023,Tom Green,TX,Passenger,0,1,1,17,18,5.56
October 31 2020,Prince William,VA,Passenger,2,3,5,221,226,2.21
September 30 2019,Mason,WA,Truck,0,0,0,20427,20427,0.00
August 31 2018,Chelan,WA,Truck,0,0,0,21970,21970,0.00
December 31 2024,Spokane,WA,Passenger,4232,1882,6114,320438,326552,1.87
December 31 2022,Grays Harbor,WA,Truck,2,0,2,21047,21049,0.01
October 31 2024,Alexandria,VA,Passenger,3,0,3,88,91,3.30
February 28 2025,Columbia,WA,Passenger,11,2,13,2398,2411,0.54
January 31 2018,Duval,FL,Passenger,1,2,3,371,374,0.80
March 31 2018,Montgomery,TX,Passenger,1,0,1,66,67,1.49
October 31 2019,Bucks,PA,Passenger,1,0,1,29,30,3.33
May 31 2021,Benton,WA,Truck,0,0,0,43635,43635,0.00
February 28 2019,Montgomery,TX,Passenger,2,0,2,66,68,2.94
November 30 2023,Grays Harbor,WA,Truck,12,0,12,20822,20834,0.06
November 30 2022,Bexar,TX,Passenger,5,3,8,487,495,1.62
August 31 2020,Grant,WA,Passenger,66,76,142,65355,65497,0.22
May 31 2019,Grant,WA,Truck,0,0,0,26523,26523,0.00
January 31 2024,Liberty,GA,Passenger,0,1,1,106,107,0.93
April 30 2022,Hamilton,OH,Passenger,1,0,1,43,44,2.27
April 30 2017,Deschutes,OR,Passenger,1,0,1,210,211,0.47
September 30 2021,Williams,ND,Passenger,0,1,1,9,10,10.00
July 31 2022,Suffolk,VA,Passenger,1,0,1,128,129,0.78
December 31 2023,Island,WA,Truck,39,0,39,20713,20752,0.19
May 31 2025,Kootenai,ID,Passenger,2,1,3,70,73,4.11
September 30 2023,Washington,MD,Passenger,1,0,1,15,16,6.25
June 30 2023,Riverside,CA,Passenger,10,1,11,484,495,2.22
March 31 2024,Douglas,NE,Passenger,1,1,2,28,30,6.67
May 31 2024,Mercer,NJ,Passenger,0,1,1,8,9,11.11
June 30 2020,Fairbanks North Star,AK,Passenger,0,1,1,101,102,0.98
December 31 2021,Grant,WA,Passenger,137,98,235,66889,67124,0.35
May 31 2017,Thurston,WA,Truck,0,0,0,53200,53200,0.00
December 31 2022,Eagle,CO,Passenger,1,0,1,7,8,12.50
November 30 2017,Ventura,CA,Passenger,0,1,1,348,349,0.29
February 28 2022,Sarasota,FL,Passenger,2,0,2,44,46,4.35
October 31 2020,King,WA,Truck,5,1,6,183917,183923,0.00
September 30 2022,Williamson,TX,Passenger,0,2,2,114,116,1.72
July 31 2024,Spokane,WA,Passenger,3472,1678,5150,320803,325953,1.58
July 31 2023,Dakota,MN,Passenger,0,1,1,16,17,5.88
April 30 2020,Yakima,WA,Truck,0,0,0,59490,59490,0.00
June 30 2024,Clark,WA,Passenger,8343,3021,11364,313701,325065,3.50
September 30 2023,Cumberland,NC,Passenger,2,3,5,350,355,1.41
August 31 2019,Prince George's,MD,Passenger,1,1,2,185,187,1.07
November 30 2021,Cowlitz,WA,Passenger,265,159,424,71701,72125,0.59
August 31 2017,Los Angeles,CA,Passenger,2,2,4,1298,1302,0.31
January 31 2021,Platte,MO,Passenger,1,0,1,20,21,4.76
March 31 2024,Bell,TX,Passenger,2,0,2,254,256,0.78
September 30 2019,Montgomery,AL,Passenger,1,1,2,42,44,4.55
August 31 2023,Kauai,HI,Passenger,0,1,1,20,21,4.76
January 31 2020,Maricopa,AZ,Passenger,9,9,18,1697,1715,1.05
February 28 2022,Arlington,VA,Passenger,2,0,2,149,151,1.32
February 28 2023,Sacramento,CA,Truck,1,0,1,39,40,2.50
August 31 2017,Pacific,WA,Passenger,10,9,19,15239,15258,0.12
March 31 2024,Maricopa,AZ,Passenger,17,3,20,853,873,2.29
October 31 2019,Arlington,VA,Passenger,0,2,2,159,161,1.24
February 28 2018,Sangamon,IL,Passenger,1,0,1,11,12,8.33
January 31 2019,Garfield,WA,Truck,0,0,0,960,960,0.00
April 30 2020,Rockingham,NH,Passenger,1,0,1,32,33,3.03
September 30 2023,Contra Costa,CA,Passenger,3,1,4,176,180,2.22
November 30 2020,Franklin,WA,Passenger,78,79,157,61121,61278,0.26
September 30 2020,Dallas,IA,Passenger,0,1,1,10,11,9.09
December 31 2023,Ada,ID,Passenger,2,0,2,145,147,1.36
December 31 2024,Meade,KY,Passenger,1,0,1,18,19,5.26
December 31 2021,Cook,IL,Passenger,3,0,3,240,243,1.23
October 31 2018,Grant,WA,Passenger,32,50,82,63901,63983,0.13
April 30 2020,Broward,FL,Passenger,3,1,4,118,122,3.28
April 30 2021,Wichita,TX,Passenger,1,0,1,44,45,2.22
March 31 2025,Galveston,TX,Passenger,1,0,1,14,15,6.67
November 30 2024,Escambia,FL,Passenger,1,1,2,108,110,1.82
September 30 2020,Spartanburg,SC,Passenger,0,1,1,53,54,1.85
May 31 2021,Whitman,WA,Truck,0,0,0,8568,8568,0.00
May 31 2020,King,WA,Truck,5,1,6,181282,181288,0.00
December 31 2021,Hillsborough,FL,Passenger,0,2,2,159,161,1.24
January 31 2020,Prince George's,MD,Passenger,1,1,2,182,184,1.09
August 31 2023,Richmond,VA,Passenger,1,0,1,11,12,8.33
December 31 2023,Benton,WA,Passenger,1394,656,2050,135238,137288,1.49
April 30 2018,Polk,FL,Passenger,1,0,1,68,69,1.45
March 31 2023,Santa Cruz,AZ,Passenger,1,0,1,5,6,16.67
November 30 2021,Wake,NC,Passenger,1,0,1,139,140,0.71
January 31 2023,Hamilton,OH,Truck,1,0,1,3,4,25.00
April 30 2025,Montgomery,OH,Passenger,0,1,1,32,33,3.03
October 31 2018,Shelby,TN,Passenger,0,1,1,111,112,0.89
May 31 2024,Yuba,CA,Passenger,1,0,1,55,56,1.79
October 31 2020,Clallam,WA,Passenger,252,174,426,49842,50268,0.85
June 30 2022,Benton,WA,Passenger,749,462,1211,135056,136267,0.89
March 31 2018,Yakima,WA,Passenger,63,81,144,162779,162923,0.09
November 30 2022,Montgomery,MD,Passenger,3,2,5,210,215,2.33
September 30 2019,Fulton,GA,Passenger,0,3,3,106,109,2.75
April 30 2025,Doña Ana,NM,Passenger,1,0,1,9,10,10.00
March 31 2017,Los Angeles,CA,Passenger,2,1,3,1405,1408,0.21
June 30 2024,Burlington,NJ,Passenger,0,1,1,75,76,1.32
October 31 2019,San Mateo,CA,Passenger,1,1,2,136,138,1.45
January 31 2024,Jefferson,WA,Passenger,672,281,953,24095,25048,3.80
November 30 2022,Grant,WA,Passenger,221,109,330,66636,66966,0.49
July 31 2019,Multnomah,OR,Passenger,5,6,11,804,815,1.35
July 31 2021,Sumter,SC,Passenger,0,1,1,33,34,2.94
January 31 2017,Pierce,WA,Truck,0,0,0,138716,138716,0.00
April 30 2018,Orange,CA,Passenger,4,1,5,599,604,0.83
June 30 2017,Wahkiakum,WA,Passenger,0,2,2,2834,2836,0.07
November 30 2019,Duval,FL,Passenger,1,2,3,378,381,0.79
May 31 2017,Fresno,CA,Passenger,1,0,1,228,229,0.44
February 28 2017,Anne Arundel,MD,Passenger,0,1,1,510,511,0.20
June 30 2024,Sussex,NJ,Passenger,1,0,1,1,2,50.00
July 31 2023,Ada,ID,Passenger,3,0,3,164,167,1.80
April 30 2025,Pima,AZ,Passenger,2,0,2,142,144,1.39
March 31 2020,Norfolk,VA,Passenger,2,2,4,335,339,1.18
September 30 2022,Whitman,WA,Truck,2,0,2,8567,8569,0.02
May 31 2021,Pinellas,FL,Passenger,0,1,1,111,112,0.89
April 30 2018,Moore,NC,Passenger,0,1,1,195,196,0.51
January 31 2023,Tom Green,TX,Passenger,0,1,1,18,19,5.26
May 31 2025,Lewis,WA,Passenger,646,428,1074,57797,58871,1.82
April 30 2025,San Mateo,CA,Passenger,2,1,3,63,66,4.55
June 30 2019,Brevard,FL,Passenger,0,1,1,95,96,1.04
November 30 2021,Wahkiakum,WA,Truck,0,0,0,1814,1814,0.00
December 31 2019,Washoe,NV,Passenger,1,0,1,120,121,0.83
April 30 2022,Pinellas,FL,Passenger,0,1,1,97,98,1.02
January 31 2020,Klamath,OR,Passenger,1,0,1,42,43,2.33
March 31 2023,Washington,WI,Passenger,1,0,1,1,2,50.00
September 30 2020,Mason,WA,Truck,0,0,0,20779,20779,0.00
October 31 2020,Williams,ND,Passenger,0,1,1,12,13,7.69
July 31 2019,Nassau,NY,Passenger,4,0,4,42,46,8.70
May 31 2017,Grays Harbor,WA,Truck,0,0,0,19891,19891,0.00
February 28 2018,Allegheny,PA,Passenger,1,0,1,86,87,1.15
September 30 2018,Santa Fe,NM,Passenger,0,1,1,46,47,2.13
January 31 2023,King,WA,Passenger,49723,12491,62214,1329500,1391714,4.47
March 31 2024,Clackamas,OR,Passenger,0,1,1,120,121,0.83
April 30 2025,San Diego,CA,Truck,1,0,1,382,383,0.26
July 31 2022,Riverside,CA,Passenger,10,0,10,550,560,1.79
December 31 2018,Duval,FL,Passenger,1,2,3,389,392,0.77
July 31 2024,Benton,AR,Passenger,1,0,1,18,19,5.26
September 30 2023,Spotsylvania,VA,Passenger,1,0,1,29,30,3.33
August 31 2022,Broward,FL,Passenger,1,0,1,83,84,1.19
December 31 2021,Sumter,SC,Passenger,0,1,1,31,32,3.12
April 30 2018,Monroe,IL,Passenger,1,0,1,4,5,20.00
July 31 2017,Lane,OR,Passenger,0,1,1,234,235,0.43
April 30 2025,Travis,TX,Passenger,4,1,5,48,53,9.43
October 31 2018,Mason,WA,Truck,0,0,0,20161,20161,0.00
August 31 2020,Powhatan,VA,Passenger,1,0,1,1,2,50.00
October 31 2018,DeKalb,IN,Passenger,1,0,1,1,2,50.00
February 28 2019,Collier,FL,Passenger,1,0,1,25,26,3.85
August 31 2017,Carroll,NH,Passenger,0,1,1,1,2,50.00
November 30 2022,Isle of Wight,VA,Passenger,0,1,1,19,20,5.00
June 30 2020,Montgomery,PA,Passenger,1,0,1,33,34,2.94
July 31 2024,Allen,IN,Passenger,1,1,2,6,8,25.00
May 31 2020,Skamania,WA,Passenger,30,16,46,8516,8562,0.54
March 31 2018,Orange,FL,Passenger,2,1,3,181,184,1.63
December 31 2022,Beaufort,SC,Passenger,1,0,1,34,35,2.86
October 31 2024,Chesapeake,VA,Passenger,1,0,1,264,265,0.38
July 31 2017,Cobb,GA,Passenger,0,1,1,82,83,1.20
December 31 2019,Stevens,WA,Truck,0,0,0,18743,18743,0.00
July 31 2020,Placer,CA,Passenger,2,0,2,100,102,1.96
January 31 2020,San Juan,WA,Passenger,265,83,348,14391,14739,2.36
September 30 2021,Howard,IN,Passenger,0,1,1,6,7,14.29
January 31 2021,Hillsborough,FL,Passenger,0,1,1,176,177,0.56
January 31 2023,Benton,WA,Passenger,957,513,1470,135555,137025,1.07
August 31 2021,Riverside,CA,Passenger,7,0,7,606,613,1.14
June 30 2024,Pulaski,AR,Truck,1,0,1,4,5,20.00
June 30 2022,Isle of Wight,VA,Passenger,0,1,1,19,20,5.00
November 30 2017,Franklin,OH,Passenger,0,1,1,110,111,0.90
January 31 2019,Whitman,WA,Truck,0,0,0,8513,8513,0.00
December 31 2022,Moore,NC,Passenger,0,1,1,131,132,0.76
April 30 2020,Douglas,CO,Passenger,1,0,1,91,92,1.09
February 28 2022,Grant,WA,Truck,0,0,0,27975,27975,0.00
September 30 2021,Williamsburg,VA,Passenger,0,1,1,7,8,12.50
November 30 2022,Washtenaw,MI,Passenger,0,1,1,31,32,3.12
January 31 2022,Pacific,WA,Truck,0,0,0,8016,8016,0.00
May 31 2020,Whatcom,WA,Passenger,1060,494,1554,149151,150705,1.03
January 31 2023,Ada,ID,Passenger,2,0,2,184,186,1.08
July 31 2022,Moore,NC,Passenger,0,1,1,134,135,0.74
February 28 2019,Yakima,WA,Passenger,86,101,187,164407,164594,0.11
March 31 2025,Chesterfield,VA,Passenger,1,0,1,36,37,2.70
November 30 2023,Arapahoe,CO,Passenger,1,1,2,75,77,2.60
March 31 2024,Spokane,WA,Truck,84,0,84,101217,101301,0.08
November 30 2022,Klickitat,WA,Passenger,119,54,173,15060,15233,1.14
September 30 2022,Stevens,WA,Truck,1,0,1,18857,18858,0.01
April 30 2022,Saratoga,NY,Passenger,1,0,1,48,49,2.04
February 28 2023,St. Louis,MO,Passenger,1,0,1,69,70,1.43
August 31 2023,Montgomery,PA,Passenger,1,0,1,26,27,3.70
September 30 2019,Dakota,MN,Passenger,0,1,1,39,40,2.50
May 31 2024,Montgomery,OH,Passenger,0,1,1,43,44,2.27
November 30 2022,Cook,IL,Passenger,3,1,4,228,232,1.72
June 30 2023,Arapahoe,CO,Passenger,1,1,2,90,92,2.17
December 31 2022,Brown,WI,Passenger,1,0,1,7,8,12.50
November 30 2024,Moore,NC,Passenger,1,0,1,95,96,1.04
July 31 2023,St. Louis,MO,Passenger,1,0,1,62,63,1.59
December 31 2018,Boulder,CO,Passenger,1,0,1,54,55,1.82
August 31 2021,Sacramento,CA,Passenger,2,1,3,259,262,1.15
July 31 2023,Lane,OR,Passenger,0,1,1,94,95,1.05
May 31 2017,Polk,FL,Passenger,1,0,1,70,71,1.41
May 31 2024,Kittitas,WA,Truck,27,0,27,14695,14722,0.18
October 31 2022,Weld,CO,Passenger,1,0,1,27,28,3.57
January 31 2025,Charles,MD,Passenger,1,1,2,45,47,4.26
July 31 2021,Benton,WA,Passenger,538,400,938,136085,137023,0.68
June 30 2018,Palm Beach,FL,Passenger,0,2,2,87,89,2.25
February 28 2021,King,WA,Passenger,28201,8452,36653,1363018,1399671,2.62
February 29 2020,Grays Harbor,WA,Truck,0,0,0,20801,20801,0.00
March 31 2020,Skagit,WA,Truck,1,0,1,32534,32535,0.00
July 31 2018,Clackamas,OR,Passenger,0,1,1,229,230,0.43
December 31 2021,Contra Costa,CA,Passenger,1,4,5,249,254,1.97
January 31 2017,DeKalb,IN,Passenger,1,0,1,1,2,50.00
May 31 2020,Charles,MD,Passenger,1,1,2,76,78,2.56
September 30 2020,Cascade,MT,Passenger,0,1,1,66,67,1.49
April 30 2018,Thurston,WA,Truck,0,0,0,54020,54020,0.00
September 30 2022,St. Johns,FL,Passenger,1,0,1,47,48,2.08
November 30 2023,Beaufort,SC,Passenger,1,0,1,30,31,3.23
August 31 2022,Rockingham,NH,Passenger,2,0,2,21,23,8.70
June 30 2019,Carson City,NV,Passenger,1,0,1,12,13,7.69
December 31 2023,Newport,RI,Truck,1,0,1,7,8,12.50
August 31 2021,Travis,TX,Passenger,5,4,9,175,184,4.89
September 30 2018,Ventura,CA,Passenger,0,2,2,335,337,0.59
November 30 2020,Pacific,WA,Passenger,36,34,70,15712,15782,0.44
February 28 2021,Skagit,WA,Truck,1,0,1,32823,32824,0.00
July 31 2023,Camden,NJ,Passenger,0,1,1,10,11,9.09
December 31 2017,Lane,OR,Passenger,0,1,1,213,214,0.47
January 31 2021,Frederick,MD,Passenger,1,1,2,60,62,3.23
August 31 2022,Columbia,OR,Passenger,1,0,1,24,25,4.00
September 30 2023,District of Columbia,DC,Truck,1,0,1,15,16,6.25
November 30 2020,Montgomery,PA,Passenger,1,0,1,27,28,3.57
September 30 2021,RÃ­o Grande,PR,Passenger,1,0,1,0,1,100.00
January 31 2019,Richland,SC,Passenger,0,1,1,161,162,0.62
April 30 2019,Douglas,CO,Passenger,1,0,1,84,85,1.18
April 30 2018,District of Columbia,DC,Passenger,0,3,3,187,190,1.58
September 30 2020,Monterey,CA,Passenger,1,2,3,170,173,1.73
July 31 2020,San Francisco,CA,Passenger,2,2,4,100,104,3.85
March 31 2022,Allen,IN,Passenger,1,0,1,19,20,5.00
August 31 2017,Kittitas,WA,Passenger,28,21,49,27878,27927,0.18
October 31 2019,Charleston,SC,Passenger,1,0,1,118,119,0.84
December 31 2023,Shelby,AL,Passenger,1,0,1,4,5,20.00
July 31 2018,Kittitas,WA,Passenger,49,32,81,28976,29057,0.28
February 28 2023,Garfield,WA,Truck,0,0,0,975,975,0.00
December 31 2024,Cobb,GA,Passenger,1,0,1,36,37,2.70
May 31 2019,Charleston,SC,Passenger,1,0,1,121,122,0.82
July 31 2021,Frederick,MD,Passenger,1,1,2,65,67,2.99
May 31 2021,Vigo,IN,Passenger,1,0,1,5,6,16.67
November 30 2022,Sumter,SC,Passenger,0,1,1,31,32,3.12
February 29 2020,Klickitat,WA,Truck,0,0,0,8293,8293,0.00
February 28 2018,Kittitas,WA,Passenger,37,27,64,28675,28739,0.22
March 31 2020,Tarrant,TX,Passenger,2,0,2,201,203,0.99
June 30 2017,Ferry,WA,Passenger,1,1,2,4395,4397,0.05
January 31 2022,Columbia,WA,Truck,0,0,0,1554,1554,0.00
September 30 2018,Collin,TX,Passenger,1,1,2,173,175,1.14
December 31 2020,Davidson,TN,Passenger,1,0,1,78,79,1.27
November 30 2018,Lane,OR,Passenger,0,1,1,182,183,0.55
May 31 2024,Travis,TX,Passenger,4,2,6,85,91,6.59
May 31 2020,Wilson,TX,Passenger,0,1,1,7,8,12.50
June 30 2024,Williamsburg,VA,Passenger,0,1,1,3,4,25.00
March 31 2021,Fairfax,VA,Passenger,6,3,9,731,740,1.22
February 29 2024,Duval,FL,Truck,1,0,1,55,56,1.79
February 28 2022,Fairfax,VA,Passenger,5,3,8,689,697,1.15
January 31 2020,Maui,HI,Passenger,2,0,2,40,42,4.76
May 31 2021,Skamania,WA,Truck,0,0,0,4028,4028,0.00
February 28 2019,Orange,FL,Passenger,1,0,1,172,173,0.58
March 31 2021,Walla Walla,WA,Passenger,107,71,178,36240,36418,0.49
November 30 2019,Loudoun,VA,Passenger,1,0,1,96,97,1.03
May 31 2019,Lee,FL,Passenger,1,0,1,52,53,1.89
December 31 2023,Pierce,WA,Truck,235,0,235,134435,134670,0.17
July 31 2019,Cameron,TX,Passenger,1,0,1,37,38,2.63
December 31 2017,DeKalb,IN,Passenger,1,0,1,1,2,50.00
February 28 2019,Kittitas,WA,Truck,0,0,0,14260,14260,0.00
December 31 2023,Coryell,TX,Passenger,1,0,1,69,70,1.43
May 31 2024,Pima,AZ,Passenger,2,0,2,192,194,1.03
March 31 2024,Washtenaw,MI,Passenger,0,2,2,26,28,7.14
May 31 2024,Doña Ana,NM,Passenger,1,0,1,12,13,7.69
November 30 2020,Lee,FL,Passenger,1,0,1,54,55,1.82
March 31 2022,Rockingham,NH,Passenger,1,0,1,23,24,4.17
April 30 2021,Wilson,TX,Passenger,0,1,1,4,5,20.00
July 31 2018,Carson City,NV,Passenger,1,0,1,15,16,6.25
March 31 2019,Caddo,LA,Passenger,0,1,1,26,27,3.70
April 30 2018,Grays Harbor,WA,Truck,0,0,0,20123,20123,0.00
December 31 2020,Chelan,WA,Truck,0,0,0,22778,22778,0.00
May 31 2023,Charlottesville,VA,Passenger,0,1,1,6,7,14.29
September 30 2021,Skamania,WA,Passenger,53,39,92,8371,8463,1.09
December 31 2024,Dallas,TX,Truck,1,0,1,11,12,8.33
September 30 2020,Kent,MI,Passenger,0,1,1,31,32,3.12
October 31 2020,Shelby,OH,Passenger,0,1,1,2,3,33.33
January 31 2023,Skagit,WA,Truck,11,0,11,32031,32042,0.03
June 30 2017,Clark,NV,Passenger,2,2,4,872,876,0.46
February 29 2024,Anne Arundel,MD,Passenger,3,3,6,309,315,1.90
July 31 2019,Harris,TX,Passenger,1,1,2,305,307,0.65
March 31 2019,Garfield,WA,Passenger,1,1,2,1311,1313,0.15
July 31 2022,Fresno,CA,Passenger,1,0,1,168,169,0.59
March 31 2023,Pacific,WA,Passenger,74,84,158,15579,15737,1.00
January 31 2025,Salt Lake,UT,Passenger,1,0,1,98,99,1.01
May 31 2019,Clay,FL,Passenger,0,1,1,90,91,1.10
May 31 2024,Collin,TX,Passenger,2,1,3,53,56,5.36
August 31 2024,Texas,MO,Passenger,1,0,1,2,3,33.33
April 30 2021,Whatcom,WA,Passenger,1354,580,1934,150955,152889,1.26
January 31 2025,Clay,FL,Passenger,1,0,1,58,59,1.69
September 30 2023,Berkeley,SC,Passenger,1,0,1,126,127,0.79
June 30 2023,Moore,NC,Passenger,0,1,1,132,133,0.75
November 30 2023,Brown,WI,Passenger,1,0,1,4,5,20.00
August 31 2020,Benton,WA,Passenger,379,325,704,134212,134916,0.52
December 31 2021,Washtenaw,MI,Passenger,0,1,1,36,37,2.70
April 30 2025,Stevens,WA,Passenger,195,97,292,28976,29268,1.00
June 30 2019,Clackamas,OR,Passenger,1,1,2,232,234,0.85
July 31 2023,Calvert,MD,Passenger,1,2,3,81,84,3.57
June 30 2023,Autauga,AL,Passenger,2,1,3,14,17,17.65
November 30 2022,Douglas,WA,Passenger,161,58,219,28470,28689,0.76
December 31 2017,Dakota,MN,Passenger,0,2,2,43,45,4.44
September 30 2023,Weld,CO,Passenger,1,0,1,23,24,4.17
February 28 2025,El Paso,CO,Truck,1,0,1,117,118,0.85
March 31 2025,Saginaw,MI,Passenger,0,1,1,2,3,33.33
September 30 2018,Dallas,TX,Passenger,0,1,1,212,213,0.47
June 30 2023,Larimer,CO,Passenger,1,0,1,46,47,2.13
November 30 2019,Boulder,CO,Passenger,1,1,2,56,58,3.45
March 31 2017,Ferry,WA,Truck,0,0,0,3556,3556,0.00
September 30 2024,Lake,IL,Passenger,8,0,8,112,120,6.67
September 30 2021,Denton,TX,Passenger,1,0,1,93,94,1.06
April 30 2019,Ada,ID,Passenger,0,2,2,332,334,0.60
April 30 2024,Caddo,LA,Passenger,2,0,2,14,16,12.50
August 31 2022,Camden,NJ,Passenger,0,1,1,12,13,7.69
March 31 2022,St. Louis,MO,Passenger,2,0,2,79,81,2.47
March 31 2025,Island,WA,Passenger,1838,649,2487,59852,62339,3.99
September 30 2024,Clallam,WA,Truck,37,0,37,21341,21378,0.17
April 30 2024,Carroll,MD,Passenger,0,1,1,17,18,5.56
June 30 2022,Kootenai,ID,Passenger,1,2,3,188,191,1.57
April 30 2022,Williamson,TX,Passenger,1,2,3,122,125,2.40
March 31 2021,Larimer,CO,Passenger,1,0,1,57,58,1.72
October 31 2020,Oldham,KY,Passenger,0,1,1,5,6,16.67
April 30 2025,Larimer,CO,Passenger,1,0,1,19,20,5.00
January 31 2018,Orleans,LA,Passenger,0,1,1,45,46,2.17
March 31 2022,Kitsap,WA,Truck,1,0,1,53810,53811,0.00
March 31 2024,Chatham,NC,Passenger,1,0,1,5,6,16.67
May 31 2025,Mason,WA,Truck,57,0,57,19805,19862,0.29
September 30 2020,Yakima,WA,Truck,0,0,0,60547,60547,0.00
October 31 2021,Williamson,TX,Passenger,1,2,3,137,140,2.14
April 30 2025,Wise,TX,Passenger,1,0,1,3,4,25.00
November 30 2020,Lincoln,WA,Passenger,5,11,16,7607,7623,0.21
December 31 2019,Queens,NY,Passenger,1,0,1,55,56,1.79
January 31 2023,Coryell,TX,Passenger,1,0,1,87,88,1.14
December 31 2019,Cameron,TX,Passenger,1,0,1,31,32,3.12
June 30 2022,Henrico,VA,Passenger,0,1,1,21,22,4.55
March 31 2017,Muscogee,GA,Passenger,0,1,1,253,254,0.39
March 31 2017,Hamilton,TN,Passenger,1,0,1,26,27,3.70
January 31 2025,Brevard,FL,Passenger,1,0,1,57,58,1.72
August 31 2024,Snohomish,WA,Truck,470,0,470,119545,120015,0.39
October 31 2023,Garfield,OK,Passenger,1,0,1,18,19,5.26
March 31 2019,Virginia Beach,VA,Passenger,1,1,2,700,702,0.28
March 31 2020,Island,WA,Truck,1,0,1,21227,21228,0.00
May 31 2020,Denton,TX,Passenger,1,0,1,109,110,0.91
October 31 2022,Sedgwick,KS,Passenger,0,1,1,77,78,1.28
July 31 2019,Portsmouth,VA,Passenger,0,1,1,78,79,1.27
October 31 2020,Howard,IN,Passenger,0,1,1,4,5,20.00
September 30 2021,King,WA,Truck,5,1,6,183688,183694,0.00
October 31 2017,Dallas,TX,Passenger,0,1,1,191,192,0.52
September 30 2023,Williamson,TN,Passenger,0,1,1,19,20,5.00
November 30 2023,Columbia,WA,Truck,0,0,0,1552,1552,0.00
December 31 2021,Clallam,WA,Truck,1,0,1,22099,22100,0.00
June 30 2019,Santa Clara,CA,Passenger,7,2,9,394,403,2.23
July 31 2019,Santa Rosa,FL,Passenger,1,0,1,92,93,1.08
September 30 2021,Prince William,VA,Passenger,1,3,4,212,216,1.85
June 30 2019,Pueblo,CO,Passenger,1,0,1,32,33,3.03
June 30 2018,Richland,SC,Passenger,0,1,1,169,170,0.59
November 30 2022,Clallam,WA,Truck,8,0,8,21857,21865,0.04
April 30 2022,St. Mary's,MD,Passenger,1,0,1,224,225,0.44
June 30 2020,Douglas,NE,Passenger,0,1,1,59,60,1.67
May 31 2020,Utah,UT,Passenger,0,1,1,152,153,0.65
October 31 2021,Owyhee,ID,Passenger,1,0,1,2,3,33.33
March 31 2024,Columbia,WA,Passenger,12,0,12,2408,2420,0.50
June 30 2024,Grant,WA,Truck,28,0,28,28105,28133,0.10
December 31 2024,Marion,IN,Passenger,1,0,1,22,23,4.35
April 30 2021,Utah,UT,Passenger,0,1,1,143,144,0.69
May 31 2020,Tulsa,OK,Passenger,1,0,1,59,60,1.67
April 30 2017,,,Passenger,2,0,2,475,477,0.42
April 30 2024,San Diego,CA,Passenger,25,8,33,2128,2161,1.53
April 30 2023,Cumberland,PA,Passenger,1,0,1,52,53,1.89
May 31 2024,Sarpy,NE,Passenger,1,1,2,61,63,3.17
January 31 2021,Harford,MD,Passenger,0,1,1,63,64,1.56
October 31 2023,Skamania,WA,Truck,1,0,1,3813,3814,0.03
February 28 2025,Texas,MO,Passenger,1,0,1,2,3,33.33
January 31 2025,Sussex,NJ,Passenger,1,0,1,0,1,100.00
May 31 2024,San Mateo,CA,Passenger,4,1,5,80,85,5.88
March 31 2025,Washington,OR,Passenger,2,0,2,183,185,1.08
December 31 2018,Pinal,AZ,Passenger,2,0,2,220,222,0.90
September 30 2022,El Dorado,CA,Passenger,1,0,1,31,32,3.12
August 31 2017,Hamilton,TN,Passenger,1,0,1,21,22,4.55
March 31 2023,Solano,CA,Passenger,4,1,5,166,171,2.92
April 30 2025,Clark,WA,Passenger,10657,3730,14387,312826,327213,4.40
October 31 2020,RÃ­o Grande,PR,Passenger,1,0,1,0,1,100.00
November 30 2019,Carroll,NH,Passenger,0,1,1,2,3,33.33
May 31 2019,Nantucket,MA,Passenger,1,0,1,2,3,33.33
September 30 2022,Asotin,WA,Passenger,25,19,44,12545,12589,0.35
March 31 2018,Hamilton,IN,Passenger,1,0,1,49,50,2.00
February 29 2024,Douglas,WA,Truck,11,0,11,13054,13065,0.08
April 30 2017,Jackson,MO,Passenger,1,0,1,73,74,1.35
August 31 2021,Eagle,CO,Passenger,1,0,1,8,9,11.11
August 31 2018,Portsmouth,VA,Passenger,0,1,1,77,78,1.28
November 30 2022,Bell,TX,Passenger,1,0,1,331,332,0.30
December 31 2024,Yakima,WA,Truck,30,0,30,60882,60912,0.05
September 30 2022,Owyhee,ID,Passenger,1,0,1,3,4,25.00
May 31 2025,Meade,KY,Passenger,1,0,1,13,14,7.14
March 31 2025,Skagit,WA,Passenger,1864,661,2525,87354,89879,2.81
July 31 2019,St. Mary's,MD,Passenger,1,0,1,226,227,0.44
February 28 2017,Douglas,OR,Passenger,0,1,1,80,81,1.23
December 31 2019,Richland,SC,Passenger,0,1,1,154,155,0.65
August 31 2024,Loudoun,VA,Passenger,2,1,3,57,60,5.00
July 31 2023,Rockingham,NH,Passenger,1,0,1,18,19,5.26
November 30 2023,Thurston,WA,Truck,81,0,81,53389,53470,0.15
February 28 2023,Kitsap,WA,Truck,48,0,48,52592,52640,0.09
May 31 2021,Honolulu,HI,Passenger,5,3,8,476,484,1.65
June 30 2023,Fresno,CA,Passenger,1,0,1,161,162,0.62
March 31 2021,Boulder,CO,Passenger,1,1,2,53,55,3.64
March 31 2024,Snohomish,WA,Truck,318,0,318,119927,120245,0.26
April 30 2024,Pulaski,AR,Passenger,1,0,1,27,28,3.57
December 31 2023,Skagit,WA,Truck,32,0,32,31639,31671,0.10
September 30 2021,Clallam,WA,Passenger,359,230,589,50493,51082,1.15
September 30 2024,Harford,MD,Passenger,2,1,3,46,49,6.12
April 30 2017,Montgomery,TN,Passenger,1,0,1,295,296,0.34
July 31 2024,Guam,GU,Passenger,0,1,1,29,30,3.33
June 30 2024,Larimer,CO,Passenger,1,0,1,33,34,2.94
June 30 2023,Sacramento,CA,Passenger,3,1,4,210,214,1.87
September 30 2017,Cumberland,NC,Passenger,1,0,1,574,575,0.17
January 31 2021,Hennepin,MN,Passenger,2,0,2,98,100,2.00
December 31 2024,Whatcom,WA,Truck,150,0,150,42243,42393,0.35
April 30 2017,Thurston,WA,Passenger,384,319,703,185618,186321,0.38
April 30 2025,Yuba,CA,Passenger,1,0,1,46,47,2.13
March 31 2019,Suffolk,MA,Passenger,0,1,1,42,43,2.33
February 28 2023,Rockingham,NH,Passenger,2,0,2,19,21,9.52
July 31 2021,Henrico,VA,Passenger,0,1,1,22,23,4.35
October 31 2022,Lewis,WA,Truck,2,0,2,26326,26328,0.01
June 30 2024,Prince William,VA,Passenger,1,4,5,135,140,3.57
November 30 2021,Currituck,NC,Passenger,1,0,1,24,25,4.00
June 30 2023,Oldham,KY,Passenger,0,1,1,4,5,20.00
May 31 2022,Sedgwick,KS,Passenger,0,1,1,84,85,1.18
October 31 2020,Lee,FL,Passenger,1,0,1,56,57,1.75
August 31 2023,King,WA,Truck,831,2,833,174308,175141,0.48
February 28 2021,Montgomery,AL,Passenger,1,0,1,38,39,2.56
December 31 2022,Klickitat,WA,Truck,4,0,4,8223,8227,0.05
March 31 2025,San Juan,WA,Truck,48,0,48,5835,5883,0.82
January 31 2025,Grant,WA,Truck,48,0,48,28097,28145,0.17
July 31 2024,Rockingham,NH,Passenger,2,0,2,15,17,11.76
October 31 2023,Davidson,TN,Passenger,1,0,1,46,47,2.13
February 28 2019,Ramsey,MN,Passenger,1,0,1,43,44,2.27
May 31 2017,New London,CT,Passenger,1,0,1,245,246,0.41
November 30 2021,Harnett,NC,Passenger,2,1,3,186,189,1.59
October 31 2024,Yakima,WA,Passenger,947,385,1332,167383,168715,0.79
March 31 2019,Cochise,AZ,Passenger,0,1,1,118,119,0.84
October 31 2024,Bristol,MA,Passenger,1,0,1,5,6,16.67
August 31 2022,Cascade,MT,Passenger,0,1,1,43,44,2.27
December 31 2020,Muskogee,OK,Passenger,0,1,1,2,3,33.33
May 31 2022,Thurston,WA,Passenger,2121,1027,3148,193566,196714,1.60
February 28 2017,Clark,WA,Truck,0,0,0,77483,77483,0.00
November 30 2020,Alameda,CA,Passenger,3,0,3,286,289,1.04
June 30 2021,Newport,RI,Passenger,0,1,1,77,78,1.28
May 31 2022,Douglas,WA,Passenger,130,58,188,28495,28683,0.66
July 31 2021,Monterey,CA,Passenger,1,2,3,165,168,1.79
May 31 2023,Ventura,CA,Passenger,3,2,5,263,268,1.87
February 28 2019,Volusia,FL,Passenger,0,1,1,39,40,2.50
May 31 2018,Manatee,FL,Passenger,1,0,1,42,43,2.33
March 31 2023,Weld,CO,Passenger,1,0,1,25,26,3.85
May 31 2018,Dakota,MN,Passenger,0,2,2,41,43,4.65
July 31 2021,Virginia Beach,VA,Passenger,1,0,1,642,643,0.16
June 30 2020,Hennepin,MN,Passenger,3,0,3,105,108,2.78
April 30 2019,Dakota,MN,Passenger,0,2,2,39,41,4.88
September 30 2019,Cascade,MT,Passenger,0,1,1,68,69,1.45
January 31 2023,Jefferson,IL,Passenger,1,0,1,1,2,50.00
November 30 2024,Adams,WA,Passenger,51,20,71,13314,13385,0.53
January 31 2023,Providence,RI,Passenger,1,0,1,20,21,4.76
December 31 2023,Meade,KY,Passenger,1,0,1,16,17,5.88
November 30 2024,Whitman,WA,Passenger,273,137,410,21848,22258,1.84
January 31 2020,Klickitat,WA,Passenger,47,39,86,15676,15762,0.55
June 30 2021,Saginaw,MI,Passenger,1,0,1,8,9,11.11
July 31 2021,Montgomery,AL,Passenger,1,0,1,37,38,2.63
October 31 2021,Penobscot,ME,Passenger,0,2,2,10,12,16.67
November 30 2024,Chesapeake,VA,Passenger,1,0,1,258,259,0.39
January 31 2020,Fairbanks North Star,AK,Passenger,0,1,1,103,104,0.96
February 28 2021,Monterey,CA,Passenger,1,2,3,161,164,1.83
April 30 2019,Mecklenburg,NC,Passenger,1,0,1,94,95,1.05
July 31 2024,Escambia,FL,Truck,1,0,1,26,27,3.70
January 31 2018,Prince William,VA,Passenger,0,5,5,262,267,1.87
January 31 2017,Yakima,WA,Truck,0,0,0,57331,57331,0.00
May 31 2025,Bannock,ID,Passenger,1,0,1,6,7,14.29
April 30 2021,Lee,FL,Passenger,1,0,1,51,52,1.92
November 30 2021,Newport,RI,Passenger,0,1,1,73,74,1.35
March 31 2024,Harford,MD,Passenger,2,1,3,48,51,5.88
June 30 2017,Travis,TX,Passenger,1,0,1,201,202,0.50
June 30 2023,Williamsburg,VA,Passenger,0,1,1,6,7,14.29
March 31 2023,Lincoln,WA,Passenger,18,17,35,7684,7719,0.45
January 31 2021,Plaquemines,LA,Passenger,0,1,1,16,17,5.88
February 28 2019,San Juan,WA,Truck,0,0,0,5793,5793,0.00
March 31 2018,Ramsey,MN,Passenger,1,0,1,39,40,2.50
April 30 2019,Manatee,FL,Passenger,1,0,1,38,39,2.56
June 30 2023,San Mateo,CA,Passenger,6,1,7,98,105,6.67
April 30 2024,Monroe,WI,Passenger,1,0,1,9,10,10.00
September 30 2020,Morris,NJ,Passenger,1,0,1,18,19,5.26
April 30 2020,Palm Beach,FL,Passenger,0,2,2,84,86,2.33
September 30 2024,Montgomery,MD,Passenger,6,1,7,176,183,3.83
February 29 2020,Chesapeake,VA,Passenger,0,1,1,445,446,0.22
May 31 2017,Ventura,CA,Passenger,0,1,1,380,381,0.26
August 31 2022,Adams,CO,Passenger,1,0,1,49,50,2.00
October 31 2021,Palm Beach,FL,Passenger,1,1,2,70,72,2.78
March 31 2018,Volusia,FL,Passenger,0,1,1,34,35,2.86
May 31 2023,Columbia,WA,Truck,0,0,0,1549,1549,0.00
February 28 2023,Danville,VA,Passenger,1,0,1,0,1,100.00
March 31 2024,Klickitat,WA,Passenger,196,82,278,15093,15371,1.81
July 31 2020,Hamilton,IN,Passenger,1,0,1,44,45,2.22
March 31 2022,Williamson,TX,Passenger,1,2,3,125,128,2.34
October 31 2019,Grant,WA,Truck,0,0,0,26881,26881,0.00
May 31 2022,Clallam,WA,Truck,1,0,1,21930,21931,0.00
October 31 2018,Okanogan,WA,Truck,0,0,0,16501,16501,0.00
February 28 2019,Kern,CA,Passenger,0,1,1,232,233,0.43
December 31 2020,Harnett,NC,Passenger,1,0,1,210,211,0.47
December 31 2019,Pinellas,FL,Passenger,1,1,2,124,126,1.59
August 31 2024,Spotsylvania,VA,Passenger,1,1,2,25,27,7.41
February 29 2024,Penobscot,ME,Passenger,0,1,1,5,6,16.67
December 31 2019,Jefferson,CO,Passenger,0,2,2,62,64,3.12
April 30 2023,Washtenaw,MI,Passenger,0,2,2,32,34,5.88
June 30 2024,Lexington,SC,Passenger,1,0,1,15,16,6.25
February 29 2020,Monroe,IL,Passenger,1,0,1,3,4,25.00
August 31 2021,Baltimore,MD,Passenger,2,0,2,111,113,1.77
August 31 2024,Churchill,NV,Passenger,0,1,1,38,39,2.56
October 31 2021,Gwinnett,GA,Passenger,1,0,1,69,70,1.43
November 30 2024,Columbia,WA,Truck,1,0,1,1567,1568,0.06
September 30 2023,Washington,WI,Passenger,1,0,1,1,2,50.00
May 31 2018,Spokane,WA,Passenger,324,301,625,302310,302935,0.21
September 30 2024,Cumberland,NC,Passenger,3,2,5,308,313,1.60
February 28 2017,Honolulu,HI,Passenger,4,2,6,641,647,0.93
May 31 2023,Asotin,WA,Truck,0,0,0,6603,6603,0.00
June 30 2021,Harris,TX,Passenger,1,1,2,259,261,0.77
May 31 2018,Lincoln,WA,Truck,0,0,0,4535,4535,0.00
June 30 2021,Mohave,AZ,Passenger,1,0,1,75,76,1.32
November 30 2023,San Mateo,CA,Passenger,5,1,6,91,97,6.19
June 30 2023,Pima,AZ,Passenger,2,0,2,241,243,0.82
March 31 2023,Washington,MD,Passenger,2,0,2,14,16,12.50
October 31 2018,Fulton,GA,Passenger,1,3,4,110,114,3.51
July 31 2021,Essex,NJ,Passenger,1,0,1,15,16,6.25
July 31 2021,Cowlitz,WA,Truck,0,0,0,29090,29090,0.00
November 30 2021,Benton,WA,Truck,0,0,0,43611,43611,0.00
April 30 2023,Bell,TX,Passenger,1,0,1,310,311,0.32
January 31 2023,Mason,WA,Truck,8,0,8,20826,20834,0.04
January 31 2023,Adams,CO,Passenger,1,0,1,45,46,2.17
December 31 2020,Garfield,WA,Truck,0,0,0,994,994,0.00
January 31 2025,Kings,CA,Passenger,3,0,3,235,238,1.26
June 30 2023,Franklin,OH,Passenger,1,0,1,64,65,1.54
July 31 2020,Flathead,MT,Passenger,1,0,1,67,68,1.47
December 31 2018,Prince William,VA,Passenger,0,5,5,249,254,1.97
September 30 2020,Albemarle,VA,Passenger,1,0,1,26,27,3.70
July 31 2023,Adams,CO,Passenger,1,0,1,32,33,3.03
September 30 2023,San Joaquin,CA,Passenger,0,1,1,89,90,1.11
May 31 2022,Allegheny,PA,Passenger,2,1,3,72,75,4.00
June 30 2018,Hardin,KY,Passenger,0,1,1,120,121,0.83
May 31 2022,Sumter,SC,Passenger,0,1,1,28,29,3.45
December 31 2020,Walla Walla,WA,Truck,0,0,0,13858,13858,0.00
August 31 2023,Lincoln,WA,Passenger,21,21,42,7596,7638,0.55
July 31 2022,Baltimore,MD,Passenger,1,0,1,87,88,1.14
October 31 2019,Arapahoe,CO,Passenger,1,0,1,154,155,0.65
May 31 2023,Collier,FL,Passenger,1,0,1,19,20,5.00
June 30 2022,Providence,RI,Passenger,1,0,1,24,25,4.00
March 31 2018,San Juan,WA,Truck,0,0,0,5653,5653,0.00
May 31 2017,Kitsap,WA,Passenger,594,302,896,172788,173684,0.52
March 31 2022,El Paso,CO,Passenger,4,5,9,691,700,1.29
February 28 2021,Clinton,PA,Passenger,1,0,1,0,1,100.00
March 31 2025,Collin,TX,Passenger,2,1,3,40,43,6.98
July 31 2020,Jones,GA,Passenger,1,0,1,0,1,100.00
April 30 2025,Moore,NC,Passenger,2,0,2,89,91,2.20
February 29 2024,Escambia,FL,Truck,1,0,1,26,27,3.70
March 31 2021,Bartow,GA,Passenger,0,1,1,5,6,16.67
December 31 2019,Whitman,WA,Truck,0,0,0,8574,8574,0.00
October 31 2022,Snohomish,WA,Truck,76,0,76,122658,122734,0.06
April 30 2024,Hunt,TX,Passenger,1,0,1,4,5,20.00
May 31 2024,Ferry,WA,Passenger,31,4,35,4282,4317,0.81
September 30 2019,Suffolk,MA,Passenger,0,1,1,39,40,2.50
February 29 2020,Kitsap,WA,Passenger,1273,663,1936,182095,184031,1.05
September 30 2018,Yakima,WA,Passenger,67,93,160,164192,164352,0.10
September 30 2019,Powhatan,VA,Passenger,1,0,1,1,2,50.00
September 30 2024,Clackamas,OR,Passenger,1,1,2,94,96,2.08
May 31 2025,Ada,ID,Passenger,2,0,2,90,92,2.17
August 31 2024,Pend Oreille,WA,Passenger,40,20,60,8609,8669,0.69
February 28 2019,Beaufort,SC,Passenger,1,0,1,41,42,2.38
October 31 2023,Collier,FL,Passenger,1,0,1,16,17,5.88
March 31 2024,Lewis,WA,Truck,13,0,13,25626,25639,0.05
March 31 2019,Kalamazoo,MI,Passenger,1,0,1,16,17,5.88
May 31 2024,Franklin,WA,Truck,15,0,15,20854,20869,0.07
March 31 2022,El Dorado,CA,Passenger,1,0,1,34,35,2.86
April 30 2023,Montgomery,MD,Passenger,5,3,8,208,216,3.70
April 30 2021,Pennington,SD,Passenger,1,0,1,33,34,2.94
August 31 2018,Island,WA,Passenger,216,205,421,62639,63060,0.67
December 31 2020,Benton,WA,Truck,0,0,0,43175,43175,0.00
April 30 2023,San Joaquin,CA,Passenger,0,1,1,101,102,0.98
December 31 2024,Laramie,WY,Passenger,1,1,2,22,24,8.33
December 31 2023,Adams,CO,Passenger,1,0,1,32,33,3.03
October 31 2024,Medina,TX,Passenger,1,0,1,5,6,16.67
August 31 2024,Kings,CA,Passenger,4,0,4,247,251,1.59
August 31 2020,Tarrant,TX,Passenger,1,0,1,194,195,0.51
September 30 2021,Boulder,CO,Passenger,1,1,2,49,51,3.92
February 28 2017,Chelan,WA,Truck,0,0,0,21242,21242,0.00
April 30 2019,Cascade,MT,Passenger,0,1,1,67,68,1.47
October 31 2021,Lake,FL,Passenger,1,0,1,27,28,3.57
June 30 2020,Wilson,TX,Passenger,0,1,1,6,7,14.29
September 30 2017,Contra Costa,CA,Passenger,0,1,1,498,499,0.20
January 31 2024,Fairfax,VA,Passenger,14,10,24,615,639,3.76
June 30 2022,Monterey,CA,Passenger,1,2,3,156,159,1.89
December 31 2018,Arlington,VA,Passenger,1,1,2,174,176,1.14
August 31 2017,Montgomery,PA,Passenger,1,0,1,41,42,2.38
November 30 2019,Prince William,VA,Passenger,1,4,5,231,236,2.12
September 30 2020,Broward,FL,Passenger,1,1,2,113,115,1.74
November 30 2023,Charlottesville,VA,Passenger,0,3,3,5,8,37.50
October 31 2022,Maricopa,AZ,Passenger,19,4,23,1156,1179,1.95
June 30 2019,San Joaquin,CA,Passenger,1,0,1,139,140,0.71
November 30 2022,San Diego,CA,Passenger,23,8,31,2502,2533,1.22
April 30 2019,Spokane,WA,Passenger,512,406,918,309364,310282,0.30
January 31 2024,Arlington,VA,Passenger,5,0,5,120,125,4.00
May 31 2022,Bell,TX,Passenger,1,0,1,349,350,0.29
November 30 2020,Wichita,TX,Passenger,1,0,1,44,45,2.22
September 30 2024,Hudson,NJ,Passenger,1,0,1,23,24,4.17
December 31 2023,Mason,WA,Truck,19,0,19,20427,20446,0.09
October 31 2021,Anne Arundel,MD,Passenger,2,1,3,378,381,0.79
July 31 2019,Harnett,NC,Passenger,1,1,2,220,222,0.90
December 31 2024,Shelby,AL,Passenger,1,0,1,2,3,33.33
August 31 2021,Klickitat,WA,Truck,0,0,0,8310,8310,0.00
July 31 2022,Pima,AZ,Passenger,1,0,1,291,292,0.34
September 30 2022,Palm Beach,FL,Passenger,2,1,3,58,61,4.92
July 31 2019,Okanogan,WA,Passenger,23,26,49,26110,26159,0.19
June 30 2018,Nueces,TX,Passenger,1,1,2,90,92,2.17
October 31 2021,DuPage,IL,Passenger,3,1,4,59,63,6.35
July 31 2024,New Haven,CT,Passenger,2,2,4,22,26,15.38
July 31 2024,Kent,MI,Passenger,1,0,1,18,19,5.26
July 31 2017,Kent,MI,Passenger,0,1,1,39,40,2.50
December 31 2022,San Mateo,CA,Passenger,3,1,4,102,106,3.77
May 31 2018,Pierce,WA,Truck,0,0,0,137464,137464,0.00
May 31 2025,James City,VA,Passenger,1,0,1,27,28,3.57
November 30 2023,San Juan,WA,Truck,22,0,22,5892,5914,0.37
August 31 2018,Cameron,TX,Passenger,1,0,1,32,33,3.03
March 31 2021,Duval,FL,Passenger,0,2,2,367,369,0.54
December 31 2022,Orange,FL,Passenger,3,0,3,100,103,2.91
October 31 2023,Saginaw,MI,Passenger,0,1,1,4,5,20.00
January 31 2022,Onslow,NC,Passenger,0,1,1,162,163,0.61
May 31 2025,Columbia,GA,Passenger,1,1,2,72,74,2.70
May 31 2020,Lincoln,WA,Passenger,4,12,16,7636,7652,0.21
October 31 2023,Harris,TX,Passenger,2,2,4,179,183,2.19
February 28 2022,Franklin,OH,Passenger,1,0,1,65,66,1.52
January 31 2019,San Juan,PR,Passenger,0,1,1,6,7,14.29
November 30 2017,Sumter,FL,Passenger,0,1,1,10,11,9.09
April 30 2019,New York,NY,Passenger,2,0,2,79,81,2.47
October 31 2023,St. Mary's,MD,Passenger,3,0,3,208,211,1.42
December 31 2021,Marin,CA,Passenger,1,1,2,46,48,4.17
April 30 2018,Klickitat,WA,Truck,0,0,0,8061,8061,0.00
April 30 2023,Wayne,MI,Passenger,0,1,1,39,40,2.50
June 30 2021,Montgomery,TX,Passenger,2,1,3,52,55,5.45
September 30 2021,Shelby,OH,Passenger,0,1,1,4,5,20.00
February 28 2021,Island,WA,Truck,0,0,0,21355,21355,0.00
June 30 2019,Lewis,WA,Truck,0,0,0,25943,25943,0.00
April 30 2025,DeKalb,GA,Passenger,2,0,2,33,35,5.71
March 31 2020,Ada,ID,Passenger,0,1,1,322,323,0.31
June 30 2023,Geary,KS,Passenger,1,0,1,79,80,1.25
March 31 2021,Leavenworth,KS,Passenger,0,1,1,106,107,0.93
March 31 2025,Alexandria,VA,Passenger,3,0,3,77,80,3.75
February 28 2023,Yellowstone,MT,Passenger,0,1,1,25,26,3.85
April 30 2017,Bexar,TX,Passenger,1,0,1,1040,1041,0.10
September 30 2024,Spokane,WA,Truck,140,0,140,101176,101316,0.14
May 31 2021,Wahkiakum,WA,Truck,0,0,0,1795,1795,0.00
November 30 2021,Flathead,MT,Passenger,2,0,2,60,62,3.23
July 31 2023,Norfolk,VA,Passenger,2,2,4,293,297,1.35
February 28 2018,Montgomery,MD,Passenger,1,0,1,307,308,0.32
May 31 2022,San Joaquin,CA,Passenger,1,1,2,113,115,1.74
May 31 2021,Richland,SC,Passenger,0,1,1,144,145,0.69
January 31 2018,Arlington,VA,Passenger,1,2,3,183,186,1.61
November 30 2017,Norfolk,MA,Passenger,1,0,1,42,43,2.33
September 30 2017,Los Angeles,CA,Passenger,4,2,6,1279,1285,0.47
January 31 2022,Kittitas,WA,Truck,0,0,0,14767,14767,0.00
September 30 2022,Anne Arundel,MD,Passenger,2,3,5,343,348,1.44
April 30 2019,Snohomish,WA,Passenger,3289,1540,4829,528854,533683,0.90
November 30 2017,Fresno,CA,Passenger,1,0,1,210,211,0.47
November 30 2020,Pend Oreille,WA,Passenger,9,4,13,9137,9150,0.14
July 31 2020,Hawaii,HI,Passenger,1,0,1,64,65,1.54
October 31 2022,Randolph,NC,Passenger,1,0,1,4,5,20.00
March 31 2021,Prince William,VA,Passenger,1,2,3,214,217,1.38
August 31 2021,Wise,TX,Passenger,1,0,1,9,10,10.00
June 30 2024,Montgomery,OH,Passenger,0,1,1,44,45,2.22
October 31 2019,Thurston,WA,Truck,0,0,0,55582,55582,0.00
January 31 2022,Riverside,CA,Passenger,8,0,8,577,585,1.37
January 31 2025,Prince William,VA,Passenger,1,4,5,120,125,4.00
October 31 2024,Olmsted,MN,Passenger,1,0,1,3,4,25.00
October 31 2024,Franklin,WA,Truck,20,0,20,20919,20939,0.10
May 31 2017,Santa Fe,NM,Passenger,0,1,1,48,49,2.04
August 31 2021,Bartow,GA,Passenger,0,1,1,4,5,20.00
January 31 2020,San Joaquin,CA,Passenger,1,0,1,147,148,0.68
July 31 2022,Bartow,GA,Passenger,0,1,1,4,5,20.00
September 30 2023,Snohomish,WA,Truck,206,0,206,120860,121066,0.17
April 30 2025,Franklin,WA,Truck,31,0,31,20684,20715,0.15
January 31 2020,Randolph,NC,Passenger,1,0,1,6,7,14.29
March 31 2018,Flathead,MT,Passenger,1,0,1,61,62,1.61
November 30 2024,Leavenworth,KS,Passenger,4,2,6,75,81,7.41
March 31 2022,Yellowstone,MT,Passenger,0,1,1,34,35,2.86
March 31 2019,Shasta,CA,Passenger,1,0,1,43,44,2.27
March 31 2023,Grays Harbor,WA,Passenger,278,179,457,48375,48832,0.94
September 30 2017,Spokane,WA,Truck,1,0,1,91149,91150,0.00
December 31 2019,El Paso,TX,Passenger,2,0,2,451,453,0.44
October 31 2019,Larimer,CO,Passenger,1,0,1,65,66,1.52
June 30 2020,Columbia,WA,Passenger,4,3,7,2416,2423,0.29
May 31 2022,Montgomery,MD,Passenger,3,2,5,222,227,2.20
June 30 2021,Pend Oreille,WA,Truck,0,0,0,5742,5742,0.00
March 31 2020,Yakima,WA,Truck,0,0,0,59567,59567,0.00
December 31 2022,Collin,TX,Passenger,5,0,5,87,92,5.43
April 30 2021,Kauai,HI,Passenger,1,0,1,24,25,4.00
January 31 2023,Lincoln,WA,Truck,0,0,0,4832,4832,0.00
June 30 2021,Milwaukee,WI,Passenger,1,0,1,51,52,1.92
April 30 2018,Riverside,CA,Passenger,2,2,4,741,745,0.54
February 28 2017,Stevens,WA,Truck,0,0,0,18317,18317,0.00
February 29 2024,El Paso,TX,Passenger,3,2,5,314,319,1.57
August 31 2021,Franklin,OH,Passenger,1,0,1,73,74,1.35
October 31 2020,Wahkiakum,WA,Passenger,6,6,12,3034,3046,0.39
April 30 2025,Charlottesville,VA,Passenger,0,2,2,5,7,28.57
June 30 2022,Suffolk,MA,Passenger,1,1,2,30,32,6.25
February 28 2023,Osceola,FL,Passenger,1,0,1,24,25,4.00
May 31 2025,Spokane,WA,Passenger,4633,2004,6637,312692,319329,2.08
November 30 2023,Orange,FL,Passenger,4,0,4,79,83,4.82
May 31 2018,Marion,IN,Passenger,1,0,1,120,121,0.83
November 30 2022,Marin,CA,Passenger,2,2,4,41,45,8.89
November 30 2018,Hardin,KY,Passenger,0,1,1,112,113,0.88
November 30 2021,Garfield,WA,Truck,0,0,0,992,992,0.00
July 31 2022,Franklin,OH,Passenger,1,0,1,73,74,1.35
May 31 2024,Larimer,CO,Passenger,1,0,1,35,36,2.78
December 31 2022,Kittitas,WA,Truck,5,0,5,14553,14558,0.03
July 31 2020,Montgomery,TX,Passenger,1,0,1,59,60,1.67
February 28 2021,Cowlitz,WA,Truck,0,0,0,28953,28953,0.00
February 28 2023,Stevens,WA,Truck,2,0,2,18710,18712,0.01
November 30 2023,Collin,TX,Passenger,5,0,5,60,65,7.69
May 31 2025,Lincoln,WA,Truck,1,0,1,4624,4625,0.02
February 29 2020,Saginaw,MI,Passenger,1,0,1,11,12,8.33
March 31 2022,Snohomish,WA,Passenger,7653,2364,10017,533996,544013,1.84
April 30 2021,Lincoln,WA,Passenger,5,13,18,7734,7752,0.23
May 31 2025,Whatcom,WA,Truck,189,0,189,41165,41354,0.46
July 31 2017,Stevens,WA,Truck,0,0,0,18193,18193,0.00
September 30 2023,San Juan,WA,Passenger,653,186,839,13743,14582,5.75
August 31 2018,Wahkiakum,WA,Truck,0,0,0,1691,1691,0.00
December 31 2021,San Diego,CA,Passenger,18,6,24,2612,2636,0.91
June 30 2017,Chelan,WA,Passenger,67,37,104,52045,52149,0.20
November 30 2022,Ferry,WA,Truck,0,0,0,3577,3577,0.00
November 30 2021,Nassau,NY,Passenger,4,0,4,35,39,10.26
January 31 2023,Marion,IN,Passenger,1,0,1,42,43,2.33
September 30 2022,Douglas,WA,Truck,1,0,1,12771,12772,0.01
June 30 2024,San Diego,CA,Truck,1,0,1,433,434,0.23
March 31 2019,Bergen,NJ,Passenger,1,0,1,25,26,3.85
October 31 2024,Beaufort,SC,Passenger,1,0,1,24,25,4.00
June 30 2020,Santa Clara,CA,Passenger,11,2,13,335,348,3.74
July 31 2024,St. Clair,IL,Passenger,0,1,1,109,110,0.91
November 30 2024,Miami-Dade,FL,Passenger,2,0,2,64,66,3.03
May 31 2019,Pinal,AZ,Passenger,2,0,2,215,217,0.92
December 31 2020,Flathead,MT,Passenger,2,0,2,64,66,3.03
January 31 2017,Norfolk,VA,Passenger,1,1,2,300,302,0.66
October 31 2024,Skagit,WA,Passenger,1698,591,2289,87971,90260,2.54
August 31 2020,Henrico,VA,Passenger,0,1,1,21,22,4.55
June 30 2018,Lumpkin,GA,Passenger,1,0,1,7,8,12.50
July 31 2024,Kitsap,WA,Truck,158,0,158,51413,51571,0.31
May 31 2022,Randolph,NC,Passenger,1,0,1,4,5,20.00
December 31 2020,Hamilton,IN,Passenger,2,0,2,39,41,4.88
September 30 2024,Cook,IL,Passenger,2,2,4,182,186,2.15
July 31 2020,Dallas,TX,Passenger,1,0,1,207,208,0.48
December 31 2020,Goochland,VA,Passenger,4,3,7,288,295,2.37
February 29 2020,Pend Oreille,WA,Truck,0,0,0,5759,5759,0.00
October 31 2017,Ventura,CA,Passenger,0,1,1,357,358,0.28
June 30 2021,Hamilton,IN,Passenger,2,0,2,39,41,4.88
February 28 2025,Harford,MD,Passenger,2,0,2,42,44,4.55
March 31 2021,Williams,ND,Passenger,0,1,1,11,12,8.33
October 31 2023,Pacific,WA,Truck,5,0,5,7801,7806,0.06
February 29 2020,Columbia,WA,Truck,0,0,0,1535,1535,0.00
June 30 2022,Essex,NJ,Passenger,2,0,2,14,16,12.50
May 31 2025,Kent,DE,Passenger,0,1,1,35,36,2.78
April 30 2022,San Francisco,CA,Passenger,2,0,2,99,101,1.98
June 30 2022,Montgomery,AL,Passenger,1,1,2,35,37,5.41
June 30 2020,Harford,MD,Passenger,0,1,1,61,62,1.61
January 31 2019,El Paso,TX,Passenger,1,0,1,503,504,0.20
August 31 2019,Lake,IL,Passenger,1,0,1,174,175,0.57
July 31 2020,Harris,TX,Passenger,1,0,1,279,280,0.36
October 31 2018,Lincoln,WA,Truck,0,0,0,4604,4604,0.00
May 31 2019,Brevard,FL,Passenger,0,1,1,94,95,1.05
March 31 2019,Manassas,VA,Passenger,0,1,1,9,10,10.00
September 30 2017,Lewis,WA,Truck,0,0,0,25118,25118,0.00
April 30 2023,Anne Arundel,MD,Truck,1,0,1,48,49,2.04
October 31 2023,San Francisco,CA,Passenger,3,1,4,74,78,5.13
June 30 2022,Jefferson,IL,Passenger,1,0,1,1,2,50.00
October 31 2018,Cowlitz,WA,Truck,0,0,0,28660,28660,0.00
June 30 2024,Stevens,WA,Passenger,153,80,233,29488,29721,0.78
May 31 2022,Manassas,VA,Passenger,0,1,1,7,8,12.50
April 30 2025,Ferry,WA,Passenger,29,10,39,4133,4172,0.93
November 30 2017,Ferry,WA,Passenger,1,3,4,4406,4410,0.09
April 30 2017,Douglas,WA,Passenger,31,21,52,26594,26646,0.20
October 31 2018,Suffolk,MA,Passenger,0,1,1,44,45,2.22
September 30 2021,Walla Walla,WA,Passenger,128,80,208,36389,36597,0.57
October 31 2017,Okaloosa,FL,Passenger,1,0,1,185,186,0.54
April 30 2018,Kitsap,WA,Passenger,742,441,1183,177273,178456,0.66
June 30 2017,Prince William,VA,Passenger,0,4,4,267,271,1.48
February 28 2021,Mason,WA,Truck,0,0,0,21030,21030,0.00
November 30 2018,Yakima,WA,Truck,0,0,0,58733,58733,0.00
November 30 2017,Stevens,WA,Passenger,10,21,31,31531,31562,0.10
December 31 2017,Yakima,WA,Truck,0,0,0,57997,57997,0.00
March 31 2020,Monterey,CA,Passenger,1,1,2,190,192,1.04
November 30 2020,Whatcom,WA,Passenger,1202,533,1735,149570,151305,1.15
October 31 2024,Tooele,UT,Passenger,1,0,1,9,10,10.00
February 28 2023,El Dorado,CA,Passenger,1,0,1,28,29,3.45
January 31 2022,Collin,TX,Passenger,4,0,4,126,130,3.08
January 31 2025,Churchill,NV,Passenger,0,1,1,36,37,2.70
April 30 2018,Skagit,WA,Truck,1,0,1,31971,31972,0.00
May 31 2021,Franklin,WA,Passenger,117,95,212,61902,62114,0.34
May 31 2022,Placer,CA,Passenger,2,0,2,85,87,2.30
March 31 2021,Morris,NJ,Passenger,1,0,1,16,17,5.88
August 31 2022,Marion,OR,Passenger,1,0,1,107,108,0.93
July 31 2021,Franklin,WA,Truck,0,0,0,20709,20709,0.00
February 28 2021,Charleston,SC,Passenger,2,0,2,92,94,2.13
November 30 2024,Henrico,VA,Passenger,2,2,4,13,17,23.53
August 31 2017,Adams,WA,Truck,0,0,0,5096,5096,0.00
December 31 2024,District of Columbia,DC,Passenger,4,1,5,139,144,3.47
October 31 2019,Broward,FL,Passenger,2,1,3,127,130,2.31
September 30 2020,Howard,MD,Passenger,0,1,1,74,75,1.33
October 31 2022,Clark,WA,Truck,31,0,31,81959,81990,0.04
September 30 2024,Galveston,TX,Passenger,1,1,2,20,22,9.09
July 31 2020,Prince George's,MD,Passenger,1,1,2,169,171,1.17
February 28 2025,Wake,NC,Passenger,3,1,4,80,84,4.76
May 31 2024,Columbia,GA,Passenger,1,1,2,81,83,2.41
December 31 2018,Spokane,WA,Passenger,438,372,810,306990,307800,0.26
June 30 2021,Harrison,MS,Passenger,2,0,2,54,56,3.57
July 31 2017,Pend Oreille,WA,Passenger,3,4,7,9318,9325,0.08
July 31 2024,Chelan,WA,Passenger,893,255,1148,54070,55218,2.08
January 31 2021,Collier,FL,Passenger,1,0,1,25,26,3.85
October 31 2021,Alameda,CA,Passenger,7,0,7,248,255,2.75
April 30 2018,Prince George,VA,Passenger,0,1,1,70,71,1.41
October 31 2020,Rogers,OK,Passenger,1,0,1,10,11,9.09
December 31 2021,Montgomery,TX,Passenger,2,1,3,48,51,5.88
July 31 2021,Collier,FL,Passenger,1,0,1,24,25,4.00
April 30 2017,Columbia,WA,Truck,0,0,0,1537,1537,0.00
July 31 2019,Sangamon,IL,Passenger,1,0,1,6,7,14.29
March 31 2021,Juneau,AK,Passenger,0,1,1,31,32,3.12
June 30 2020,Washoe,NV,Passenger,1,0,1,115,116,0.86
May 31 2022,Wahkiakum,WA,Truck,0,0,0,1803,1803,0.00
November 30 2022,Flathead,MT,Passenger,1,0,1,42,43,2.33
April 30 2025,Newport,RI,Truck,1,0,1,9,10,10.00
June 30 2020,Penobscot,ME,Passenger,0,2,2,15,17,11.76
November 30 2019,Denver,CO,Passenger,1,0,1,140,141,0.71
April 30 2019,Norfolk,MA,Passenger,1,0,1,42,43,2.33
February 29 2020,Shasta,CA,Passenger,1,0,1,38,39,2.56
January 31 2019,Pend Oreille,WA,Passenger,5,5,10,9529,9539,0.10
February 28 2018,Jefferson,WA,Truck,0,0,0,9501,9501,0.00
February 28 2017,Whatcom,WA,Passenger,401,146,547,141831,142378,0.38
January 31 2017,Wahkiakum,WA,Passenger,0,1,1,2861,2862,0.03
May 31 2023,Garfield,WA,Passenger,1,3,4,1300,1304,0.31
February 29 2024,Kootenai,ID,Truck,1,0,1,27,28,3.57
April 30 2024,Montgomery,TX,Passenger,1,0,1,26,27,3.70
September 30 2022,Jefferson,WA,Passenger,456,226,682,24379,25061,2.72
March 31 2023,Anne Arundel,MD,Passenger,2,3,5,329,334,1.50
September 30 2024,Milwaukee,WI,Passenger,1,0,1,37,38,2.63
May 31 2021,Pend Oreille,WA,Passenger,14,6,20,9264,9284,0.22
May 31 2021,Spokane,WA,Truck,0,0,0,101966,101966,0.00
January 31 2024,Dallas,TX,Truck,1,0,1,13,14,7.14
July 31 2020,Pueblo,CO,Passenger,1,0,1,31,32,3.12
March 31 2017,Skamania,WA,Truck,0,0,0,3881,3881,0.00
March 31 2022,Fredericksburg,VA,Passenger,1,0,1,8,9,11.11
January 31 2022,Garfield,WA,Passenger,0,3,3,1350,1353,0.22
May 31 2023,Isle of Wight,VA,Passenger,0,1,1,19,20,5.00
April 30 2021,Garfield,WA,Truck,0,0,0,1004,1004,0.00
March 31 2019,Franklin,WA,Truck,0,0,0,19125,19125,0.00
May 31 2024,Lincoln,WA,Truck,1,0,1,4803,4804,0.02
March 31 2018,Frederick,MD,Passenger,0,1,1,86,87,1.15
December 31 2020,San Joaquin,CA,Passenger,1,0,1,123,124,0.81
October 31 2024,Deschutes,OR,Passenger,2,0,2,65,67,2.99
July 31 2022,Fulton,GA,Passenger,1,1,2,88,90,2.22
December 31 2023,St. Lawrence,NY,Passenger,1,2,3,5,8,37.50
February 28 2017,Cumberland,NC,Passenger,2,0,2,628,630,0.32
January 31 2021,Yakima,WA,Passenger,179,129,308,167437,167745,0.18
October 31 2019,Jefferson,NY,Passenger,0,1,1,206,207,0.48
September 30 2024,Saratoga,NY,Passenger,1,1,2,41,43,4.65
August 31 2020,Orange,CA,Passenger,8,2,10,525,535,1.87
July 31 2023,Walla Walla,WA,Passenger,226,114,340,35329,35669,0.95
January 31 2023,Adams,WA,Passenger,22,11,33,12975,13008,0.25
January 31 2024,Norfolk,VA,Passenger,0,1,1,265,266,0.38
November 30 2017,Mason,WA,Truck,0,0,0,19538,19538,0.00
November 30 2019,Lewis,WA,Passenger,109,105,214,59484,59698,0.36
November 30 2021,Harrison,MS,Passenger,2,0,2,54,56,3.57
September 30 2022,Washington,WI,Passenger,1,0,1,1,2,50.00
December 31 2020,Harrison,MS,Passenger,2,0,2,51,53,3.77
April 30 2017,Pacific,WA,Truck,0,0,0,7461,7461,0.00
July 31 2021,Kittitas,WA,Truck,0,0,0,14792,14792,0.00
December 31 2024,Chelan,WA,Passenger,992,294,1286,53983,55269,2.33
August 31 2020,Mercer,NJ,Passenger,0,1,1,13,14,7.14
June 30 2022,Middlesex,MA,Passenger,2,0,2,99,101,1.98
January 31 2022,Monterey,CA,Passenger,1,2,3,161,164,1.83
April 30 2019,Fairfax,VA,Passenger,4,1,5,792,797,0.63
March 31 2024,Alexandria,VA,Passenger,3,0,3,100,103,2.91
July 31 2024,Sonoma,CA,Passenger,2,1,3,69,72,4.17
April 30 2017,Collier,FL,Passenger,1,0,1,25,26,3.85
October 31 2021,Montgomery,PA,Passenger,2,0,2,25,27,7.41
September 30 2020,San Mateo,CA,Passenger,1,1,2,130,132,1.52
February 28 2023,Wilson,TX,Passenger,0,1,1,3,4,25.00
December 31 2022,Monterey,CA,Passenger,1,4,5,148,153,3.27
February 28 2025,Cuyahoga,OH,Passenger,1,0,1,34,35,2.86
June 30 2022,Kittitas,WA,Truck,1,0,1,14648,14649,0.01
April 30 2017,Asotin,WA,Truck,0,0,0,6501,6501,0.00
September 30 2020,Moore,NC,Passenger,0,1,1,168,169,0.59
January 31 2020,Cowlitz,WA,Passenger,127,111,238,73574,73812,0.32
January 31 2023,Franklin,OH,Passenger,1,0,1,70,71,1.41
December 31 2023,Adams,WA,Passenger,28,15,43,13055,13098,0.33
August 31 2022,Walla Walla,WA,Passenger,179,103,282,35744,36026,0.78
September 30 2021,Kitsap,WA,Truck,0,0,0,54202,54202,0.00
October 31 2024,Contra Costa,CA,Passenger,4,1,5,134,139,3.60
February 29 2024,Montgomery,PA,Passenger,1,0,1,22,23,4.35
January 31 2025,St. Clair,IL,Passenger,0,1,1,105,106,0.94
April 30 2017,New London,CT,Passenger,1,0,1,252,253,0.40
July 31 2018,DuPage,IL,Passenger,1,0,1,64,65,1.54
June 30 2023,Fulton,GA,Passenger,1,1,2,81,83,2.41
February 28 2018,Benton,WA,Truck,0,0,0,40744,40744,0.00
June 30 2023,Meade,KY,Passenger,1,0,1,17,18,5.56
November 30 2020,Vigo,IN,Passenger,1,0,1,6,7,14.29
February 28 2019,Frederick,MD,Passenger,1,1,2,78,80,2.50
November 30 2021,San Joaquin,CA,Passenger,1,1,2,115,117,1.71
September 30 2023,El Paso,TX,Passenger,2,1,3,336,339,0.88
February 28 2017,Santa Clara,CA,Passenger,5,3,8,445,453,1.77
March 31 2024,Greene,OH,Passenger,2,0,2,22,24,8.33
December 31 2017,Chelan,WA,Passenger,86,38,124,53019,53143,0.23
September 30 2021,Spokane,WA,Passenger,1186,703,1889,325568,327457,0.58
November 30 2019,Nueces,TX,Passenger,1,1,2,91,93,2.15
August 31 2024,Garfield,WA,Truck,0,0,0,990,990,0.00
February 28 2025,Washoe,NV,Passenger,3,0,3,44,47,6.38
November 30 2020,Palm Beach,FL,Passenger,1,2,3,83,86,3.49
July 31 2023,Bartow,GA,Passenger,0,1,1,3,4,25.00
June 30 2019,Vigo,IN,Passenger,1,0,1,6,7,14.29
December 31 2018,El Paso,CO,Passenger,3,2,5,787,792,0.63
February 28 2017,Snohomish,WA,Truck,1,0,1,122482,122483,0.00
November 30 2020,Pinellas,FL,Passenger,1,1,2,116,118,1.69
October 31 2022,Danville,VA,Passenger,1,0,1,0,1,100.00
December 31 2020,Allegheny,PA,Passenger,2,1,3,80,83,3.61
October 31 2021,Pend Oreille,WA,Passenger,18,7,25,9193,9218,0.27
June 30 2024,Will,IL,Passenger,0,1,1,13,14,7.14
September 30 2024,Okanogan,WA,Passenger,204,99,303,26009,26312,1.15
March 31 2025,Prince George's,MD,Passenger,4,2,6,103,109,5.50
May 31 2025,Whitman,WA,Passenger,311,160,471,21475,21946,2.15
December 31 2018,New Haven,CT,Passenger,0,1,1,48,49,2.04
January 31 2024,Yakima,WA,Truck,17,0,17,60841,60858,0.03
December 31 2021,Placer,CA,Passenger,2,0,2,91,93,2.15
October 31 2024,Bexar,TX,Passenger,5,3,8,337,345,2.32
March 31 2024,Mason,WA,Passenger,587,243,830,45919,46749,1.78
May 31 2018,Stevens,WA,Passenger,11,25,36,31547,31583,0.11
May 31 2024,Island,WA,Truck,50,0,50,20657,20707,0.24
March 31 2020,Howard,MD,Passenger,0,1,1,82,83,1.20
January 31 2025,Marin,CA,Truck,1,0,1,6,7,14.29
June 30 2024,Santa Cruz,CA,Passenger,1,0,1,22,23,4.35
November 30 2018,Clark,NV,Passenger,3,3,6,788,794,0.76
May 31 2020,St. Louis,MO,Passenger,1,0,1,102,103,0.97
December 31 2021,Alexandria,VA,Passenger,3,0,3,124,127,2.36
February 28 2017,Carroll,NH,Passenger,0,1,1,0,1,100.00
August 31 2022,Sussex,NJ,Passenger,1,0,1,2,3,33.33
July 31 2023,Skamania,WA,Passenger,114,57,171,8038,8209,2.08
April 30 2025,Grant,WA,Passenger,588,267,855,67375,68230,1.25
April 30 2021,Owyhee,ID,Passenger,1,0,1,3,4,25.00
October 31 2024,Tarrant,TX,Passenger,2,0,2,93,95,2.11
September 30 2021,Juneau,AK,Passenger,0,1,1,33,34,2.94
April 30 2025,Bexar,TX,Passenger,5,3,8,297,305,2.62
October 31 2022,Lake,IN,Passenger,0,1,1,13,14,7.14
December 31 2019,Spokane,WA,Truck,1,0,1,96317,96318,0.00
November 30 2023,,,Passenger,7,2,9,297,306,2.94
April 30 2023,Olmsted,MN,Passenger,1,0,1,7,8,12.50
December 31 2018,Williamson,TX,Passenger,0,1,1,172,173,0.58
February 29 2020,Manassas,VA,Passenger,0,1,1,7,8,12.50
April 30 2023,Skagit,WA,Passenger,1048,387,1435,88745,90180,1.59
September 30 2024,Multnomah,OR,Passenger,7,1,8,445,453,1.77
November 30 2019,Williamson,TX,Passenger,0,2,2,176,178,1.12
August 31 2023,El Paso,TX,Passenger,2,1,3,340,343,0.87
March 31 2024,Island,WA,Passenger,1387,513,1900,60460,62360,3.05
April 30 2021,Whitman,WA,Truck,0,0,0,8563,8563,0.00
January 31 2020,Santa Rosa,FL,Passenger,1,0,1,91,92,1.09
July 31 2024,Clay,FL,Passenger,1,0,1,66,67,1.49
October 31 2019,Yakima,WA,Truck,0,0,0,59468,59468,0.00
April 30 2019,Sussex,NJ,Passenger,1,0,1,1,2,50.00
June 30 2022,Brown,WI,Passenger,1,0,1,8,9,11.11
January 31 2024,Santa Cruz,CA,Passenger,1,0,1,26,27,3.70
May 31 2022,Hays,TX,Passenger,1,0,1,16,17,5.88
March 31 2021,Broward,FL,Passenger,1,0,1,116,117,0.85
September 30 2022,Whatcom,WA,Passenger,1950,766,2716,148419,151135,1.80
July 31 2020,Manassas,VA,Passenger,0,1,1,6,7,14.29
May 31 2017,DeKalb,IN,Passenger,1,0,1,1,2,50.00
December 31 2021,Collier,FL,Passenger,1,0,1,23,24,4.17
August 31 2024,Marin,CA,Truck,1,0,1,7,8,12.50
August 31 2021,Clinton,PA,Passenger,1,0,1,0,1,100.00
August 31 2023,Sacramento,CA,Truck,1,0,1,33,34,2.94
November 30 2022,Placer,CA,Passenger,2,0,2,86,88,2.27
October 31 2021,Pacific,WA,Passenger,49,59,108,16081,16189,0.67
November 30 2023,Henrico,VA,Passenger,1,1,2,18,20,10.00
May 31 2023,Botetourt,VA,Passenger,1,0,1,0,1,100.00
June 30 2019,Benton,WA,Truck,0,0,0,41892,41892,0.00
January 31 2021,Placer,CA,Passenger,2,0,2,96,98,2.04
June 30 2023,Yakima,WA,Truck,13,0,13,61039,61052,0.02
January 31 2020,Washington,OR,Passenger,1,0,1,497,498,0.20
July 31 2022,Henrico,VA,Passenger,0,1,1,21,22,4.55
October 31 2023,Clackamas,OR,Passenger,0,1,1,125,126,0.79
August 31 2020,DeKalb,GA,Passenger,1,0,1,86,87,1.15
July 31 2022,Clinton,PA,Passenger,1,0,1,1,2,50.00
January 31 2020,Skagit,WA,Passenger,380,215,595,92561,93156,0.64
May 31 2022,Island,WA,Passenger,794,370,1164,61506,62670,1.86
October 31 2017,Montgomery,MD,Passenger,1,0,1,312,313,0.32
May 31 2022,Pend Oreille,WA,Truck,0,0,0,5611,5611,0.00
April 30 2023,Pierce,WA,Passenger,7111,2664,9775,530638,540413,1.81
August 31 2022,Skamania,WA,Passenger,82,50,132,8121,8253,1.60
September 30 2021,Snohomish,WA,Passenger,6442,2165,8607,538774,547381,1.57
February 29 2024,Santa Clara,CA,Passenger,22,7,29,222,251,11.55
May 31 2021,Douglas,NE,Passenger,1,1,2,57,59,3.39
May 31 2019,Broward,FL,Passenger,2,1,3,127,130,2.31
May 31 2023,Suffolk,MA,Passenger,4,1,5,33,38,13.16
September 30 2023,Jefferson,WA,Truck,11,0,11,9275,9286,0.12
June 30 2018,Duval,FL,Passenger,1,2,3,386,389,0.77
April 30 2023,Cass,MN,Passenger,0,1,1,2,3,33.33
December 31 2022,,,Passenger,5,1,6,344,350,1.71
November 30 2022,Alexandria,VA,Passenger,4,0,4,113,117,3.42
September 30 2017,Wahkiakum,WA,Truck,0,0,0,1667,1667,0.00
May 31 2022,Skagit,WA,Passenger,758,330,1088,89894,90982,1.20
December 31 2019,Lincoln,WA,Passenger,1,11,12,7801,7813,0.15
November 30 2018,Charles,MD,Passenger,0,1,1,82,83,1.20
March 31 2019,Travis,TX,Passenger,4,1,5,219,224,2.23
June 30 2024,Snohomish,WA,Passenger,18836,4055,22891,524367,547258,4.18
September 30 2018,Bexar,TX,Passenger,3,4,7,748,755,0.93
November 30 2019,New Haven,CT,Passenger,0,2,2,45,47,4.26
September 30 2023,Goochland,VA,Passenger,4,2,6,93,99,6.06
February 28 2019,Contra Costa,CA,Passenger,1,2,3,382,385,0.78
April 30 2017,Orange,FL,Passenger,1,1,2,157,159,1.26
March 31 2022,Skamania,WA,Passenger,65,45,110,8251,8361,1.32
December 31 2023,Fresno,CA,Passenger,1,0,1,148,149,0.67
October 31 2024,Muscogee,GA,Passenger,2,2,4,99,103,3.88
June 30 2022,Stafford,VA,Passenger,2,1,3,98,101,2.97
August 31 2023,Kent,DE,Passenger,1,0,1,48,49,2.04
September 30 2024,Atlantic,NJ,Passenger,1,0,1,5,6,16.67
June 30 2024,Marion,IN,Passenger,3,0,3,27,30,10.00
July 31 2018,Whitman,WA,Truck,0,0,0,8500,8500,0.00
July 31 2022,Coryell,TX,Passenger,1,0,1,97,98,1.02
May 31 2024,Cowlitz,WA,Truck,18,0,18,27865,27883,0.06
April 30 2025,Tarrant,TX,Passenger,1,0,1,71,72,1.39
December 31 2023,Franklin,OH,Passenger,1,0,1,58,59,1.69
September 30 2019,Grays Harbor,WA,Truck,0,0,0,20626,20626,0.00
July 31 2021,Kern,CA,Passenger,1,1,2,213,215,0.93
December 31 2023,San Diego,CA,Truck,1,0,1,459,460,0.22
September 30 2022,Wilson,TX,Passenger,0,1,1,3,4,25.00
August 31 2022,Fairfax,VA,Passenger,8,3,11,677,688,1.60
August 31 2021,Pulaski,MO,Passenger,1,0,1,130,131,0.76
August 31 2022,Clark,NV,Passenger,10,4,14,641,655,2.14
July 31 2019,Columbia,WA,Passenger,2,2,4,2455,2459,0.16
July 31 2021,DeKalb,GA,Passenger,1,0,1,69,70,1.43
November 30 2022,Mason,WA,Passenger,356,185,541,46820,47361,1.14
September 30 2022,Wood,OH,Passenger,0,1,1,6,7,14.29
March 31 2022,Kauai,HI,Passenger,1,0,1,25,26,3.85
August 31 2024,Okanogan,WA,Passenger,201,94,295,26009,26304,1.12
May 31 2023,Tarrant,TX,Passenger,2,0,2,117,119,1.68
April 30 2018,Kootenai,ID,Passenger,0,1,1,230,231,0.43
September 30 2019,Chesapeake,VA,Passenger,0,1,1,450,451,0.22
September 30 2023,Greene,OH,Passenger,2,0,2,23,25,8.00
April 30 2019,Nantucket,MA,Passenger,1,0,1,3,4,25.00
April 30 2021,Penobscot,ME,Passenger,0,2,2,11,13,15.38
September 30 2023,Currituck,NC,Passenger,1,0,1,23,24,4.17
October 31 2020,Columbia,OR,Passenger,1,0,1,26,27,3.70
November 30 2021,Montgomery,PA,Passenger,2,0,2,23,25,8.00
May 31 2020,Whitman,WA,Truck,0,0,0,8511,8511,0.00
March 31 2023,Wahkiakum,WA,Truck,2,0,2,1785,1787,0.11
December 31 2023,Clallam,WA,Passenger,666,318,984,48873,49857,1.97
October 31 2017,Thurston,WA,Passenger,441,371,812,188741,189553,0.43
February 28 2021,Howard,IN,Passenger,0,1,1,4,5,20.00
October 31 2024,Cochise,AZ,Passenger,1,0,1,61,62,1.61
January 31 2023,Leavenworth,KS,Passenger,1,2,3,92,95,3.16
August 31 2019,Pierce,WA,Passenger,1929,1583,3512,544269,547781,0.64
December 31 2023,Leavenworth,KS,Passenger,2,2,4,82,86,4.65
March 31 2017,Saratoga,NY,Passenger,1,1,2,77,79,2.53
June 30 2018,Pinal,AZ,Passenger,2,0,2,219,221,0.90
July 31 2021,Pacific,WA,Truck,0,0,0,7953,7953,0.00
September 30 2024,Chelan,WA,Truck,65,0,65,22946,23011,0.28
September 30 2021,Rockingham,NH,Passenger,1,0,1,26,27,3.70
October 31 2022,Washington,OR,Passenger,1,0,1,343,344,0.29
May 31 2025,Adams,WA,Passenger,61,22,83,12961,13044,0.64
August 31 2023,Asotin,WA,Passenger,38,22,60,12297,12357,0.49
April 30 2023,Hays,TX,Passenger,1,0,1,10,11,9.09
March 31 2025,Cook,IL,Passenger,1,2,3,159,162,1.85
August 31 2024,Stevens,WA,Truck,6,0,6,18708,18714,0.03
April 30 2024,Kern,CA,Passenger,2,1,3,180,183,1.64
March 31 2018,Grant,WA,Passenger,32,42,74,62592,62666,0.12
August 31 2024,Williamson,TX,Passenger,2,0,2,66,68,2.94
September 30 2024,Saginaw,MI,Passenger,0,1,1,2,3,33.33
October 31 2018,Eagle,CO,Passenger,1,0,1,5,6,16.67
June 30 2020,Davidson,TN,Passenger,1,0,1,88,89,1.12
August 31 2018,Columbia,WA,Passenger,2,2,4,2416,2420,0.17
March 31 2025,Montgomery,MD,Passenger,7,1,8,165,173,4.62
October 31 2021,Whatcom,WA,Passenger,1581,644,2225,150174,152399,1.46
April 30 2021,Adams,WA,Truck,0,0,0,5404,5404,0.00
July 31 2023,Clallam,WA,Passenger,568,295,863,48911,49774,1.73
November 30 2023,Jefferson,IL,Passenger,1,0,1,1,2,50.00
January 31 2020,Pierce,WA,Passenger,2228,1679,3907,550047,553954,0.71
January 31 2025,Johnson,MO,Passenger,1,0,1,27,28,3.57
February 28 2023,Kauai,HI,Passenger,1,1,2,21,23,8.70
June 30 2020,Nassau,NY,Passenger,5,0,5,35,40,12.50
July 31 2018,Lee,AL,Passenger,1,0,1,37,38,2.63
July 31 2020,Klickitat,WA,Passenger,55,43,98,15106,15204,0.64
January 31 2024,San Bernardino,CA,Passenger,5,1,6,341,347,1.73
June 30 2017,Manatee,FL,Passenger,1,0,1,50,51,1.96
August 31 2018,Hennepin,MN,Passenger,1,0,1,122,123,0.81
June 30 2023,Broward,FL,Passenger,1,0,1,69,70,1.43
June 30 2021,Carroll,MD,Passenger,0,1,1,17,18,5.56
February 28 2019,Grant,WA,Passenger,33,55,88,64258,64346,0.14
March 31 2024,Okanogan,WA,Passenger,177,82,259,26134,26393,0.98
February 28 2021,Howard,MD,Passenger,0,1,1,73,74,1.35
February 28 2025,Rockdale,GA,Passenger,1,0,1,7,8,12.50
May 31 2020,Jefferson,CO,Passenger,0,1,1,62,63,1.59
September 30 2022,Lee,FL,Passenger,1,0,1,43,44,2.27
September 30 2022,Sonoma,CA,Passenger,1,1,2,91,93,2.15
October 31 2022,Hays,TX,Passenger,1,0,1,10,11,9.09
September 30 2024,San Francisco,CA,Passenger,2,1,3,64,67,4.48
November 30 2024,Shelby,TN,Passenger,1,1,2,54,56,3.57
October 31 2024,Middlesex,NJ,Passenger,1,0,1,22,23,4.35
December 31 2022,Frederick,MD,Passenger,1,0,1,62,63,1.59
May 31 2017,Garfield,WA,Passenger,0,0,0,1287,1287,0.00
December 31 2023,Charleston,SC,Passenger,0,2,2,62,64,3.12
May 31 2020,Penobscot,ME,Passenger,0,2,2,17,19,10.53
October 31 2018,Mercer,NJ,Passenger,0,1,1,18,19,5.26
April 30 2019,Stevens,WA,Passenger,19,27,46,31605,31651,0.15
April 30 2023,Lake,IN,Passenger,0,1,1,12,13,7.69
January 31 2019,Lincoln,WA,Passenger,2,5,7,7751,7758,0.09
January 31 2023,Miami-Dade,FL,Passenger,1,0,1,91,92,1.09
October 31 2021,Washington,MD,Passenger,2,0,2,11,13,15.38
September 30 2023,Lake,IN,Passenger,0,1,1,9,10,10.00
March 31 2021,New Haven,CT,Passenger,0,2,2,33,35,5.71
May 31 2017,Marin,CA,Passenger,1,0,1,60,61,1.64
April 30 2022,Columbia,WA,Passenger,7,0,7,2441,2448,0.29
June 30 2022,Grays Harbor,WA,Truck,1,0,1,21297,21298,0.00
May 31 2017,Mason,WA,Truck,0,0,0,19257,19257,0.00
April 30 2018,Tarrant,TX,Passenger,1,0,1,228,229,0.44
December 31 2017,Nantucket,MA,Passenger,1,0,1,3,4,25.00
May 31 2023,Bexar,TX,Passenger,5,3,8,452,460,1.74
August 31 2020,Kern,CA,Passenger,0,1,1,220,221,0.45
December 31 2018,Adams,WA,Truck,0,0,0,5145,5145,0.00
February 28 2021,DeKalb,GA,Passenger,1,0,1,75,76,1.32
February 28 2025,Tooele,UT,Passenger,1,0,1,8,9,11.11
July 31 2020,Ferry,WA,Truck,0,0,0,3564,3564,0.00
September 30 2021,San Bernardino,CA,Passenger,1,0,1,415,416,0.24
April 30 2023,Greene,OH,Passenger,2,0,2,28,30,6.67
February 29 2024,Washington,WI,Passenger,1,0,1,0,1,100.00
April 30 2020,Shelby,OH,Passenger,0,1,1,2,3,33.33
April 30 2022,Kittitas,WA,Passenger,235,79,314,29698,30012,1.05
November 30 2017,Cowlitz,WA,Truck,0,0,0,28142,28142,0.00
October 31 2018,Grays Harbor,WA,Truck,0,0,0,20276,20276,0.00
January 31 2023,Whitman,WA,Passenger,120,70,190,21883,22073,0.86
July 31 2021,San Juan,WA,Truck,0,0,0,5946,5946,0.00
January 31 2025,Camden,GA,Passenger,1,0,1,91,92,1.09
August 31 2017,Garfield,WA,Truck,0,0,0,930,930,0.00
August 31 2020,Ramsey,MN,Passenger,1,0,1,45,46,2.17
September 30 2022,King,WA,Truck,241,2,243,179304,179547,0.14
December 31 2024,Oldham,KY,Passenger,0,1,1,4,5,20.00
July 31 2023,Grant,WA,Truck,13,0,13,28029,28042,0.05
October 31 2020,Lewis,WA,Passenger,114,117,231,58419,58650,0.39
August 31 2018,Carson City,NV,Passenger,1,0,1,15,16,6.25
March 31 2020,District of Columbia,DC,Passenger,1,1,2,197,199,1.01
November 30 2023,Monroe,WI,Passenger,1,0,1,9,10,10.00
April 30 2022,Carson City,NV,Passenger,1,0,1,12,13,7.69
January 31 2021,Mason,WA,Passenger,179,135,314,47644,47958,0.65
September 30 2023,Harnett,NC,Passenger,4,1,5,157,162,3.09
May 31 2023,Kings,NY,Passenger,1,0,1,58,59,1.69
March 31 2017,Skagit,WA,Passenger,119,91,210,87501,87711,0.24
March 31 2019,Monroe,IL,Passenger,1,0,1,3,4,25.00
February 28 2025,Newport,RI,Passenger,0,2,2,42,44,4.55
July 31 2022,Meade,KY,Passenger,1,0,1,21,22,4.55
July 31 2022,Lincoln,OR,Passenger,0,1,1,33,34,2.94
August 31 2023,Spokane,WA,Passenger,2447,1181,3628,321611,325239,1.12
September 30 2020,Essex,MA,Passenger,1,0,1,24,25,4.00
February 28 2022,Meade,KY,Passenger,1,0,1,23,24,4.17
February 28 2022,Richmond,NY,Passenger,1,0,1,3,4,25.00
November 30 2019,Clark,WA,Truck,0,0,0,81229,81229,0.00
December 31 2023,Burlington,NJ,Passenger,2,2,4,87,91,4.40
September 30 2019,Ferry,WA,Passenger,5,2,7,4425,4432,0.16
June 30 2023,Lincoln,OR,Passenger,1,1,2,25,27,7.41
March 31 2025,Carroll,MD,Passenger,0,1,1,9,10,10.00
August 31 2020,Pacific,WA,Truck,0,0,0,7716,7716,0.00
October 31 2018,Kitsap,WA,Passenger,878,507,1385,179816,181201,0.76
March 31 2024,Newport,RI,Passenger,0,2,2,51,53,3.77
July 31 2018,Lewis,WA,Passenger,83,61,144,57812,57956,0.25
October 31 2017,Skagit,WA,Truck,1,0,1,31614,31615,0.00
February 28 2021,Nassau,FL,Passenger,1,0,1,38,39,2.56
February 29 2024,Middlesex,NJ,Passenger,1,0,1,21,22,4.55
January 31 2023,Arlington,VA,Passenger,5,0,5,134,139,3.60
June 30 2021,Skagit,WA,Truck,1,0,1,32986,32987,0.00
July 31 2023,Miami-Dade,FL,Passenger,2,0,2,78,80,2.50
June 30 2023,Monroe,WI,Passenger,1,0,1,10,11,9.09
May 31 2022,Eagle,CO,Passenger,1,0,1,6,7,14.29
August 31 2021,Nueces,TX,Passenger,1,0,1,78,79,1.27
April 30 2018,Sangamon,IL,Passenger,1,0,1,11,12,8.33
February 29 2024,,,Passenger,6,2,8,288,296,2.70
March 31 2020,Clay,FL,Passenger,0,1,1,94,95,1.05
December 31 2017,Brevard,FL,Passenger,0,1,1,107,108,0.93
October 31 2024,Ferry,WA,Truck,0,0,0,3435,3435,0.00
December 31 2024,Alameda,CA,Passenger,8,1,9,162,171,5.26
April 30 2023,Hanover,VA,Passenger,1,0,1,3,4,25.00
May 31 2025,Pend Oreille,WA,Passenger,58,18,76,8333,8409,0.90
August 31 2024,Rockdale,GA,Passenger,1,0,1,7,8,12.50
July 31 2018,Hamilton,IN,Passenger,1,0,1,46,47,2.13
December 31 2020,Salt Lake,UT,Passenger,1,1,2,203,205,0.98
April 30 2025,Maricopa,AZ,Passenger,7,1,8,573,581,1.38
December 31 2022,Contra Costa,CA,Passenger,1,2,3,209,212,1.42
August 31 2024,Camden,GA,Passenger,1,0,1,99,100,1.00
March 31 2023,Cowlitz,WA,Passenger,435,195,630,69948,70578,0.89
March 31 2019,Skagit,WA,Passenger,282,189,471,91291,91762,0.51
May 31 2025,Pacific,WA,Truck,16,0,16,7507,7523,0.21
January 31 2018,Lee,AL,Passenger,1,0,1,35,36,2.78
March 31 2018,Canyon,ID,Passenger,0,1,1,105,106,0.94
September 30 2019,Lee,FL,Passenger,1,0,1,55,56,1.79
June 30 2023,Madison,IL,Passenger,2,0,2,16,18,11.11
October 31 2021,Lake,IL,Passenger,4,0,4,165,169,2.37
November 30 2019,Walla Walla,WA,Truck,0,0,0,13664,13664,0.00
March 31 2024,Williamson,TX,Passenger,1,1,2,77,79,2.53
September 30 2020,Utah,UT,Passenger,0,1,1,150,151,0.66
May 31 2017,Sedgwick,KS,Passenger,0,1,1,114,115,0.87
April 30 2020,Franklin,WA,Truck,0,0,0,19832,19832,0.00
April 30 2018,Palm Beach,FL,Passenger,0,2,2,91,93,2.15
September 30 2019,St. Mary's,MD,Passenger,1,0,1,228,229,0.44
March 31 2017,Pacific,WA,Truck,0,0,0,7477,7477,0.00
August 31 2020,Honolulu,HI,Passenger,4,2,6,490,496,1.21
February 28 2019,Clackamas,OR,Passenger,1,1,2,227,229,0.87
May 31 2024,Asotin,WA,Passenger,49,26,75,12235,12310,0.61
May 31 2024,Kent,MI,Passenger,1,0,1,18,19,5.26
June 30 2024,El Paso,CO,Passenger,9,8,17,501,518,3.28
June 30 2024,DuPage,IL,Passenger,6,1,7,33,40,17.50
September 30 2019,Collin,TX,Passenger,2,1,3,152,155,1.94
April 30 2023,Lexington,SC,Passenger,1,0,1,21,22,4.55
September 30 2023,Rockdale,GA,Passenger,1,0,1,8,9,11.11
November 30 2022,Sarasota,FL,Passenger,1,0,1,38,39,2.56
December 31 2021,Stevens,WA,Passenger,55,44,99,30223,30322,0.33
February 28 2025,Riverside,CA,Passenger,6,2,8,365,373,2.14
October 31 2019,Owyhee,ID,Passenger,1,0,1,3,4,25.00
April 30 2023,Orange,CA,Passenger,12,3,15,423,438,3.42
April 30 2022,Powhatan,VA,Passenger,1,0,1,2,3,33.33
November 30 2022,Fresno,CA,Passenger,1,0,1,163,164,0.61
August 31 2019,Williamson,TX,Passenger,0,2,2,176,178,1.12
March 31 2021,Kootenai,ID,Passenger,0,2,2,222,224,0.89
March 31 2025,Cumberland,NC,Passenger,3,2,5,284,289,1.73
September 30 2018,Maricopa,AZ,Passenger,1,2,3,1711,1714,0.18
February 28 2025,Chesapeake,VA,Passenger,2,0,2,244,246,0.81
June 30 2020,Williamson,TX,Passenger,0,2,2,169,171,1.17
February 29 2020,Douglas,CO,Passenger,1,0,1,88,89,1.12
January 31 2022,Kittitas,WA,Passenger,215,73,288,29771,30059,0.96
December 31 2017,Carroll,NH,Passenger,0,1,1,1,2,50.00
December 31 2018,Washington,OR,Passenger,0,1,1,497,498,0.20
August 31 2023,Will,IL,Passenger,0,1,1,16,17,5.88
December 31 2023,Franklin,WA,Truck,9,0,9,20855,20864,0.04
January 31 2021,Denver,CO,Passenger,1,0,1,129,130,0.77
September 30 2021,Okanogan,WA,Passenger,65,44,109,26512,26621,0.41
July 31 2023,Kings,CA,Passenger,3,1,4,281,285,1.40
October 31 2021,Harrison,MS,Passenger,2,0,2,56,58,3.45
October 31 2017,Allegheny,PA,Passenger,1,0,1,94,95,1.05
June 30 2019,Valencia,NM,Passenger,1,0,1,9,10,10.00
June 30 2022,Skamania,WA,Truck,0,0,0,3964,3964,0.00
March 31 2017,Grays Harbor,WA,Truck,0,0,0,19856,19856,0.00
April 30 2021,Spokane,WA,Passenger,1000,610,1610,324390,326000,0.49
August 31 2021,Broward,FL,Passenger,2,0,2,117,119,1.68
May 31 2022,Kitsap,WA,Passenger,2349,1034,3383,177783,181166,1.87
June 30 2019,Santa Fe,NM,Passenger,0,1,1,41,42,2.38
May 31 2019,Chelan,WA,Truck,0,0,0,22231,22231,0.00
March 31 2020,San Juan,WA,Truck,0,0,0,5927,5927,0.00
January 31 2024,Atlantic,NJ,Passenger,1,0,1,6,7,14.29
July 31 2024,San Mateo,CA,Passenger,4,1,5,78,83,6.02
September 30 2019,Sussex,NJ,Passenger,1,0,1,3,4,25.00
October 31 2024,Hennepin,MN,Passenger,1,0,1,40,41,2.44
June 30 2020,Orange,FL,Passenger,1,0,1,139,140,0.71
December 31 2018,Garfield,WA,Truck,0,0,0,963,963,0.00
November 30 2018,Dale,AL,Passenger,0,1,1,56,57,1.75
May 31 2018,Beaufort,SC,Passenger,1,0,1,42,43,2.33
August 31 2020,Alexandria,VA,Passenger,3,0,3,134,137,2.19
July 31 2017,Thurston,WA,Truck,0,0,0,53257,53257,0.00
October 31 2024,Houston,GA,Passenger,1,0,1,27,28,3.57
September 30 2021,Garfield,WA,Passenger,0,3,3,1360,1363,0.22
May 31 2022,Franklin,WA,Truck,0,0,0,20895,20895,0.00
October 31 2019,Anne Arundel,MD,Passenger,1,1,2,432,434,0.46
December 31 2024,New London,CT,Passenger,3,5,8,166,174,4.60
August 31 2024,El Dorado,CA,Passenger,2,0,2,20,22,9.09
January 31 2024,New York,NY,Passenger,3,0,3,39,42,7.14
February 28 2025,Bay,FL,Passenger,1,0,1,21,22,4.55
April 30 2021,Columbia,OR,Passenger,1,0,1,20,21,4.76
December 31 2023,Hoke,NC,Passenger,1,0,1,77,78,1.28
June 30 2024,Garfield,WA,Truck,0,0,0,1000,1000,0.00
July 31 2021,Multnomah,OR,Passenger,3,6,9,729,738,1.22
January 31 2020,Greene,MO,Passenger,0,1,1,35,36,2.78
January 31 2024,Suffolk,MA,Passenger,4,1,5,35,40,12.50
September 30 2023,Rockingham,NH,Passenger,1,0,1,16,17,5.88
March 31 2021,Clark,WA,Truck,0,0,0,83758,83758,0.00
February 29 2024,Ferry,WA,Truck,0,0,0,3531,3531,0.00
February 28 2019,San Juan,WA,Passenger,193,69,262,14267,14529,1.80
February 28 2025,Whitman,WA,Truck,19,0,19,8560,8579,0.22
July 31 2024,Klickitat,WA,Truck,21,0,21,8226,8247,0.25
June 30 2024,Marin,CA,Truck,1,0,1,7,8,12.50
April 30 2019,Collier,FL,Passenger,1,0,1,27,28,3.57
November 30 2018,Carroll,NH,Passenger,0,1,1,1,2,50.00
June 30 2020,Guadalupe,TX,Passenger,1,0,1,67,68,1.47
March 31 2019,Charleston,SC,Passenger,1,0,1,125,126,0.79
September 30 2019,Boulder,CO,Passenger,1,1,2,54,56,3.57
December 31 2020,Okanogan,WA,Truck,0,0,0,16590,16590,0.00
March 31 2020,Loudoun,VA,Passenger,1,0,1,90,91,1.10
October 31 2023,Churchill,NV,Passenger,0,1,1,42,43,2.33
May 31 2019,Monterey,CA,Passenger,1,2,3,198,201,1.49
February 28 2021,Charles,MD,Passenger,1,1,2,74,76,2.63
July 31 2020,Skagit,WA,Truck,1,0,1,32568,32569,0.00
March 31 2020,Tulsa,OK,Passenger,1,0,1,60,61,1.64
October 31 2019,Guadalupe,TX,Passenger,1,0,1,70,71,1.41
April 30 2025,Asotin,WA,Passenger,61,33,94,12155,12249,0.77
June 30 2021,Pierce,WA,Truck,0,0,0,145809,145809,0.00
August 31 2022,Kings,CA,Passenger,2,0,2,305,307,0.65
February 29 2024,Marion,OR,Passenger,1,0,1,70,71,1.41
May 31 2020,Snohomish,WA,Passenger,4396,1748,6144,533474,539618,1.14
February 28 2019,Ada,ID,Passenger,0,2,2,330,332,0.60
January 31 2023,Portsmouth,VA,Passenger,0,1,1,71,72,1.39
May 31 2023,Santa Cruz,AZ,Passenger,1,0,1,5,6,16.67
February 28 2018,Pacific,WA,Truck,0,0,0,7557,7557,0.00
May 31 2022,Thurston,WA,Truck,4,0,4,55254,55258,0.01
August 31 2020,Bucks,PA,Passenger,1,0,1,26,27,3.70
July 31 2024,Pima,AZ,Passenger,2,0,2,186,188,1.06
November 30 2023,Williamson,TN,Passenger,0,1,1,18,19,5.26
October 31 2018,Multnomah,OR,Passenger,3,4,7,807,814,0.86
October 31 2017,Maricopa,AZ,Passenger,1,1,2,1758,1760,0.11
December 31 2020,Anchorage,AK,Passenger,1,0,1,161,162,0.62
May 31 2023,Dakota,MN,Passenger,0,1,1,16,17,5.88
December 31 2018,Walla Walla,WA,Truck,0,0,0,13520,13520,0.00
December 31 2022,Kittitas,WA,Passenger,298,94,392,29471,29863,1.31
February 28 2018,Grays Harbor,WA,Truck,0,0,0,20108,20108,0.00
March 31 2022,Travis,TX,Passenger,3,1,4,147,151,2.65
January 31 2021,Polk,FL,Passenger,1,0,1,76,77,1.30
March 31 2017,Collin,TX,Passenger,0,1,1,157,158,0.63
November 30 2017,Asotin,WA,Passenger,7,5,12,12505,12517,0.10
October 31 2023,Franklin,WA,Passenger,368,153,521,62127,62648,0.83
January 31 2018,Albemarle,VA,Passenger,0,1,1,29,30,3.33
August 31 2023,New Haven,CT,Passenger,0,2,2,27,29,6.90
October 31 2024,King,WA,Passenger,87295,20642,107937,1303704,1411641,7.65
January 31 2025,Island,WA,Passenger,1776,620,2396,60233,62629,3.83
December 31 2021,Fresno,CA,Passenger,2,0,2,183,185,1.08
September 30 2022,Harrison,MS,Passenger,1,0,1,49,50,2.00
May 31 2021,Powhatan,VA,Passenger,1,0,1,1,2,50.00
October 31 2022,Cass,MN,Passenger,0,1,1,2,3,33.33
February 28 2022,Grant,WA,Passenger,142,98,240,66700,66940,0.36
March 31 2023,Lewis,WA,Passenger,293,194,487,58657,59144,0.82
June 30 2018,Ferry,WA,Truck,0,0,0,3510,3510,0.00
April 30 2021,Norfolk,VA,Passenger,2,3,5,318,323,1.55
February 28 2017,Clallam,WA,Truck,0,0,0,21028,21028,0.00
April 30 2017,Moore,NC,Passenger,0,1,1,206,207,0.48
March 31 2019,Montgomery,TX,Passenger,2,0,2,67,69,2.90
July 31 2018,Nueces,TX,Passenger,1,1,2,90,92,2.17
April 30 2023,Thurston,WA,Truck,55,0,55,53878,53933,0.10
April 30 2022,Thurston,WA,Passenger,2068,1014,3082,194116,197198,1.56
January 31 2025,Davidson,TN,Passenger,1,0,1,29,30,3.33
May 31 2017,Thurston,WA,Passenger,389,334,723,185946,186669,0.39
May 31 2024,Plaquemines,LA,Passenger,1,1,2,18,20,10.00
February 28 2019,Santa Clara,CA,Passenger,8,1,9,402,411,2.19
February 28 2018,Pima,AZ,Passenger,1,1,2,447,449,0.45
June 30 2018,Riverside,CA,Passenger,2,2,4,736,740,0.54
June 30 2020,Suffolk,VA,Passenger,1,0,1,129,130,0.77
May 31 2023,Grays Harbor,WA,Passenger,290,182,472,48248,48720,0.97
July 31 2024,Miami-Dade,FL,Passenger,3,0,3,69,72,4.17
October 31 2024,Virginia Beach,VA,Passenger,5,2,7,423,430,1.63
November 30 2022,Grays Harbor,WA,Truck,3,0,3,21074,21077,0.01
May 31 2025,Yuba,CA,Passenger,1,0,1,44,45,2.22
September 30 2024,Douglas,WA,Truck,19,0,19,12989,13008,0.15
December 31 2022,Chatham,NC,Passenger,1,0,1,7,8,12.50
June 30 2023,Kent,DE,Passenger,1,0,1,49,50,2.00
March 31 2022,Maui,HI,Passenger,1,0,1,28,29,3.45
February 29 2020,Franklin,WA,Passenger,58,75,133,61082,61215,0.22
September 30 2023,Columbia,WA,Truck,0,0,0,1542,1542,0.00
June 30 2019,Snohomish,WA,Passenger,3469,1594,5063,531189,536252,0.94
March 31 2025,Pierce,WA,Truck,613,0,613,131460,132073,0.46
May 31 2021,Duval,FL,Passenger,0,2,2,361,363,0.55
October 31 2018,Muskogee,OK,Passenger,0,1,1,2,3,33.33
August 31 2020,Sumter,FL,Passenger,0,1,1,10,11,9.09
September 30 2020,Prince William,VA,Passenger,2,3,5,220,225,2.22
March 31 2019,Portsmouth,VA,Passenger,0,1,1,76,77,1.30
April 30 2021,Spartanburg,SC,Passenger,0,1,1,54,55,1.82
May 31 2023,Fulton,GA,Passenger,1,1,2,82,84,2.38
July 31 2024,Clark,WA,Passenger,8588,3098,11686,314048,325734,3.59
November 30 2022,El Paso,TX,Passenger,2,0,2,374,376,0.53
September 30 2019,Essex,MA,Passenger,1,0,1,30,31,3.23
July 31 2020,Spokane,WA,Truck,1,0,1,98903,98904,0.00
October 31 2023,Lincoln,WA,Truck,0,0,0,4800,4800,0.00
October 31 2024,Volusia,FL,Truck,1,0,1,3,4,25.00
September 30 2019,Muskogee,OK,Passenger,0,1,1,1,2,50.00
July 31 2017,Hamilton,TN,Passenger,1,0,1,19,20,5.00
January 31 2022,Chatham,NC,Passenger,1,0,1,7,8,12.50
June 30 2024,Adams,WA,Truck,4,0,4,5407,5411,0.07
January 31 2020,Pima,AZ,Passenger,3,1,4,413,417,0.96
March 31 2019,Mason,WA,Passenger,114,114,228,46686,46914,0.49
April 30 2018,Thurston,WA,Passenger,522,444,966,191620,192586,0.50
April 30 2021,Richmond,NY,Passenger,1,0,1,6,7,14.29
December 31 2020,Tulsa,OK,Passenger,1,0,1,56,57,1.75
January 31 2019,Clallam,WA,Truck,0,0,0,21634,21634,0.00
April 30 2024,Oldham,KY,Passenger,0,1,1,4,5,20.00
June 30 2018,Kitsap,WA,Passenger,795,460,1255,178421,179676,0.70
August 31 2023,Multnomah,OR,Passenger,5,1,6,541,547,1.10
March 31 2023,Saginaw,MI,Passenger,0,1,1,5,6,16.67
March 31 2018,Santa Clara,CA,Passenger,6,1,7,405,412,1.70
October 31 2022,Gwinnett,GA,Passenger,1,0,1,66,67,1.49
July 31 2024,Charleston,SC,Passenger,0,2,2,56,58,3.45
April 30 2025,DuPage,IL,Passenger,3,0,3,24,27,11.11
July 31 2023,Cumberland,NC,Passenger,2,4,6,352,358,1.68
October 31 2021,Grays Harbor,WA,Passenger,187,151,338,49423,49761,0.68
February 29 2020,Calvert,MD,Passenger,0,2,2,92,94,2.13
October 31 2020,Dallas,IA,Passenger,0,1,1,11,12,8.33
September 30 2021,Douglas,CO,Passenger,1,1,2,91,93,2.15
August 31 2019,Ferry,WA,Passenger,5,2,7,4416,4423,0.16
April 30 2021,Ray,MO,Passenger,0,1,1,1,2,50.00
December 31 2018,St. Mary's,MD,Passenger,1,0,1,217,218,0.46
March 31 2023,Portsmouth,VA,Passenger,0,1,1,69,70,1.43
February 29 2024,Contra Costa,CA,Passenger,4,1,5,164,169,2.96
August 31 2019,Garfield,WA,Truck,0,0,0,957,957,0.00
June 30 2022,Walla Walla,WA,Truck,0,0,0,13919,13919,0.00
January 31 2022,Calvert,MD,Passenger,0,3,3,89,92,3.26
February 28 2023,Grant,WA,Truck,7,0,7,28034,28041,0.02
July 31 2019,Kalamazoo,MI,Passenger,1,0,1,16,17,5.88
December 31 2023,Churchill,NV,Passenger,0,1,1,42,43,2.33
February 28 2022,Pinellas,FL,Passenger,0,1,1,99,100,1.00
September 30 2024,Clark,WA,Truck,268,0,268,80587,80855,0.33
November 30 2019,Nassau,NY,Passenger,4,0,4,44,48,8.33
November 30 2021,Kings,NY,Passenger,2,0,2,75,77,2.60
July 31 2017,Orleans,LA,Passenger,0,1,1,48,49,2.04
January 31 2022,Hillsborough,FL,Passenger,0,2,2,157,159,1.26
April 30 2023,Penobscot,ME,Passenger,0,1,1,9,10,10.00
February 28 2022,Tarrant,TX,Passenger,3,0,3,171,174,1.72
October 31 2023,Wilson,TX,Passenger,0,1,1,3,4,25.00
April 30 2020,Asotin,WA,Truck,0,0,0,6615,6615,0.00
June 30 2024,Manassas,VA,Passenger,1,0,1,6,7,14.29
April 30 2024,Cameron,TX,Passenger,1,0,1,19,20,5.00
December 31 2022,Tom Green,TX,Passenger,0,1,1,18,19,5.26
March 31 2022,Boulder,CO,Passenger,2,0,2,48,50,4.00
June 30 2021,Island,WA,Truck,0,0,0,21525,21525,0.00
March 31 2019,Tulsa,OK,Passenger,1,0,1,57,58,1.72
August 31 2023,Alexandria,VA,Passenger,3,0,3,107,110,2.73
November 30 2023,Pulaski,MO,Passenger,2,0,2,105,107,1.87
September 30 2020,Middlesex,MA,Passenger,1,0,1,95,96,1.04
April 30 2021,Goochland,VA,Passenger,4,2,6,278,284,2.11
July 31 2018,Mason,WA,Passenger,87,90,177,45834,46011,0.38
February 29 2020,Chatham,NC,Passenger,1,0,1,6,7,14.29
November 30 2023,Bell,TX,Passenger,2,0,2,279,281,0.71
October 31 2021,Snohomish,WA,Truck,2,0,2,125644,125646,0.00
March 31 2020,Skagit,WA,Passenger,393,216,609,92083,92692,0.66
July 31 2023,Lewis,WA,Truck,7,0,7,25940,25947,0.03
February 28 2017,Muscogee,GA,Passenger,0,1,1,255,256,0.39
February 29 2024,Cook,IL,Passenger,3,3,6,200,206,2.91
April 30 2019,New London,CT,Passenger,0,1,1,241,242,0.41
April 30 2025,Clallam,WA,Truck,48,0,48,20978,21026,0.23
August 31 2021,Okanogan,WA,Truck,0,0,0,16736,16736,0.00
November 30 2022,Fairfax,VA,Truck,1,0,1,102,103,0.97
October 31 2017,Fulton,GA,Passenger,1,0,1,112,113,0.88
November 30 2019,St. Mary's,MD,Passenger,1,0,1,228,229,0.44
February 28 2023,Santa Clara,CA,Passenger,17,7,24,275,299,8.03
May 31 2025,York,VA,Passenger,3,0,3,59,62,4.84
October 31 2019,Williamson,TX,Passenger,0,2,2,172,174,1.15
December 31 2019,Clallam,WA,Truck,1,0,1,21865,21866,0.00
April 30 2021,Skagit,WA,Passenger,563,268,831,91819,92650,0.90
June 30 2021,Cowlitz,WA,Truck,0,0,0,29097,29097,0.00
May 31 2023,Prince George's,MD,Passenger,2,2,4,136,140,2.86
October 31 2021,Stevens,WA,Passenger,52,43,95,30178,30273,0.31
October 31 2024,Kittitas,WA,Passenger,608,155,763,29390,30153,2.53
November 30 2023,Sedgwick,KS,Passenger,0,1,1,60,61,1.64
May 31 2024,El Paso,CO,Passenger,9,8,17,506,523,3.25
February 28 2019,Lincoln,WA,Truck,0,0,0,4662,4662,0.00
June 30 2024,Anchorage,AK,Passenger,1,0,1,104,105,0.95
April 30 2025,Norfolk,VA,Passenger,0,1,1,203,204,0.49
February 28 2019,Sedgwick,KS,Passenger,0,1,1,108,109,0.92
January 31 2023,Hamilton,IN,Passenger,1,0,1,25,26,3.85
December 31 2018,Cameron,TX,Passenger,1,0,1,35,36,2.78
July 31 2024,Snohomish,WA,Truck,417,0,417,119511,119928,0.35
July 31 2019,,,Passenger,6,2,8,426,434,1.84
September 30 2022,Stevens,WA,Passenger,81,56,137,29951,30088,0.46
March 31 2025,Texas,MO,Passenger,1,0,1,2,3,33.33
December 31 2022,Rockingham,NH,Passenger,2,0,2,20,22,9.09
June 30 2021,Mason,WA,Truck,0,0,0,21310,21310,0.00
December 31 2021,District of Columbia,DC,Passenger,4,0,4,185,189,2.12
February 28 2021,Arlington,VA,Passenger,0,1,1,151,152,0.66
March 31 2021,Greene,MO,Passenger,0,1,1,42,43,2.33
March 31 2018,Sedgwick,KS,Passenger,0,1,1,110,111,0.90
April 30 2025,El Paso,CO,Passenger,10,7,17,398,415,4.10
April 30 2021,Pierce,WA,Passenger,3268,1903,5171,558762,563933,0.92
February 28 2025,Sarpy,NE,Passenger,0,1,1,52,53,1.89
February 28 2018,Pend Oreille,WA,Truck,0,0,0,5631,5631,0.00
September 30 2019,Walla Walla,WA,Passenger,59,63,122,36223,36345,0.34
July 31 2023,Grays Harbor,WA,Truck,9,0,9,20913,20922,0.04
August 31 2023,Harnett,NC,Passenger,4,1,5,157,162,3.09
August 31 2021,Washtenaw,MI,Passenger,0,1,1,35,36,2.78
November 30 2024,Grant,WA,Passenger,530,231,761,68223,68984,1.10
April 30 2021,San Bernardino,CA,Passenger,1,0,1,420,421,0.24
May 31 2024,Lewis,WA,Passenger,456,382,838,59177,60015,1.40
March 31 2022,Hillsborough,FL,Passenger,0,2,2,149,151,1.32
December 31 2021,Clark,WA,Truck,1,0,1,83880,83881,0.00
May 31 2022,Kern,CA,Passenger,1,1,2,206,208,0.96
June 30 2024,Okanogan,WA,Truck,14,0,14,16370,16384,0.09
December 31 2022,Bell,TX,Passenger,1,0,1,321,322,0.31
May 31 2021,Thurston,WA,Passenger,1540,852,2392,197499,199891,1.20
March 31 2021,Grant,WA,Passenger,93,87,180,66380,66560,0.27
May 31 2017,,,Passenger,2,0,2,467,469,0.43
April 30 2025,Meade,KY,Passenger,1,0,1,15,16,6.25
February 28 2025,Kitsap,WA,Passenger,5604,1980,7584,174057,181641,4.18
July 31 2022,Okanogan,WA,Truck,1,0,1,16565,16566,0.01
February 29 2024,Grant,WA,Truck,21,0,21,28009,28030,0.07
February 28 2023,Thurston,WA,Truck,49,0,49,54317,54366,0.09
April 30 2017,District of Columbia,DC,Passenger,0,3,3,218,221,1.36
April 30 2021,Broward,FL,Passenger,1,0,1,113,114,0.88
August 31 2024,Milwaukee,WI,Passenger,1,0,1,38,39,2.56
October 31 2017,Island,WA,Truck,0,0,0,20579,20579,0.00
May 31 2024,Anne Arundel,MD,Truck,1,0,1,44,45,2.22
May 31 2021,Suffolk,MA,Passenger,1,2,3,40,43,6.98
October 31 2021,Clallam,WA,Passenger,365,236,601,50463,51064,1.18
March 31 2020,Arlington,VA,Passenger,0,2,2,162,164,1.22
January 31 2025,Whatcom,WA,Truck,155,0,155,42220,42375,0.37
August 31 2023,Rockdale,GA,Passenger,1,0,1,8,9,11.11
February 28 2025,Brown,WI,Passenger,1,0,1,3,4,25.00
November 30 2022,Benton,WA,Truck,7,0,7,43331,43338,0.02
August 31 2017,Nueces,TX,Passenger,0,1,1,95,96,1.04
June 30 2023,Pettis,MO,Passenger,1,0,1,5,6,16.67
October 31 2018,Collin,TX,Passenger,1,1,2,173,175,1.14
August 31 2023,Nassau,NY,Passenger,2,0,2,32,34,5.88
December 31 2018,Nassau,NY,Passenger,3,0,3,37,40,7.50
May 31 2020,Vigo,IN,Passenger,1,0,1,5,6,16.67
July 31 2017,Sedgwick,KS,Passenger,0,1,1,115,116,0.86
May 31 2019,Whatcom,WA,Truck,2,0,2,42799,42801,0.00
March 31 2021,Pinellas,FL,Passenger,1,1,2,113,115,1.74
October 31 2023,Anchorage,AK,Passenger,1,0,1,108,109,0.92
July 31 2020,Cascade,MT,Passenger,0,1,1,66,67,1.49
December 31 2018,Bergen,NJ,Passenger,1,0,1,27,28,3.57
May 31 2021,Montgomery,MD,Passenger,1,1,2,248,250,0.80
May 31 2019,Wahkiakum,WA,Truck,0,0,0,1743,1743,0.00
February 28 2019,Kittitas,WA,Passenger,73,37,110,29435,29545,0.37
March 31 2021,Tarrant,TX,Passenger,1,0,1,178,179,0.56
October 31 2020,Williamson,TX,Passenger,0,2,2,163,165,1.21
July 31 2017,Kitsap,WA,Passenger,622,324,946,173328,174274,0.54
March 31 2023,Kitsap,WA,Truck,57,0,57,52453,52510,0.11
October 31 2022,El Dorado,CA,Passenger,1,0,1,30,31,3.23
March 31 2025,Richmond,GA,Passenger,0,1,1,38,39,2.56
April 30 2017,Pierce,WA,Passenger,917,808,1725,525514,527239,0.33
June 30 2018,Orleans,LA,Passenger,0,1,1,48,49,2.04
February 28 2019,Ferry,WA,Truck,0,0,0,3591,3591,0.00
September 30 2018,Cumberland,NC,Passenger,1,1,2,533,535,0.37
July 31 2020,Island,WA,Truck,1,0,1,21181,21182,0.00
July 31 2024,Washtenaw,MI,Passenger,0,2,2,24,26,7.69
September 30 2023,Forsyth,GA,Passenger,1,0,1,14,15,6.67
January 31 2024,Skagit,WA,Truck,35,0,35,31598,31633,0.11
October 31 2018,St. Mary's,MD,Passenger,1,0,1,222,223,0.45
October 31 2023,Lincoln,WA,Passenger,21,24,45,7573,7618,0.59
June 30 2019,Mercer,NJ,Passenger,0,1,1,16,17,5.88
February 28 2025,Kent,RI,Truck,1,0,1,3,4,25.00
January 31 2022,Bell,TX,Passenger,1,0,1,355,356,0.28
December 31 2024,Kern,CA,Passenger,2,1,3,159,162,1.85
May 31 2023,Weld,CO,Passenger,1,0,1,23,24,4.17
January 31 2019,Nantucket,MA,Passenger,1,0,1,4,5,20.00
July 31 2018,Collier,FL,Passenger,1,0,1,28,29,3.45
March 31 2024,Chesapeake,VA,Passenger,1,0,1,296,297,0.34
August 31 2020,Oldham,KY,Passenger,0,1,1,5,6,16.67
April 30 2019,Riverside,CA,Passenger,2,2,4,705,709,0.56
November 30 2023,Shelby,AL,Passenger,1,0,1,4,5,20.00
September 30 2023,El Dorado,CA,Passenger,1,0,1,25,26,3.85
June 30 2024,Macomb,MI,Passenger,1,0,1,21,22,4.55
August 31 2019,Richland,SC,Passenger,0,1,1,154,155,0.65
June 30 2022,Wise,TX,Passenger,2,0,2,10,12,16.67
September 30 2021,Virginia Beach,VA,Passenger,1,0,1,625,626,0.16
June 30 2020,San Juan,WA,Truck,0,0,0,5848,5848,0.00
May 31 2021,Skamania,WA,Passenger,43,32,75,8383,8458,0.89
February 29 2024,Denton,TX,Passenger,1,0,1,53,54,1.85
April 30 2017,Clark,WA,Passenger,755,471,1226,298392,299618,0.41
January 31 2021,Grays Harbor,WA,Truck,0,0,0,21223,21223,0.00
March 31 2022,Thurston,WA,Truck,3,0,3,55558,55561,0.01
May 31 2018,Santa Fe,NM,Passenger,0,1,1,44,45,2.22
April 30 2022,RÃ­o Grande,PR,Passenger,1,0,1,0,1,100.00
June 30 2021,Columbia,WA,Passenger,6,2,8,2466,2474,0.32
March 31 2021,Skagit,WA,Truck,1,0,1,32899,32900,0.00
November 30 2024,Hillsborough,FL,Passenger,2,1,3,89,92,3.26
February 28 2023,Lexington,SC,Passenger,1,0,1,21,22,4.55
January 31 2023,Ventura,CA,Passenger,3,2,5,264,269,1.86
December 31 2023,Hamilton,IN,Passenger,1,0,1,27,28,3.57
July 31 2020,Mason,WA,Truck,0,0,0,20697,20697,0.00
April 30 2023,Stafford,VA,Passenger,3,1,4,87,91,4.40
October 31 2021,Shelby,OH,Passenger,0,1,1,4,5,20.00
July 31 2024,Santa Cruz,AZ,Passenger,1,0,1,4,5,20.00
August 31 2021,Kitsap,WA,Truck,0,0,0,54270,54270,0.00
May 31 2024,Snohomish,WA,Passenger,18488,3975,22463,525206,547669,4.10
October 31 2021,Montgomery,OH,Passenger,0,1,1,58,59,1.69
July 31 2024,El Paso,CO,Truck,1,0,1,135,136,0.74
December 31 2022,San Juan,WA,Passenger,559,171,730,13876,14606,5.00
March 31 2017,Pend Oreille,WA,Truck,0,0,0,5582,5582,0.00
April 30 2019,Kitsap,WA,Passenger,1007,575,1582,180051,181633,0.87
July 31 2022,Owyhee,ID,Passenger,1,0,1,2,3,33.33
August 31 2022,Grays Harbor,WA,Truck,2,0,2,21182,21184,0.01
November 30 2023,Calvert,MD,Passenger,1,2,3,81,84,3.57
September 30 2022,Muscogee,GA,Passenger,1,2,3,142,145,2.07
August 31 2021,Owyhee,ID,Passenger,1,0,1,2,3,33.33
August 31 2022,Moore,NC,Passenger,0,1,1,131,132,0.76
May 31 2022,Stafford,VA,Passenger,2,1,3,99,102,2.94
October 31 2022,Mohave,AZ,Passenger,1,0,1,56,57,1.75
February 29 2024,Burlington,NJ,Passenger,0,2,2,82,84,2.38
December 31 2023,Ventura,CA,Passenger,4,2,6,244,250,2.40
August 31 2024,St. Mary's,MD,Passenger,4,0,4,189,193,2.07
January 31 2021,Lake,FL,Passenger,1,0,1,26,27,3.70
January 31 2021,Clark,WA,Truck,0,0,0,83492,83492,0.00
July 31 2020,Kootenai,ID,Passenger,1,1,2,228,230,0.87
April 30 2017,Cowlitz,WA,Passenger,52,48,100,69314,69414,0.14
January 31 2021,Klickitat,WA,Truck,0,0,0,8103,8103,0.00
April 30 2020,Ferry,WA,Passenger,5,3,8,4331,4339,0.18
January 31 2022,Hennepin,MN,Passenger,3,0,3,87,90,3.33
January 31 2024,Goochland,VA,Passenger,3,1,4,80,84,4.76
January 31 2024,Pierce,WA,Truck,247,0,247,134187,134434,0.18
January 31 2022,Clackamas,OR,Passenger,2,0,2,196,198,1.01
November 30 2023,Cook,IL,Passenger,3,3,6,200,206,2.91
March 31 2024,Anne Arundel,MD,Passenger,4,3,7,301,308,2.27
May 31 2021,Maui,HI,Passenger,2,0,2,29,31,6.45
May 31 2024,Maricopa,AZ,Passenger,16,3,19,818,837,2.27
May 31 2020,Skagit,WA,Passenger,402,216,618,91086,91704,0.67
December 31 2024,Loudoun,VA,Passenger,2,1,3,56,59,5.08
May 31 2021,RÃ­o Grande,PR,Passenger,1,0,1,0,1,100.00
March 31 2018,Kittitas,WA,Passenger,41,30,71,28736,28807,0.25
July 31 2020,Benton,WA,Passenger,372,324,696,134198,134894,0.52
December 31 2022,Douglas,WA,Passenger,167,58,225,28469,28694,0.78
December 31 2021,Grays Harbor,WA,Truck,0,0,0,21370,21370,0.00
July 31 2022,Broward,FL,Passenger,1,0,1,88,89,1.12
June 30 2022,Grant,WA,Truck,0,0,0,27990,27990,0.00
May 31 2024,Clallam,WA,Truck,30,0,30,21416,21446,0.14
May 31 2022,St. Johns,FL,Passenger,1,0,1,49,50,2.00
April 30 2025,Carroll,MD,Passenger,0,1,1,6,7,14.29
August 31 2023,Medina,TX,Passenger,1,0,1,7,8,12.50
August 31 2019,Cameron,TX,Passenger,1,0,1,36,37,2.70
January 31 2018,DeKalb,IN,Passenger,1,0,1,1,2,50.00
February 28 2021,Pierce,WA,Passenger,3024,1811,4835,554501,559336,0.86
October 31 2018,Dallas,TX,Passenger,0,1,1,214,215,0.47
June 30 2017,Lumpkin,GA,Passenger,1,0,1,9,10,10.00
February 28 2019,Franklin,WA,Passenger,49,70,119,59266,59385,0.20
March 31 2024,DuPage,IL,Passenger,6,1,7,34,41,17.07
March 31 2024,Brown,WI,Passenger,1,0,1,3,4,25.00
June 30 2019,Harris,TX,Passenger,1,1,2,300,302,0.66
May 31 2017,Palm Beach,FL,Passenger,0,2,2,101,103,1.94
April 30 2021,Vigo,IN,Passenger,1,0,1,5,6,16.67
November 30 2020,Rogers,OK,Passenger,1,0,1,10,11,9.09
November 30 2020,Ada,ID,Passenger,0,1,1,288,289,0.35
December 31 2023,Skagit,WA,Passenger,1343,484,1827,88598,90425,2.02
October 31 2022,Forsyth,GA,Passenger,1,0,1,14,15,6.67
December 31 2022,San Diego,CA,Passenger,23,7,30,2495,2525,1.19
March 31 2018,Marion,IN,Passenger,1,0,1,119,120,0.83
April 30 2019,Clay,FL,Passenger,0,1,1,91,92,1.09
March 31 2018,Ferry,WA,Truck,0,0,0,3502,3502,0.00
March 31 2021,Benton,WA,Passenger,464,371,835,135351,136186,0.61
September 30 2020,Duval,FL,Passenger,0,2,2,376,378,0.53
March 31 2024,Suffolk,VA,Passenger,1,1,2,102,104,1.92
February 29 2024,Williamsburg,VA,Passenger,0,1,1,4,5,20.00
April 30 2018,,,Passenger,3,2,5,438,443,1.13
May 31 2018,DeKalb,GA,Passenger,1,0,1,84,85,1.18
September 30 2022,Geary,KS,Passenger,1,0,1,84,85,1.18
October 31 2023,Monroe,WI,Passenger,1,0,1,9,10,10.00
November 30 2024,Palm Beach,FL,Passenger,2,0,2,38,40,5.00
September 30 2020,Clark,NV,Passenger,3,3,6,755,761,0.79
September 30 2018,Island,WA,Truck,0,0,0,21070,21070,0.00
September 30 2017,Franklin,WA,Truck,0,0,0,18241,18241,0.00
August 31 2024,San Francisco,CA,Passenger,2,1,3,64,67,4.48
November 30 2023,Pueblo,CO,Passenger,1,0,1,20,21,4.76
August 31 2024,Jefferson,WA,Truck,28,0,28,9119,9147,0.31
February 28 2023,Hillsborough,FL,Passenger,1,1,2,140,142,1.41
December 31 2022,Cook,IL,Passenger,3,1,4,229,233,1.72
May 31 2020,Broward,FL,Passenger,2,1,3,116,119,2.52
July 31 2024,Fresno,CA,Passenger,1,1,2,135,137,1.46
January 31 2022,Lane,OR,Passenger,0,1,1,134,135,0.74
June 30 2024,Madison,IL,Passenger,2,0,2,13,15,13.33
January 31 2018,Queens,NY,Passenger,1,0,1,64,65,1.54
February 28 2019,Marion,IN,Passenger,1,0,1,116,117,0.85
October 31 2017,Dakota,MN,Passenger,0,2,2,43,45,4.44
June 30 2021,Fairbanks North Star,AK,Passenger,0,1,1,94,95,1.05
March 31 2024,El Paso,CO,Passenger,8,8,16,516,532,3.01
July 31 2020,Powhatan,VA,Passenger,1,0,1,1,2,50.00
September 30 2024,Pacific,WA,Truck,14,0,14,7760,7774,0.18
December 31 2021,Klickitat,WA,Truck,0,0,0,8317,8317,0.00
December 31 2024,Charlottesville,VA,Passenger,0,2,2,5,7,28.57
June 30 2021,Benton,WA,Passenger,516,396,912,136225,137137,0.67
January 31 2022,Montgomery,MD,Passenger,2,2,4,219,223,1.79
September 30 2024,Pima,AZ,Passenger,2,0,2,174,176,1.14
January 31 2020,Ramsey,MN,Passenger,1,0,1,48,49,2.04
October 31 2019,DuPage,IL,Passenger,3,0,3,64,67,4.48
October 31 2023,Spotsylvania,VA,Passenger,1,0,1,28,29,3.45
January 31 2021,District of Columbia,DC,Passenger,2,1,3,188,191,1.57
November 30 2024,Maui,HI,Passenger,2,0,2,16,18,11.11
April 30 2023,Kitsap,WA,Passenger,3054,1232,4286,175114,179400,2.39
April 30 2025,Lewis,WA,Passenger,628,433,1061,58350,59411,1.79
November 30 2020,Jefferson,WA,Truck,0,0,0,9574,9574,0.00
May 31 2018,Orange,CA,Passenger,5,1,6,596,602,1.00
April 30 2022,Duval,FL,Passenger,0,2,2,326,328,0.61
November 30 2023,New Haven,CT,Passenger,1,2,3,29,32,9.38
December 31 2024,Bay,FL,Passenger,1,0,1,23,24,4.17
July 31 2021,Grant,WA,Truck,0,0,0,27904,27904,0.00
November 30 2023,Douglas,WA,Passenger,241,80,321,28837,29158,1.10
March 31 2025,Kootenai,ID,Passenger,2,1,3,77,80,3.75
April 30 2024,Garfield,WA,Truck,0,0,0,989,989,0.00
August 31 2022,Kootenai,ID,Truck,1,0,1,41,42,2.38
August 31 2020,Whitman,WA,Passenger,46,48,94,21987,22081,0.43
July 31 2019,Brevard,FL,Passenger,0,1,1,93,94,1.06
August 31 2019,Multnomah,OR,Passenger,5,6,11,807,818,1.34
September 30 2024,Palm Beach,FL,Passenger,2,0,2,43,45,4.44
July 31 2024,Whatcom,WA,Passenger,3463,1235,4698,147826,152524,3.08
July 31 2019,Monterey,CA,Passenger,1,1,2,196,198,1.01
January 31 2021,Monroe,IL,Passenger,1,0,1,2,3,33.33
August 31 2020,Larimer,CO,Passenger,1,0,1,54,55,1.82
April 30 2020,Salt Lake,UT,Passenger,1,0,1,219,220,0.45
June 30 2022,Hays,TX,Passenger,1,0,1,16,17,5.88
February 28 2022,Clinton,PA,Passenger,1,0,1,0,1,100.00
March 31 2018,Essex,NJ,Passenger,1,0,1,14,15,6.67
February 28 2021,Skagit,WA,Passenger,536,247,783,91214,91997,0.85
August 31 2023,Shelby,AL,Passenger,1,0,1,6,7,14.29
September 30 2020,Williams,ND,Passenger,0,1,1,12,13,7.69
June 30 2017,Monterey,CA,Passenger,0,1,1,212,213,0.47
August 31 2023,Lane,OR,Passenger,0,1,1,91,92,1.09
September 30 2020,Yakima,WA,Passenger,154,124,278,166377,166655,0.17
March 31 2021,Pierce,WA,Truck,0,0,0,145108,145108,0.00
December 31 2024,Virginia Beach,VA,Truck,1,0,1,109,110,0.91
June 30 2022,Howard,IN,Passenger,0,1,1,4,5,20.00
May 31 2021,Deschutes,OR,Passenger,2,0,2,141,143,1.40
May 31 2022,Whitman,WA,Truck,0,0,0,8549,8549,0.00
January 31 2019,Allegheny,PA,Passenger,1,0,1,92,93,1.08
January 31 2020,Palm Beach,FL,Passenger,0,2,2,89,91,2.20
October 31 2022,Olmsted,MN,Passenger,1,0,1,8,9,11.11
July 31 2023,Santa Cruz,AZ,Passenger,1,0,1,5,6,16.67
September 30 2018,Mason,WA,Truck,0,0,0,20077,20077,0.00
July 31 2023,Kootenai,ID,Truck,1,0,1,34,35,2.86
December 31 2024,Suffolk,VA,Passenger,1,1,2,89,91,2.20
October 31 2023,Washington,MD,Passenger,1,0,1,14,15,6.67
November 30 2019,Penobscot,ME,Passenger,0,1,1,15,16,6.25
May 31 2020,Kent,MI,Passenger,0,1,1,31,32,3.12
July 31 2020,Cowlitz,WA,Truck,0,0,0,28859,28859,0.00
December 31 2022,Lane,OR,Passenger,0,1,1,114,115,0.87
October 31 2019,El Paso,CO,Passenger,3,2,5,760,765,0.65
March 31 2023,Orange,FL,Passenger,3,0,3,92,95,3.16
January 31 2019,Caddo,LA,Passenger,0,1,1,24,25,4.00
September 30 2017,Thurston,WA,Truck,0,0,0,53464,53464,0.00
September 30 2019,Dallas,TX,Passenger,1,0,1,221,222,0.45
December 31 2022,Calvert,MD,Passenger,0,3,3,90,93,3.23
March 31 2025,Pend Oreille,WA,Passenger,53,19,72,8486,8558,0.84
October 31 2020,Adams,WA,Truck,0,0,0,5331,5331,0.00
March 31 2022,Grant,WA,Truck,0,0,0,28013,28013,0.00
October 31 2021,San Mateo,CA,Passenger,3,0,3,115,118,2.54
April 30 2020,Pueblo,CO,Passenger,1,0,1,32,33,3.03
April 30 2020,Orange,CA,Passenger,8,2,10,542,552,1.81
June 30 2020,El Paso,CO,Passenger,3,1,4,742,746,0.54
November 30 2024,Montgomery,MD,Passenger,7,1,8,174,182,4.40
October 31 2017,Pend Oreille,WA,Passenger,3,4,7,9371,9378,0.07
September 30 2018,Dakota,MN,Passenger,0,2,2,36,38,5.26
July 31 2024,Autauga,AL,Passenger,2,2,4,12,16,25.00
February 28 2025,DuPage,IL,Passenger,3,0,3,25,28,10.71
April 30 2019,Kern,CA,Passenger,0,1,1,225,226,0.44
November 30 2023,San Diego,CA,Passenger,23,8,31,2270,2301,1.35
January 31 2023,Skagit,WA,Passenger,951,364,1315,89079,90394,1.45
February 28 2025,Anne Arundel,MD,Passenger,6,3,9,259,268,3.36
August 31 2021,Allen,IN,Passenger,1,0,1,20,21,4.76
February 28 2022,Benton,WA,Passenger,662,454,1116,135592,136708,0.82
May 31 2022,Orange,CA,Passenger,8,3,11,460,471,2.34
August 31 2017,Mason,WA,Passenger,59,70,129,43912,44041,0.29
September 30 2023,Middlesex,MA,Passenger,4,0,4,94,98,4.08
June 30 2020,DuPage,IL,Passenger,4,0,4,63,67,5.97
January 31 2020,Douglas,WA,Truck,0,0,0,12304,12304,0.00
December 31 2022,Pulaski,MO,Passenger,3,0,3,110,113,2.65
January 31 2023,Brown,WI,Passenger,1,0,1,6,7,14.29
January 31 2020,Stevens,WA,Truck,0,0,0,18773,18773,0.00
May 31 2018,Salt Lake,UT,Passenger,1,0,1,245,246,0.41
August 31 2021,Snohomish,WA,Passenger,6297,2137,8434,538717,547151,1.54
September 30 2024,Guam,GU,Passenger,0,1,1,30,31,3.23
January 31 2023,Beaufort,SC,Passenger,1,0,1,33,34,2.94
January 31 2022,Tom Green,TX,Passenger,0,1,1,24,25,4.00
February 28 2017,Northampton,PA,Passenger,2,0,2,229,231,0.87
August 31 2022,Forsyth,GA,Passenger,1,0,1,15,16,6.25
September 30 2020,Dallas,TX,Passenger,1,0,1,198,199,0.50
May 31 2019,Pinellas,FL,Passenger,1,0,1,125,126,0.79
October 31 2021,Clark,WA,Passenger,3253,1512,4765,320570,325335,1.46
September 30 2018,Fulton,GA,Passenger,1,3,4,110,114,3.51
January 31 2019,Charleston,SC,Passenger,1,0,1,126,127,0.79
November 30 2017,Snohomish,WA,Passenger,1985,1016,3001,515813,518814,0.58
September 30 2020,Pacific,WA,Truck,0,0,0,7734,7734,0.00
December 31 2021,Danville,VA,Passenger,1,0,1,0,1,100.00
April 30 2021,New York,NY,Passenger,4,0,4,59,63,6.35
November 30 2020,Pulaski,MO,Passenger,1,0,1,141,142,0.70
March 31 2024,Kitsap,WA,Passenger,4225,1587,5812,174121,179933,3.23
September 30 2017,New London,CT,Passenger,1,0,1,241,242,0.41
February 28 2023,Arapahoe,CO,Passenger,1,1,2,97,99,2.02
February 28 2025,Penobscot,ME,Passenger,0,1,1,3,4,25.00
July 31 2018,Cowlitz,WA,Passenger,57,77,134,71858,71992,0.19
March 31 2017,Clark,WA,Truck,0,0,0,77530,77530,0.00
July 31 2024,Wichita,TX,Passenger,1,0,1,30,31,3.23
February 28 2019,Montgomery,PA,Passenger,2,0,2,38,40,5.00
July 31 2018,Kitsap,WA,Truck,1,0,1,53361,53362,0.00
April 30 2025,Harford,MD,Passenger,2,0,2,41,43,4.65
February 29 2020,Kittitas,WA,Passenger,94,49,143,30000,30143,0.47
January 31 2024,Benton,WA,Truck,37,0,37,42898,42935,0.09
May 31 2022,Ventura,CA,Passenger,1,2,3,277,280,1.07
October 31 2024,Kane,IL,Passenger,1,0,1,8,9,11.11
October 31 2024,Hardin,KY,Truck,1,0,1,19,20,5.00
May 31 2021,Lee,FL,Passenger,1,0,1,49,50,2.00
April 30 2023,Wise,TX,Passenger,2,0,2,10,12,16.67
June 30 2021,Carson City,NV,Passenger,1,0,1,13,14,7.14
June 30 2021,Dakota,MN,Passenger,0,1,1,28,29,3.45
September 30 2022,Washtenaw,MI,Passenger,0,1,1,34,35,2.86
January 31 2022,St. Clair,IL,Passenger,1,0,1,136,137,0.73
September 30 2018,Whatcom,WA,Passenger,667,333,1000,148431,149431,0.67
December 31 2023,Alameda,CA,Passenger,9,2,11,197,208,5.29
February 28 2022,Greene,MO,Passenger,0,1,1,35,36,2.78
May 31 2023,Meade,KY,Passenger,1,0,1,18,19,5.26
December 31 2017,Pacific,WA,Truck,0,0,0,7541,7541,0.00
October 31 2017,Whatcom,WA,Passenger,510,201,711,144237,144948,0.49
May 31 2022,Wise,TX,Passenger,2,0,2,10,12,16.67
February 28 2018,Douglas,WA,Truck,0,0,0,11810,11810,0.00
July 31 2017,Sangamon,IL,Passenger,1,0,1,11,12,8.33
May 31 2020,Cowlitz,WA,Passenger,136,115,251,72337,72588,0.35
April 30 2018,Maui,HI,Passenger,1,0,1,60,61,1.64
November 30 2018,Pacific,WA,Truck,0,0,0,7604,7604,0.00
April 30 2019,Orange,CA,Passenger,7,1,8,570,578,1.38
August 31 2024,Rockingham,NH,Passenger,2,0,2,15,17,11.76
June 30 2018,Wise,TX,Passenger,1,0,1,5,6,16.67
June 30 2017,Palm Beach,FL,Passenger,0,2,2,101,103,1.94
January 31 2024,Benton,WA,Passenger,1437,673,2110,135339,137449,1.54
November 30 2018,Pacific,WA,Passenger,20,23,43,15800,15843,0.27
October 31 2021,Charleston,SC,Passenger,1,1,2,93,95,2.11
April 30 2024,Harnett,NC,Passenger,4,1,5,145,150,3.33
April 30 2021,Cowlitz,WA,Passenger,211,134,345,72478,72823,0.47
March 31 2018,Hamilton,TN,Passenger,1,0,1,24,25,4.00
October 31 2021,Maricopa,AZ,Passenger,14,5,19,1423,1442,1.32
June 30 2020,Spokane,WA,Passenger,730,485,1215,315130,316345,0.38
February 28 2025,Hartford,CT,Passenger,1,0,1,18,19,5.26
October 31 2023,Montgomery,PA,Passenger,1,0,1,27,28,3.57
September 30 2019,Yakima,WA,Passenger,112,113,225,165579,165804,0.14
December 31 2019,Charleston,SC,Passenger,1,0,1,114,115,0.87
December 31 2023,King,WA,Truck,1059,2,1061,172554,173615,0.61
November 30 2022,Danville,VA,Passenger,1,0,1,0,1,100.00
May 31 2023,Klickitat,WA,Passenger,143,65,208,15126,15334,1.36
March 31 2024,Kitsap,WA,Truck,125,0,125,51413,51538,0.24
October 31 2018,Essex,MA,Passenger,1,0,1,29,30,3.33
February 28 2025,DeKalb,GA,Truck,1,0,1,1,2,50.00
June 30 2021,Carroll,NH,Passenger,0,1,1,3,4,25.00
June 30 2019,Davidson,TN,Passenger,1,0,1,86,87,1.15
March 31 2022,Baltimore,MD,Passenger,2,0,2,94,96,2.08
June 30 2017,Douglas,WA,Truck,0,0,0,11529,11529,0.00
October 31 2019,Virginia Beach,VA,Passenger,1,0,1,707,708,0.14
April 30 2022,Lee,FL,Passenger,1,0,1,46,47,2.13
January 31 2017,Skamania,WA,Passenger,7,7,14,8544,8558,0.16
March 31 2020,Chesapeake,VA,Passenger,0,1,1,440,441,0.23
June 30 2024,Monroe,WI,Passenger,1,0,1,8,9,11.11
July 31 2020,Carson City,NV,Passenger,1,0,1,12,13,7.69
January 31 2022,Cook,IL,Passenger,3,0,3,240,243,1.23
January 31 2018,Yakima,WA,Truck,0,0,0,58092,58092,0.00
May 31 2021,Louisa,VA,Passenger,0,1,1,1,2,50.00
June 30 2024,Houston,GA,Passenger,1,0,1,32,33,3.03
January 31 2017,Pacific,WA,Truck,0,0,0,7507,7507,0.00
May 31 2024,Otero,NM,Passenger,0,1,1,20,21,4.76
August 31 2023,Okanogan,WA,Passenger,135,67,202,26055,26257,0.77
August 31 2017,Kitsap,WA,Truck,1,0,1,52565,52566,0.00
June 30 2018,Travis,TX,Passenger,1,0,1,206,207,0.48
February 28 2021,Franklin,WA,Truck,0,0,0,20497,20497,0.00
October 31 2020,Honolulu,HI,Passenger,5,3,8,489,497,1.61
September 30 2019,Norfolk,MA,Passenger,1,0,1,40,41,2.44
September 30 2020,Jefferson,WA,Passenger,258,149,407,24702,25109,1.62
August 31 2023,Providence,RI,Passenger,1,0,1,20,21,4.76
August 31 2020,Okanogan,WA,Passenger,39,34,73,25957,26030,0.28
June 30 2024,Carroll,MD,Passenger,0,1,1,16,17,5.88
February 29 2020,Hennepin,MN,Passenger,3,1,4,117,121,3.31
February 29 2020,Montgomery,AL,Passenger,1,1,2,37,39,5.13
May 31 2018,Charles,MD,Passenger,0,1,1,86,87,1.15
June 30 2020,Richland,SC,Passenger,0,1,1,154,155,0.65
May 31 2023,Washtenaw,MI,Passenger,0,2,2,31,33,6.06
February 28 2021,Jones,GA,Passenger,1,0,1,0,1,100.00
February 29 2024,Fredericksburg,VA,Passenger,1,0,1,5,6,16.67
May 31 2022,Kittitas,WA,Truck,1,0,1,14671,14672,0.01
June 30 2023,Clallam,WA,Truck,18,0,18,21732,21750,0.08
February 28 2018,Clark,WA,Truck,0,0,0,78522,78522,0.00
November 30 2020,Mohave,AZ,Passenger,1,0,1,82,83,1.20
March 31 2021,Twin Falls,ID,Passenger,0,1,1,24,25,4.00
May 31 2020,Columbia,OR,Passenger,1,0,1,27,28,3.57
July 31 2022,DuPage,IL,Passenger,4,1,5,56,61,8.20
January 31 2025,Washoe,NV,Passenger,4,0,4,46,50,8.00
October 31 2020,Ulster,NY,Passenger,1,0,1,15,16,6.25
June 30 2023,Snohomish,WA,Passenger,12624,3063,15687,527049,542736,2.89
March 31 2022,Sedgwick,KS,Passenger,0,1,1,89,90,1.11
December 31 2018,Honolulu,HI,Passenger,1,3,4,533,537,0.74
March 31 2020,Clallam,WA,Passenger,214,166,380,50621,51001,0.75
September 30 2020,RÃ­o Grande,PR,Passenger,1,0,1,0,1,100.00
August 31 2020,Williams,ND,Passenger,0,1,1,11,12,8.33
December 31 2018,Yakima,WA,Truck,0,0,0,58829,58829,0.00
February 28 2022,Suffolk,MA,Passenger,1,2,3,33,36,8.33
July 31 2024,Clallam,WA,Passenger,781,365,1146,48595,49741,2.30
April 30 2023,DuPage,IL,Passenger,5,1,6,40,46,13.04
December 31 2017,Prince William,VA,Passenger,0,4,4,265,269,1.49
May 31 2022,Howard,MD,Passenger,0,2,2,70,72,2.78
July 31 2024,Stevens,WA,Passenger,157,82,239,29463,29702,0.80
November 30 2023,Tompkins,NY,Passenger,1,0,1,14,15,6.67
June 30 2023,Allen,IN,Passenger,1,0,1,12,13,7.69
May 31 2024,Spokane,WA,Passenger,3279,1607,4886,320951,325837,1.50
September 30 2023,Yellowstone,MT,Passenger,0,1,1,23,24,4.17
April 30 2020,Ventura,CA,Passenger,0,2,2,316,318,0.63
April 30 2025,Otero,NM,Passenger,0,1,1,16,17,5.88
November 30 2021,Virginia Beach,VA,Passenger,1,0,1,613,614,0.16
November 30 2019,Alexandria,VA,Passenger,1,0,1,145,146,0.68
July 31 2018,Flathead,MT,Passenger,1,0,1,59,60,1.67
March 31 2025,Lewis,WA,Truck,27,0,27,25622,25649,0.11
October 31 2019,Richland,SC,Passenger,0,1,1,154,155,0.65
June 30 2021,Whatcom,WA,Truck,4,0,4,43868,43872,0.01
May 31 2017,Lane,OR,Passenger,0,1,1,250,251,0.40
May 31 2018,Montgomery,PA,Passenger,2,0,2,37,39,5.13
March 31 2021,Vigo,IN,Passenger,1,0,1,5,6,16.67
May 31 2022,Arapahoe,CO,Passenger,0,1,1,97,98,1.02
October 31 2022,Pacific,WA,Truck,1,0,1,7856,7857,0.01
March 31 2024,Charlottesville,VA,Passenger,0,3,3,5,8,37.50
July 31 2024,Geary,KS,Passenger,1,0,1,69,70,1.43
July 31 2024,Columbia,WA,Passenger,9,0,9,2401,2410,0.37
June 30 2020,Adams,WA,Truck,0,0,0,5259,5259,0.00
October 31 2018,San Francisco,CA,Passenger,1,2,3,118,121,2.48
November 30 2022,Columbia,WA,Truck,0,0,0,1582,1582,0.00
February 28 2022,Vigo,IN,Passenger,1,0,1,5,6,16.67
December 31 2024,Churchill,NV,Passenger,0,1,1,37,38,2.63
July 31 2019,Tarrant,TX,Passenger,3,0,3,218,221,1.36
February 29 2024,Liberty,GA,Passenger,0,1,1,105,106,0.94
January 31 2019,Klickitat,WA,Passenger,28,32,60,15480,15540,0.39
January 31 2021,Goochland,VA,Passenger,4,3,7,283,290,2.41
May 31 2021,Prince William,VA,Passenger,1,3,4,216,220,1.82
May 31 2023,Richmond,NY,Passenger,1,0,1,3,4,25.00
January 31 2017,Pacific,WA,Passenger,5,6,11,15022,15033,0.07
December 31 2019,Manassas,VA,Passenger,0,1,1,7,8,12.50
May 31 2019,Harris,TX,Passenger,0,1,1,297,298,0.34
October 31 2022,Grays Harbor,WA,Truck,2,0,2,21059,21061,0.01
December 31 2024,Kauai,HI,Passenger,0,1,1,17,18,5.56
August 31 2020,Nassau,NY,Passenger,5,0,5,36,41,12.20
December 31 2020,King,WA,Truck,6,1,7,184217,184224,0.00
September 30 2018,Cowlitz,WA,Truck,0,0,0,28595,28595,0.00
October 31 2017,Lewis,WA,Truck,0,0,0,25213,25213,0.00
October 31 2024,Cook,IL,Passenger,2,2,4,178,182,2.20
November 30 2022,Okaloosa,FL,Passenger,0,3,3,109,112,2.68
October 31 2021,Fairbanks North Star,AK,Passenger,0,1,1,85,86,1.16
October 31 2021,San Luis Obispo,CA,Passenger,1,0,1,74,75,1.33
February 28 2025,Allen,IN,Passenger,1,1,2,5,7,28.57
February 28 2025,Kitsap,WA,Truck,241,0,241,51256,51497,0.47
November 30 2020,Washington,OR,Passenger,1,0,1,460,461,0.22
September 30 2022,San Luis Obispo,CA,Passenger,1,1,2,69,71,2.82
May 31 2023,Hamilton,OH,Truck,1,0,1,3,4,25.00
September 30 2022,Charleston,SC,Passenger,1,2,3,70,73,4.11
May 31 2017,Canyon,ID,Passenger,0,1,1,112,113,0.88
February 28 2019,Albemarle,VA,Passenger,1,0,1,26,27,3.70
December 31 2017,Pacific,WA,Passenger,15,13,28,15395,15423,0.18
May 31 2018,Kitsap,WA,Passenger,780,453,1233,177800,179033,0.69
March 31 2021,Mason,WA,Truck,0,0,0,21147,21147,0.00
January 31 2023,Jackson,OK,Passenger,0,1,1,41,42,2.38
April 30 2017,Island,WA,Passenger,108,129,237,59722,59959,0.40
February 28 2023,Sedgwick,KS,Passenger,0,1,1,79,80,1.25
June 30 2020,Eagle,CO,Passenger,1,0,1,7,8,12.50
October 31 2017,Spokane,WA,Truck,1,0,1,91304,91305,0.00
November 30 2022,Clark,WA,Truck,39,0,39,81860,81899,0.05
December 31 2021,Geary,KS,Passenger,1,0,1,99,100,1.00
July 31 2020,Columbia,WA,Passenger,4,3,7,2419,2426,0.29
February 28 2025,Kern,CA,Passenger,2,0,2,154,156,1.28
August 31 2022,Geary,KS,Passenger,1,0,1,85,86,1.16
March 31 2020,Wahkiakum,WA,Passenger,6,5,11,3006,3017,0.36
September 30 2019,Prince William,VA,Passenger,1,4,5,239,244,2.05
October 31 2023,San Juan,WA,Passenger,661,190,851,13715,14566,5.84
April 30 2021,Portsmouth,VA,Passenger,0,1,1,79,80,1.25
May 31 2024,Harford,MD,Passenger,2,1,3,49,52,5.77
April 30 2018,Deschutes,OR,Passenger,1,0,1,186,187,0.53
March 31 2022,Duval,FL,Passenger,0,2,2,328,330,0.61
April 30 2022,Williams,ND,Passenger,0,1,1,9,10,10.00
July 31 2020,Suffolk,MA,Passenger,0,2,2,42,44,4.55
July 31 2024,Pacific,WA,Passenger,117,112,229,15523,15752,1.45
May 31 2025,Orange,NY,Passenger,1,1,2,34,36,5.56
March 31 2023,Norfolk,VA,Passenger,2,2,4,292,296,1.35
November 30 2024,Douglas,WA,Truck,22,0,22,13000,13022,0.17
February 29 2024,Hudson,NJ,Passenger,2,0,2,30,32,6.25
January 31 2020,Osceola,FL,Passenger,1,0,1,47,48,2.08
March 31 2021,Putnam,TN,Passenger,0,1,1,3,4,25.00
August 31 2022,Washington,WI,Passenger,1,0,1,1,2,50.00
March 31 2021,Fulton,GA,Passenger,0,3,3,94,97,3.09
December 31 2022,Hillsborough,FL,Passenger,1,1,2,144,146,1.37
March 31 2020,Pierce,WA,Passenger,2309,1692,4001,550519,554520,0.72
March 31 2021,Stevens,WA,Truck,0,0,0,18775,18775,0.00
February 28 2025,Suffolk,VA,Passenger,1,1,2,84,86,2.33
August 31 2017,Flathead,MT,Passenger,1,0,1,65,66,1.52
November 30 2018,Monroe,IL,Passenger,1,0,1,3,4,25.00
January 31 2023,Orange,FL,Passenger,3,0,3,97,100,3.00
June 30 2024,Platte,MO,Passenger,2,1,3,13,16,18.75
April 30 2021,Davidson,TN,Passenger,1,0,1,78,79,1.27
January 31 2025,Harris,TX,Passenger,1,2,3,121,124,2.42
October 31 2023,Madison,IL,Passenger,2,0,2,16,18,11.11
December 31 2022,Lincoln,WA,Truck,0,0,0,4827,4827,0.00
June 30 2018,Whitman,WA,Passenger,19,28,47,22594,22641,0.21
September 30 2023,Gwinnett,GA,Passenger,1,0,1,58,59,1.69
December 31 2020,Kings,NY,Passenger,1,0,1,69,70,1.43
June 30 2021,Tarrant,TX,Passenger,2,0,2,171,173,1.16
November 30 2021,Bexar,TX,Passenger,2,4,6,555,561,1.07
May 31 2022,Sarpy,NE,Passenger,1,0,1,66,67,1.49
June 30 2021,Whatcom,WA,Passenger,1419,600,2019,150631,152650,1.32
April 30 2024,Burlington,NJ,Passenger,0,1,1,75,76,1.32
March 31 2023,Tooele,UT,Passenger,1,0,1,11,12,8.33
July 31 2023,Whatcom,WA,Passenger,2560,905,3465,147622,151087,2.29
November 30 2020,Juneau,AK,Passenger,0,1,1,31,32,3.12
April 30 2021,Wahkiakum,WA,Truck,0,0,0,1802,1802,0.00
January 31 2025,El Paso,TX,Passenger,2,2,4,270,274,1.46
October 31 2023,Pulaski,MO,Passenger,2,0,2,106,108,1.85
January 31 2018,Virginia Beach,VA,Passenger,2,1,3,672,675,0.44
January 31 2021,Sarasota,FL,Passenger,2,0,2,42,44,4.55
September 30 2022,Plaquemines,LA,Passenger,1,1,2,19,21,9.52
August 31 2024,Alexandria,VA,Passenger,3,0,3,90,93,3.23
September 30 2019,Clark,NV,Passenger,5,3,8,761,769,1.04
June 30 2023,Columbia,OR,Passenger,1,0,1,19,20,5.00
May 31 2023,Snohomish,WA,Truck,161,0,161,121404,121565,0.13
November 30 2022,Geary,KS,Passenger,1,0,1,83,84,1.19
July 31 2020,Pacific,WA,Passenger,33,33,66,15743,15809,0.42
August 31 2023,Marion,IN,Passenger,1,0,1,35,36,2.78
February 28 2019,Klamath,OR,Passenger,1,0,1,43,44,2.27
December 31 2022,Ferry,WA,Truck,0,0,0,3549,3549,0.00
March 31 2019,Orange,FL,Passenger,1,0,1,174,175,0.57
September 30 2023,Grays Harbor,WA,Truck,9,0,9,20800,20809,0.04
September 30 2017,Kitsap,WA,Passenger,653,346,999,174248,175247,0.57
April 30 2025,Marin,CA,Passenger,1,2,3,31,34,8.82
May 31 2017,Tulare,CA,Passenger,1,0,1,194,195,0.51
March 31 2024,Isle of Wight,VA,Passenger,0,1,1,17,18,5.56
November 30 2020,Washoe,NV,Passenger,1,0,1,114,115,0.87
January 31 2024,Spotsylvania,VA,Passenger,1,1,2,27,29,6.90
July 31 2020,Harnett,NC,Passenger,1,0,1,210,211,0.47
January 31 2021,Walla Walla,WA,Truck,0,0,0,13885,13885,0.00
February 29 2024,Kent,DE,Passenger,1,0,1,43,44,2.27
April 30 2022,Anchorage,AK,Passenger,2,0,2,154,156,1.28
August 31 2022,Baltimore,MD,Passenger,1,0,1,87,88,1.14
October 31 2024,James City,VA,Passenger,1,0,1,28,29,3.45
April 30 2023,Whatcom,WA,Truck,52,0,52,42749,42801,0.12
February 28 2022,Sacramento,CA,Passenger,1,1,2,255,257,0.78
November 30 2018,Shelby,TN,Passenger,0,1,1,110,111,0.90
May 31 2023,Calvert,MD,Passenger,1,2,3,83,86,3.49
February 29 2020,Los Angeles,CA,Passenger,8,12,20,1115,1135,1.76
July 31 2021,Wahkiakum,WA,Passenger,15,8,23,3085,3108,0.74
January 31 2024,Kauai,HI,Passenger,0,1,1,18,19,5.26
November 30 2021,Grays Harbor,WA,Truck,0,0,0,21409,21409,0.00
September 30 2018,Ferry,WA,Passenger,2,2,4,4403,4407,0.09
March 31 2021,Klamath,OR,Passenger,1,0,1,36,37,2.70
January 31 2021,Bartow,GA,Passenger,0,1,1,5,6,16.67
November 30 2020,Charleston,SC,Passenger,2,0,2,98,100,2.00
February 28 2025,Henrico,VA,Passenger,0,2,2,12,14,14.29
November 30 2017,Grant,WA,Passenger,24,33,57,61882,61939,0.09
January 31 2023,Deschutes,OR,Passenger,2,0,2,110,112,1.79
September 30 2022,Hillsborough,FL,Passenger,1,1,2,148,150,1.33
October 31 2021,Washington,OR,Passenger,1,0,1,409,410,0.24
January 31 2017,Collier,FL,Passenger,1,1,2,27,29,6.90
March 31 2023,San Diego,CA,Passenger,23,7,30,2455,2485,1.21
May 31 2021,San Bernardino,CA,Passenger,1,0,1,413,414,0.24
September 30 2022,Pend Oreille,WA,Truck,0,0,0,5621,5621,0.00
June 30 2020,Douglas,WA,Passenger,71,40,111,27984,28095,0.40
February 28 2023,Fairfax,VA,Passenger,10,3,13,660,673,1.93
November 30 2022,Montgomery,PA,Passenger,1,0,1,27,28,3.57
September 30 2021,Whatcom,WA,Passenger,1540,639,2179,150301,152480,1.43
November 30 2021,Walla Walla,WA,Passenger,137,83,220,36339,36559,0.60
May 31 2022,Los Angeles,CA,Passenger,8,8,16,917,933,1.71
October 31 2021,Adams,WA,Passenger,16,14,30,13013,13043,0.23
March 31 2017,Anne Arundel,MD,Passenger,0,1,1,504,505,0.20
October 31 2017,Howard,MD,Passenger,0,2,2,89,91,2.20
July 31 2022,Grays Harbor,WA,Truck,2,0,2,21209,21211,0.01
May 31 2018,Yakima,WA,Passenger,62,84,146,163597,163743,0.09
August 31 2020,San Joaquin,CA,Passenger,1,0,1,135,136,0.74
October 31 2020,Island,WA,Truck,1,0,1,21242,21243,0.00
July 31 2017,Maricopa,AZ,Passenger,1,1,2,1819,1821,0.11
February 29 2024,Davidson,TN,Passenger,1,0,1,47,48,2.08
April 30 2020,Fresno,CA,Passenger,2,0,2,206,208,0.96
October 31 2019,Grays Harbor,WA,Truck,0,0,0,20720,20720,0.00
February 28 2019,Hawaii,HI,Passenger,1,0,1,72,73,1.37
April 30 2021,Kittitas,WA,Passenger,152,58,210,29962,30172,0.70
July 31 2021,Davidson,TN,Passenger,1,0,1,78,79,1.27
February 28 2023,Chelan,WA,Passenger,564,152,716,54190,54906,1.30
April 30 2024,Sarasota,FL,Passenger,1,0,1,29,30,3.33
July 31 2017,Lewis,WA,Truck,0,0,0,24924,24924,0.00
January 31 2021,Ferry,WA,Passenger,9,3,12,4341,4353,0.28
November 30 2023,Clallam,WA,Passenger,653,311,964,48920,49884,1.93
January 31 2020,Clay,FL,Passenger,0,1,1,96,97,1.03
March 31 2019,Ramsey,MN,Passenger,1,0,1,46,47,2.13
October 31 2020,Chelan,WA,Truck,0,0,0,22748,22748,0.00
November 30 2018,Okanogan,WA,Truck,0,0,0,16491,16491,0.00
May 31 2025,Clay,FL,Passenger,1,0,1,49,50,2.00
November 30 2020,Nueces,TX,Passenger,1,0,1,91,92,1.09
October 31 2023,District of Columbia,DC,Passenger,2,0,2,153,155,1.29
April 30 2021,Ramsey,MN,Passenger,1,0,1,38,39,2.56
January 31 2020,Stafford,VA,Passenger,1,1,2,103,105,1.90
January 31 2021,Garfield,WA,Truck,0,0,0,1000,1000,0.00
March 31 2025,Providence,RI,Passenger,1,0,1,17,18,5.56
January 31 2022,Island,WA,Passenger,733,342,1075,62143,63218,1.70
November 30 2018,Lee,AL,Passenger,1,0,1,36,37,2.70
August 31 2023,Adams,CO,Passenger,1,0,1,34,35,2.86
June 30 2018,Fairfax,VA,Passenger,3,1,4,834,838,0.48
January 31 2020,Alameda,CA,Passenger,4,1,5,303,308,1.62
May 31 2024,Thurston,WA,Truck,132,0,132,53141,53273,0.25
November 30 2019,Wahkiakum,WA,Passenger,4,3,7,3038,3045,0.23
April 30 2018,Wise,TX,Passenger,1,0,1,4,5,20.00
March 31 2024,Allegheny,PA,Passenger,4,0,4,60,64,6.25
June 30 2023,Burlington,NJ,Passenger,2,2,4,92,96,4.17
July 31 2022,Marion,OR,Passenger,1,0,1,115,116,0.86
January 31 2023,Shasta,CA,Passenger,1,0,1,29,30,3.33
May 31 2022,Middlesex,NJ,Passenger,1,0,1,26,27,3.70
January 31 2022,Philadelphia,PA,Passenger,1,0,1,52,53,1.89
March 31 2024,Santa Cruz,AZ,Passenger,1,0,1,4,5,20.00
September 30 2022,Clark,WA,Truck,19,0,19,82136,82155,0.02
July 31 2019,Lake,CA,Passenger,0,1,1,11,12,8.33
January 31 2022,Okaloosa,FL,Passenger,0,1,1,121,122,0.82
October 31 2021,Danville,VA,Passenger,1,0,1,0,1,100.00
March 31 2025,New London,CT,Passenger,3,5,8,156,164,4.88
July 31 2020,St. Mary's,MD,Passenger,1,0,1,232,233,0.43
January 31 2024,Stevens,WA,Passenger,144,73,217,29442,29659,0.73
June 30 2024,Sacramento,CA,Passenger,2,1,3,162,165,1.82
October 31 2018,King,WA,Passenger,15027,6217,21244,1375232,1396476,1.52
January 31 2017,Fulton,GA,Passenger,1,2,3,137,140,2.14
April 30 2018,Asotin,WA,Truck,0,0,0,6590,6590,0.00
August 31 2022,Asotin,WA,Passenger,24,18,42,12549,12591,0.33
October 31 2024,Clatsop,OR,Passenger,1,0,1,34,35,2.86
April 30 2018,San Mateo,CA,Passenger,1,1,2,138,140,1.43
March 31 2022,Adams,WA,Truck,0,0,0,5485,5485,0.00
December 31 2018,Skamania,WA,Passenger,16,13,29,8724,8753,0.33
October 31 2019,Duval,FL,Passenger,1,2,3,382,385,0.78
February 28 2018,Lewis,WA,Truck,0,0,0,25272,25272,0.00
November 30 2021,Hamilton,IN,Passenger,3,0,3,36,39,7.69
June 30 2017,Arlington,VA,Passenger,1,1,2,179,181,1.10
January 31 2020,Hillsborough,FL,Passenger,0,1,1,200,201,0.50
May 31 2021,Danville,VA,Passenger,1,0,1,0,1,100.00
April 30 2025,Howard,MD,Passenger,1,2,3,48,51,5.88
August 31 2023,Sonoma,CA,Passenger,3,1,4,71,75,5.33
October 31 2017,Yakima,WA,Passenger,57,72,129,160960,161089,0.08
September 30 2017,Snohomish,WA,Truck,1,0,1,121500,121501,0.00
November 30 2023,Onslow,NC,Passenger,0,1,1,141,142,0.70
November 30 2023,Stafford,VA,Passenger,3,0,3,77,80,3.75
May 31 2024,Charlottesville,VA,Passenger,0,3,3,5,8,37.50
April 30 2020,Columbia,OR,Passenger,1,0,1,25,26,3.85
April 30 2022,Mason,WA,Passenger,291,174,465,47426,47891,0.97
September 30 2020,Montgomery,AL,Passenger,1,1,2,38,40,5.00
February 28 2025,Santa Clara,CA,Passenger,14,6,20,162,182,10.99
June 30 2023,Marion,OR,Passenger,1,0,1,97,98,1.02
March 31 2021,Chelan,WA,Passenger,304,95,399,54506,54905,0.73
April 30 2023,Maricopa,AZ,Passenger,20,5,25,1035,1060,2.36
October 31 2022,Orange,NY,Passenger,0,1,1,49,50,2.00
August 31 2018,Pierce,WA,Passenger,1303,1225,2528,534537,537065,0.47
October 31 2022,Douglas,NE,Passenger,2,3,5,42,47,10.64
July 31 2021,,,Passenger,4,2,6,381,387,1.55
August 31 2021,Howard,IN,Passenger,0,1,1,5,6,16.67
February 28 2023,Fairfax,VA,Truck,1,0,1,97,98,1.02
April 30 2023,Clallam,WA,Truck,16,0,16,21734,21750,0.07
September 30 2019,King,WA,Passenger,20402,7282,27684,1393547,1421231,1.95
May 31 2024,Geary,KS,Passenger,1,0,1,70,71,1.41
July 31 2021,Ulster,NY,Passenger,1,0,1,15,16,6.25
October 31 2022,Cook,IL,Passenger,3,1,4,231,235,1.70
April 30 2019,Juneau,AK,Passenger,0,2,2,38,40,5.00
December 31 2020,Island,WA,Passenger,507,289,796,62757,63553,1.25
January 31 2022,Hanover,VA,Passenger,1,0,1,3,4,25.00
July 31 2022,San Luis Obispo,CA,Passenger,1,1,2,70,72,2.78
March 31 2025,Yakima,WA,Passenger,1092,438,1530,166360,167890,0.91
November 30 2023,Kittitas,WA,Truck,19,0,19,14605,14624,0.13
May 31 2020,Loudoun,VA,Passenger,1,0,1,89,90,1.11
June 30 2017,Polk,FL,Passenger,1,0,1,69,70,1.43
January 31 2020,Lewis,WA,Truck,0,0,0,26093,26093,0.00
June 30 2022,Anchorage,AK,Passenger,2,0,2,149,151,1.32
April 30 2019,Yakima,WA,Truck,0,0,0,58928,58928,0.00
January 31 2025,Duval,FL,Passenger,3,1,4,204,208,1.92
November 30 2020,Utah,UT,Passenger,0,1,1,149,150,0.67
March 31 2023,Chatham,NC,Passenger,1,0,1,7,8,12.50
July 31 2019,Island,WA,Passenger,328,244,572,63362,63934,0.89
June 30 2018,Adams,WA,Truck,0,0,0,5160,5160,0.00
September 30 2024,Klickitat,WA,Passenger,235,96,331,15232,15563,2.13
March 31 2024,Los Angeles,CA,Passenger,16,4,20,677,697,2.87
April 30 2024,Marin,CA,Passenger,3,2,5,38,43,11.63
December 31 2018,Alameda,CA,Passenger,0,2,2,338,340,0.59
December 31 2024,Columbia,GA,Passenger,1,1,2,78,80,2.50
May 31 2024,Escambia,FL,Passenger,1,1,2,125,127,1.57
August 31 2023,Prince William,VA,Passenger,0,4,4,165,169,2.37
January 31 2022,Asotin,WA,Truck,0,0,0,6722,6722,0.00
May 31 2022,Klickitat,WA,Passenger,98,55,153,15211,15364,1.00
March 31 2024,Hillsborough,FL,Passenger,3,1,4,118,122,3.28
December 31 2021,,,Passenger,5,3,8,352,360,2.22
February 28 2018,Klickitat,WA,Passenger,25,27,52,14940,14992,0.35
May 31 2020,Carroll,NH,Passenger,0,1,1,3,4,25.00
December 31 2021,Lake,IL,Passenger,4,0,4,161,165,2.42
October 31 2023,Placer,CA,Passenger,2,0,2,78,80,2.50
October 31 2022,Lincoln,WA,Passenger,12,17,29,7711,7740,0.37
June 30 2019,Hennepin,MN,Passenger,2,1,3,119,122,2.46
June 30 2019,Whatcom,WA,Passenger,853,425,1278,150601,151879,0.84
January 31 2023,Whatcom,WA,Truck,37,0,37,42916,42953,0.09
April 30 2019,Broward,FL,Passenger,2,1,3,130,133,2.26
December 31 2019,Twin Falls,ID,Passenger,0,1,1,30,31,3.23
May 31 2025,Montgomery,AL,Passenger,1,1,2,24,26,7.69
November 30 2021,Skamania,WA,Truck,0,0,0,3999,3999,0.00
September 30 2023,Maricopa,AZ,Passenger,17,5,22,943,965,2.28
March 31 2019,Grant,WA,Passenger,34,55,89,64190,64279,0.14
December 31 2022,Miami-Dade,FL,Passenger,1,0,1,92,93,1.08
September 30 2020,New York,NY,Passenger,4,0,4,65,69,5.80
April 30 2025,Geary,KS,Passenger,1,0,1,59,60,1.67
February 29 2024,Nassau,NY,Passenger,2,0,2,26,28,7.14
November 30 2024,Wise,TX,Passenger,2,0,2,3,5,40.00
April 30 2024,Muscogee,GA,Passenger,2,2,4,107,111,3.60
April 30 2025,District of Columbia,DC,Passenger,5,1,6,132,138,4.35
May 31 2022,Cook,IL,Passenger,3,0,3,245,248,1.21
February 28 2017,Okanogan,WA,Passenger,3,15,18,25668,25686,0.07
June 30 2023,San Luis Obispo,CA,Passenger,1,1,2,58,60,3.33
October 31 2019,Oldham,KY,Passenger,0,1,1,5,6,16.67
July 31 2023,Asotin,WA,Passenger,37,23,60,12304,12364,0.49
March 31 2017,San Juan,WA,Passenger,88,34,122,13416,13538,0.90
November 30 2023,Pima,AZ,Passenger,2,0,2,215,217,0.92
August 31 2020,Ulster,NY,Passenger,1,0,1,15,16,6.25
March 31 2020,Putnam,TN,Passenger,0,1,1,5,6,16.67
March 31 2021,Howard,IN,Passenger,0,1,1,4,5,20.00
June 30 2021,St. Mary's,MD,Passenger,1,0,1,231,232,0.43
August 31 2024,York,VA,Passenger,2,0,2,66,68,2.94
December 31 2024,Otero,NM,Passenger,0,1,1,16,17,5.88
January 31 2025,Clark,NV,Passenger,8,2,10,421,431,2.32
April 30 2021,Missoula,MT,Passenger,1,0,1,71,72,1.39
February 29 2024,Whitman,WA,Truck,10,0,10,8624,8634,0.12
May 31 2019,King,WA,Truck,5,1,6,181826,181832,0.00
May 31 2023,Chesterfield,VA,Passenger,1,0,1,45,46,2.17
August 31 2019,San Diego,CA,Passenger,12,4,16,2743,2759,0.58
November 30 2024,San Luis Obispo,CA,Passenger,0,2,2,41,43,4.65
February 28 2022,Leavenworth,KS,Passenger,1,2,3,95,98,3.06
October 31 2022,Cumberland,NC,Passenger,1,4,5,383,388,1.29
November 30 2019,Lee,FL,Passenger,1,0,1,58,59,1.69
September 30 2024,Cumberland,PA,Passenger,1,0,1,45,46,2.17
November 30 2023,New London,CT,Passenger,2,4,6,186,192,3.12
November 30 2021,Vigo,IN,Passenger,1,0,1,5,6,16.67
November 30 2022,Muscogee,GA,Passenger,1,2,3,140,143,2.10
August 31 2018,St. Mary's,MD,Passenger,1,0,1,221,222,0.45
March 31 2018,Latah,ID,Passenger,0,1,1,83,84,1.19
January 31 2021,Montgomery,MD,Passenger,1,0,1,247,248,0.40
June 30 2024,Marion,OR,Passenger,1,0,1,68,69,1.45
August 31 2020,Manassas,VA,Passenger,0,1,1,6,7,14.29
May 31 2017,DeKalb,GA,Passenger,1,0,1,85,86,1.16
October 31 2021,Whitman,WA,Truck,0,0,0,8549,8549,0.00
June 30 2024,Pinal,AZ,Passenger,3,1,4,90,94,4.26
August 31 2023,Skamania,WA,Passenger,116,56,172,8058,8230,2.09
May 31 2023,Onslow,NC,Passenger,0,1,1,150,151,0.66
April 30 2022,Flathead,MT,Passenger,1,0,1,52,53,1.89
February 28 2018,Contra Costa,CA,Passenger,0,1,1,460,461,0.22
July 31 2022,Stafford,VA,Passenger,2,1,3,95,98,3.06
August 31 2019,Contra Costa,CA,Passenger,2,2,4,358,362,1.10
September 30 2019,Island,WA,Truck,0,0,0,21261,21261,0.00
October 31 2024,Brown,WI,Passenger,1,0,1,3,4,25.00
October 31 2023,Jefferson,WA,Truck,12,0,12,9264,9276,0.13
December 31 2018,Clark,NV,Passenger,3,3,6,783,789,0.76
April 30 2020,Owyhee,ID,Passenger,1,0,1,3,4,25.00
August 31 2018,Walla Walla,WA,Truck,0,0,0,13495,13495,0.00
May 31 2019,Jefferson,WA,Passenger,191,119,310,24975,25285,1.23
October 31 2019,Wahkiakum,WA,Passenger,4,3,7,3050,3057,0.23
March 31 2025,Portsmouth,VA,Passenger,0,2,2,56,58,3.45
October 31 2021,St. Louis,MO,Passenger,1,0,1,81,82,1.22
October 31 2023,Dallas,TX,Passenger,2,0,2,98,100,2.00
November 30 2018,Broward,FL,Passenger,2,1,3,136,139,2.16
July 31 2021,Carroll,MD,Passenger,0,1,1,19,20,5.00
January 31 2022,Placer,CA,Passenger,2,0,2,92,94,2.13
November 30 2021,Island,WA,Passenger,701,340,1041,62551,63592,1.64
March 31 2017,Snohomish,WA,Truck,1,0,1,122173,122174,0.00
September 30 2019,Bexar,TX,Passenger,0,5,5,684,689,0.73
May 31 2024,Stafford,VA,Passenger,3,0,3,69,72,4.17
March 31 2023,Snohomish,WA,Truck,133,0,133,121812,121945,0.11
April 30 2025,Arapahoe,CO,Passenger,1,1,2,45,47,4.26
May 31 2025,San Bernardino,CA,Passenger,5,0,5,270,275,1.82
October 31 2023,Medina,TX,Passenger,1,0,1,6,7,14.29
September 30 2024,Snohomish,WA,Truck,504,0,504,119410,119914,0.42
October 31 2019,Shelby,OH,Passenger,0,1,1,2,3,33.33
August 31 2020,Carroll,MD,Passenger,0,1,1,16,17,5.88
April 30 2020,Rogers,OK,Passenger,1,0,1,11,12,8.33
November 30 2024,Madison,AL,Passenger,1,0,1,28,29,3.45
April 30 2017,Manassas,VA,Passenger,0,1,1,10,11,9.09
September 30 2017,Montgomery,MD,Passenger,1,0,1,314,315,0.32
April 30 2019,Island,WA,Truck,0,0,0,21218,21218,0.00
November 30 2020,Solano,CA,Passenger,1,0,1,216,217,0.46
September 30 2018,Collier,FL,Passenger,1,0,1,27,28,3.57
October 31 2023,Nassau,NY,Passenger,2,0,2,29,31,6.45
September 30 2022,Garfield,WA,Truck,0,0,0,965,965,0.00
December 31 2022,Stafford,VA,Passenger,3,1,4,92,96,4.17
February 29 2020,Placer,CA,Passenger,2,0,2,107,109,1.83
July 31 2021,Okanogan,WA,Truck,0,0,0,16736,16736,0.00
October 31 2023,Pend Oreille,WA,Truck,0,0,0,5578,5578,0.00
July 31 2024,Snohomish,WA,Passenger,19521,4145,23666,524511,548177,4.32
October 31 2020,Clark,NV,Passenger,4,3,7,753,760,0.92
March 31 2024,Santa Clara,CA,Passenger,21,8,29,219,248,11.69
April 30 2018,Sumter,FL,Passenger,0,1,1,10,11,9.09
March 31 2025,Columbia,WA,Truck,2,0,2,1557,1559,0.13
July 31 2019,Benton,WA,Truck,0,0,0,42050,42050,0.00
April 30 2025,Sacramento,CA,Passenger,1,0,1,125,126,0.79
April 30 2024,Prince George's,MD,Passenger,3,2,5,121,126,3.97
July 31 2017,Franklin,MA,Passenger,0,1,1,4,5,20.00
February 28 2022,Stevens,WA,Passenger,58,47,105,30028,30133,0.35
November 30 2017,Sacramento,CA,Passenger,1,1,2,331,333,0.60
June 30 2020,Lewis,WA,Truck,0,0,0,26209,26209,0.00
March 31 2025,Hamilton,OH,Passenger,2,0,2,35,37,5.41
March 31 2025,Ventura,CA,Passenger,3,2,5,204,209,2.39
June 30 2017,Marion,OR,Passenger,1,0,1,171,172,0.58
November 30 2022,Prince George's,MD,Passenger,3,1,4,146,150,2.67
January 31 2024,Franklin,OH,Passenger,1,0,1,57,58,1.72
June 30 2023,Doña Ana,NM,Passenger,1,0,1,16,17,5.88
December 31 2018,Pend Oreille,WA,Passenger,5,5,10,9527,9537,0.10
April 30 2018,Eagle,CO,Passenger,1,0,1,7,8,12.50
November 30 2022,Wayne,MI,Passenger,0,1,1,36,37,2.70
July 31 2018,Salt Lake,UT,Passenger,1,0,1,247,248,0.40
June 30 2020,Randolph,NC,Passenger,1,0,1,6,7,14.29
June 30 2019,Spokane,WA,Truck,1,0,1,94808,94809,0.00
December 31 2019,Benton,WA,Truck,0,0,0,42463,42463,0.00
October 31 2022,Clackamas,OR,Passenger,1,1,2,166,168,1.19
May 31 2021,Flathead,MT,Passenger,2,0,2,60,62,3.23
March 31 2024,Sedgwick,KS,Passenger,0,1,1,55,56,1.79
June 30 2017,Sacramento,CA,Passenger,0,1,1,384,385,0.26
August 31 2017,Spokane,WA,Truck,1,0,1,90975,90976,0.00
November 30 2023,Fresno,CA,Passenger,1,0,1,146,147,0.68
February 29 2024,Saratoga,NY,Passenger,1,1,2,44,46,4.35
February 28 2025,San Juan,WA,Passenger,823,257,1080,13340,14420,7.49
July 31 2018,Santa Clara,CA,Passenger,7,0,7,402,409,1.71
October 31 2018,Albemarle,VA,Passenger,1,0,1,26,27,3.70
September 30 2023,Texas,MO,Passenger,1,0,1,2,3,33.33
October 31 2021,Garfield,WA,Truck,0,0,0,996,996,0.00
June 30 2022,Manassas,VA,Passenger,0,1,1,8,9,11.11
April 30 2022,Walla Walla,WA,Truck,0,0,0,14005,14005,0.00
January 31 2018,Pinal,AZ,Passenger,2,0,2,222,224,0.89
April 30 2024,Anchorage,AK,Passenger,1,0,1,106,107,0.93
January 31 2024,San Diego,CA,Truck,1,0,1,456,457,0.22
April 30 2022,Garfield,WA,Truck,0,0,0,986,986,0.00
August 31 2017,Santa Clara,CA,Passenger,5,2,7,415,422,1.66
August 31 2024,Alameda,CA,Passenger,8,1,9,177,186,4.84
January 31 2022,Montgomery,TX,Passenger,2,1,3,45,48,6.25
November 30 2024,Fresno,CA,Passenger,1,1,2,122,124,1.61
February 29 2024,Walla Walla,WA,Truck,10,0,10,13615,13625,0.07
October 31 2024,Orange,FL,Passenger,4,1,5,52,57,8.77
September 30 2023,Newport News,VA,Passenger,1,0,1,114,115,0.87
October 31 2024,Chesterfield,VA,Passenger,1,0,1,37,38,2.63
March 31 2018,Pacific,WA,Truck,0,0,0,7573,7573,0.00
June 30 2024,Arlington,VA,Passenger,5,0,5,115,120,4.17
January 31 2022,Orange,FL,Passenger,3,0,3,123,126,2.38
January 31 2025,Walla Walla,WA,Passenger,383,200,583,35311,35894,1.62
March 31 2024,Muscogee,GA,Passenger,2,2,4,109,113,3.54
April 30 2019,Norfolk,VA,Passenger,2,2,4,347,351,1.14
May 31 2023,San Juan,WA,Truck,12,0,12,5921,5933,0.20
May 31 2024,Sacramento,CA,Passenger,2,1,3,168,171,1.75
July 31 2018,Carroll,NH,Passenger,0,1,1,1,2,50.00
July 31 2019,Walla Walla,WA,Truck,0,0,0,13607,13607,0.00
November 30 2019,King,WA,Truck,6,1,7,182219,182226,0.00
June 30 2020,Hillsborough,FL,Passenger,0,1,1,192,193,0.52
September 30 2023,Cook,IL,Passenger,3,2,5,203,208,2.40
April 30 2024,Okanogan,WA,Truck,13,0,13,16342,16355,0.08
October 31 2024,Yuba,CA,Passenger,1,0,1,53,54,1.85
January 31 2019,Walla Walla,WA,Truck,0,0,0,13532,13532,0.00
November 30 2024,Pima,AZ,Passenger,2,0,2,164,166,1.20
January 31 2022,Moore,NC,Passenger,0,1,1,137,138,0.72
December 31 2019,Walla Walla,WA,Truck,0,0,0,13654,13654,0.00
November 30 2022,Kings,NY,Passenger,1,0,1,60,61,1.64
October 31 2018,Prince George,VA,Passenger,0,1,1,75,76,1.32
May 31 2018,Norfolk,VA,Passenger,1,2,3,326,329,0.91
April 30 2021,Carroll,NH,Passenger,0,1,1,3,4,25.00
January 31 2021,Deschutes,OR,Passenger,2,0,2,150,152,1.32
January 31 2025,Alameda,CA,Passenger,8,1,9,159,168,5.36
July 31 2019,Goochland,VA,Passenger,1,1,2,270,272,0.74
May 31 2018,Island,WA,Truck,0,0,0,20856,20856,0.00
July 31 2020,Orange,FL,Passenger,1,0,1,137,138,0.72
August 31 2023,Kings,CA,Passenger,5,1,6,279,285,2.11
November 30 2023,Franklin,WA,Truck,9,0,9,20890,20899,0.04
September 30 2018,Beaufort,SC,Passenger,1,0,1,42,43,2.33
March 31 2021,Oldham,KY,Passenger,0,1,1,5,6,16.67
October 31 2017,Ramsey,MN,Passenger,1,0,1,42,43,2.33
June 30 2022,King,WA,Passenger,40650,11305,51955,1345295,1397250,3.72
May 31 2021,Garfield,WA,Truck,0,0,0,995,995,0.00
February 28 2023,Clark,WA,Truck,70,0,70,81432,81502,0.09
May 31 2021,Queens,NY,Passenger,2,0,2,57,59,3.39
November 30 2024,New London,CT,Passenger,3,5,8,167,175,4.57
April 30 2023,Harrison,MS,Passenger,1,0,1,45,46,2.17
October 31 2018,Kalamazoo,MI,Passenger,1,0,1,18,19,5.26
April 30 2022,Goochland,VA,Passenger,5,2,7,205,212,3.30
December 31 2020,Vigo,IN,Passenger,1,0,1,6,7,14.29
October 31 2019,Fairfax,VA,Passenger,5,1,6,769,775,0.77
November 30 2023,Escambia,FL,Passenger,1,1,2,133,135,1.48
July 31 2022,Travis,TX,Passenger,3,2,5,135,140,3.57
May 31 2023,Orange,CA,Passenger,10,3,13,423,436,2.98
May 31 2017,Columbia,WA,Truck,0,0,0,1538,1538,0.00
January 31 2021,Clallam,WA,Truck,1,0,1,21859,21860,0.00
November 30 2018,Camden,NJ,Passenger,0,1,1,22,23,4.35
February 28 2021,DeKalb,IN,Passenger,1,0,1,0,1,100.00
October 31 2023,Yakima,WA,Passenger,596,284,880,166051,166931,0.53
September 30 2024,Maricopa,AZ,Passenger,10,1,11,726,737,1.49
October 31 2021,Kitsap,WA,Truck,0,0,0,54107,54107,0.00
August 31 2020,Deschutes,OR,Passenger,2,0,2,152,154,1.30
April 30 2021,Montgomery,PA,Passenger,1,0,1,27,28,3.57
March 31 2017,Santa Clara,CA,Passenger,6,2,8,434,442,1.81
August 31 2023,Virginia Beach,VA,Truck,1,0,1,117,118,0.85
August 31 2018,Muskogee,OK,Passenger,0,1,1,2,3,33.33
April 30 2024,Grant,WA,Passenger,422,182,604,67644,68248,0.89
June 30 2019,San Juan,WA,Passenger,212,72,284,14401,14685,1.93
April 30 2022,Benton,WA,Truck,1,0,1,43531,43532,0.00
January 31 2023,Pierce,WA,Truck,97,0,97,138746,138843,0.07
February 28 2019,Santa Rosa,FL,Passenger,1,0,1,91,92,1.09
April 30 2025,Stafford,VA,Passenger,3,0,3,56,59,5.08
October 31 2019,Boulder,CO,Passenger,1,1,2,56,58,3.45
August 31 2021,Polk,FL,Passenger,1,0,1,79,80,1.25
March 31 2023,Kings,CA,Passenger,2,1,3,294,297,1.01
August 31 2022,Calvert,MD,Passenger,0,3,3,84,87,3.45
September 30 2020,Putnam,TN,Passenger,0,1,1,4,5,20.00
November 30 2017,Howard,MD,Passenger,0,2,2,93,95,2.11
August 31 2021,Stafford,VA,Passenger,2,1,3,108,111,2.70
September 30 2019,Grant,WA,Passenger,48,63,111,65144,65255,0.17
August 31 2023,Pend Oreille,WA,Passenger,30,16,46,8842,8888,0.52
February 28 2017,Garfield,WA,Truck,0,0,0,933,933,0.00
June 30 2019,Loudoun,VA,Passenger,1,0,1,96,97,1.03
February 28 2025,Santa Cruz,AZ,Passenger,1,0,1,4,5,20.00
August 31 2024,Ogle,IL,Passenger,1,0,1,0,1,100.00
March 31 2024,San Juan,WA,Passenger,718,205,923,13578,14501,6.37
February 28 2018,Prince George's,MD,Passenger,0,1,1,184,185,0.54
April 30 2018,Fresno,CA,Passenger,1,0,1,208,209,0.48
October 31 2020,Bradley,TN,Passenger,1,0,1,0,1,100.00
January 31 2024,Grant,WA,Truck,20,0,20,28036,28056,0.07
November 30 2021,Penobscot,ME,Passenger,0,2,2,10,12,16.67
May 31 2020,Pinal,AZ,Passenger,1,0,1,215,216,0.46
June 30 2018,Camden,NJ,Passenger,0,1,1,29,30,3.33
August 31 2022,Spokane,WA,Passenger,1733,878,2611,323488,326099,0.80
February 28 2022,Autauga,AL,Passenger,1,0,1,14,15,6.67
March 31 2023,Pend Oreille,WA,Passenger,28,13,41,8891,8932,0.46
May 31 2025,Laramie,WY,Passenger,1,1,2,18,20,10.00
October 31 2023,Cowlitz,WA,Passenger,550,234,784,69651,70435,1.11
August 31 2017,Pend Oreille,WA,Passenger,3,4,7,9358,9365,0.07
December 31 2019,Lake,CA,Passenger,0,1,1,13,14,7.14
December 31 2017,Ada,ID,Passenger,0,1,1,368,369,0.27
January 31 2022,Stafford,VA,Passenger,2,1,3,102,105,2.86
December 31 2023,Kane,IL,Passenger,1,0,1,8,9,11.11
July 31 2019,Muskogee,OK,Passenger,0,1,1,1,2,50.00
December 31 2024,Pulaski,MO,Passenger,3,0,3,89,92,3.26
July 31 2020,Cowlitz,WA,Passenger,146,117,263,72210,72473,0.36
November 30 2018,Dakota,MN,Passenger,0,2,2,37,39,5.13
March 31 2025,Cuyahoga,OH,Passenger,1,0,1,29,30,3.33
June 30 2024,Wahkiakum,WA,Passenger,39,23,62,3058,3120,1.99
April 30 2025,Kittitas,WA,Truck,54,0,54,14324,14378,0.38
July 31 2023,Pettis,MO,Passenger,1,0,1,5,6,16.67
November 30 2024,Suffolk,VA,Passenger,1,1,2,89,91,2.20
May 31 2018,Morris,NJ,Passenger,1,0,1,17,18,5.56
April 30 2018,Columbia,WA,Truck,0,0,0,1523,1523,0.00
February 28 2021,Spartanburg,SC,Passenger,0,1,1,53,54,1.85
April 30 2025,Madison,AL,Passenger,1,0,1,25,26,3.85
January 31 2017,Juneau,AK,Passenger,0,1,1,61,62,1.61
January 31 2018,Brevard,FL,Passenger,0,1,1,109,110,0.91
May 31 2024,Wise,TX,Passenger,2,0,2,4,6,33.33
April 30 2022,Skamania,WA,Truck,0,0,0,3975,3975,0.00
December 31 2017,Manatee,FL,Passenger,1,0,1,42,43,2.33
August 31 2023,Fredericksburg,VA,Passenger,1,0,1,5,6,16.67
December 31 2019,Oklahoma,OK,Passenger,0,1,1,139,140,0.71
May 31 2018,New Haven,CT,Passenger,0,1,1,50,51,1.96
February 29 2024,DuPage,IL,Passenger,6,1,7,35,42,16.67
February 28 2018,Thurston,WA,Passenger,491,414,905,190608,191513,0.47
July 31 2020,Yakima,WA,Passenger,139,119,258,165668,165926,0.16
October 31 2022,Harford,MD,Passenger,1,1,2,47,49,4.08
December 31 2023,Otero,NM,Passenger,0,1,1,21,22,4.55
July 31 2023,Otero,NM,Passenger,0,1,1,23,24,4.17
August 31 2018,Lee,AL,Passenger,1,0,1,37,38,2.63
October 31 2019,Ferry,WA,Passenger,5,2,7,4426,4433,0.16
June 30 2022,Skagit,WA,Truck,3,0,3,32290,32293,0.01
October 31 2023,Wake,NC,Passenger,5,1,6,108,114,5.26
April 30 2025,Escambia,FL,Passenger,1,1,2,101,103,1.94
February 29 2020,San Juan,WA,Truck,0,0,0,5920,5920,0.00
May 31 2021,Harris,TX,Passenger,1,1,2,259,261,0.77
November 30 2024,Forsyth,GA,Passenger,1,0,1,8,9,11.11
August 31 2022,Lincoln,OR,Passenger,0,1,1,32,33,3.03
May 31 2023,Saginaw,MI,Passenger,0,1,1,4,5,20.00
June 30 2022,Albemarle,VA,Passenger,3,0,3,23,26,11.54
November 30 2022,Deschutes,OR,Passenger,2,0,2,115,117,1.71
June 30 2022,Pierce,WA,Truck,6,0,6,141470,141476,0.00
April 30 2018,St. Lucie,FL,Passenger,1,0,1,25,26,3.85
July 31 2024,Tompkins,NY,Passenger,1,0,1,10,11,9.09
February 28 2023,Lake,FL,Passenger,1,0,1,23,24,4.17
November 30 2024,District of Columbia,DC,Passenger,4,1,5,138,143,3.50
November 30 2019,RÃ­o Grande,PR,Passenger,1,0,1,0,1,100.00
September 30 2024,Middlesex,NJ,Passenger,1,0,1,22,23,4.35
November 30 2022,Middlesex,NJ,Passenger,1,0,1,25,26,3.85
September 30 2024,Thurston,WA,Passenger,4886,1702,6588,189176,195764,3.37
June 30 2023,Miami-Dade,FL,Passenger,2,0,2,82,84,2.38
June 30 2022,Frederick,MD,Passenger,1,1,2,64,66,3.03
February 29 2020,Orange,CA,Passenger,8,2,10,550,560,1.79
August 31 2019,Harrison,MS,Passenger,1,0,1,62,63,1.59
June 30 2019,Wilson,TX,Passenger,0,1,1,7,8,12.50
June 30 2019,Carroll,NH,Passenger,0,1,1,2,3,33.33
December 31 2022,Franklin,WA,Truck,4,0,4,20936,20940,0.02
April 30 2022,Harris,TX,Passenger,2,1,3,215,218,1.38
September 30 2023,New Castle,DE,Passenger,1,0,1,20,21,4.76
March 31 2024,Geary,KS,Truck,1,0,1,23,24,4.17
April 30 2021,Washington,MD,Passenger,1,0,1,10,11,9.09
July 31 2019,Oklahoma,OK,Passenger,0,1,1,140,141,0.71
February 28 2018,San Juan,WA,Passenger,140,48,188,13912,14100,1.33
September 30 2024,San Diego,CA,Passenger,28,8,36,1981,2017,1.78
May 31 2023,Hanover,VA,Passenger,1,0,1,3,4,25.00
March 31 2020,Spartanburg,SC,Passenger,0,1,1,53,54,1.85
June 30 2021,Pacific,WA,Truck,0,0,0,7958,7958,0.00
November 30 2018,Manatee,FL,Passenger,1,0,1,44,45,2.22
April 30 2023,Cook,IL,Passenger,3,1,4,222,226,1.77
May 31 2022,Maui,HI,Passenger,1,0,1,27,28,3.57
November 30 2017,District of Columbia,DC,Passenger,0,3,3,203,206,1.46
July 31 2024,DuPage,IL,Passenger,6,1,7,32,39,17.95
December 31 2021,Sedgwick,KS,Passenger,0,1,1,88,89,1.12
August 31 2017,Utah,UT,Passenger,0,1,1,160,161,0.62
July 31 2023,Spokane,WA,Passenger,2352,1130,3482,321493,324975,1.07
December 31 2017,Juneau,AK,Passenger,0,1,1,49,50,2.00
August 31 2022,Kitsap,WA,Truck,19,0,19,53065,53084,0.04
October 31 2022,Washington,MD,Passenger,2,0,2,15,17,11.76
April 30 2019,Jefferson,NY,Passenger,0,1,1,221,222,0.45
June 30 2023,Lexington,SC,Passenger,1,0,1,21,22,4.55
July 31 2024,Camden,GA,Passenger,1,0,1,104,105,0.95
November 30 2023,Miami-Dade,FL,Passenger,3,0,3,79,82,3.66
April 30 2020,Lewis,WA,Passenger,99,108,207,58618,58825,0.35
November 30 2021,Hamilton,OH,Passenger,1,0,1,46,47,2.13
March 31 2022,Douglas,WA,Truck,0,0,0,12717,12717,0.00
April 30 2023,Lake,IL,Passenger,5,0,5,137,142,3.52
March 31 2025,Tooele,UT,Passenger,1,0,1,8,9,11.11
December 31 2021,Manassas,VA,Passenger,0,1,1,7,8,12.50
July 31 2022,Stevens,WA,Passenger,72,54,126,29960,30086,0.42
September 30 2024,Lewis,WA,Truck,23,0,23,25706,25729,0.09
August 31 2023,Spotsylvania,VA,Passenger,1,0,1,29,30,3.33
October 31 2024,Sarpy,NE,Passenger,0,1,1,54,55,1.82
March 31 2021,RÃ­o Grande,PR,Passenger,1,0,1,0,1,100.00
January 31 2024,Leavenworth,KS,Passenger,2,2,4,81,85,4.71
August 31 2023,Orange,NY,Passenger,0,1,1,42,43,2.33
July 31 2024,El Paso,CO,Passenger,9,8,17,491,508,3.35
March 31 2019,Cowlitz,WA,Truck,0,0,0,28770,28770,0.00
January 31 2025,York,VA,Passenger,2,0,2,64,66,3.03
March 31 2020,Douglas,CO,Passenger,1,0,1,87,88,1.14
March 31 2018,Santa Rosa,FL,Passenger,1,0,1,102,103,0.97
May 31 2024,Arapahoe,CO,Passenger,2,1,3,70,73,4.11
February 28 2025,Geary,KS,Truck,1,0,1,20,21,4.76
July 31 2021,Albemarle,VA,Passenger,2,0,2,26,28,7.14
June 30 2023,Whitman,WA,Passenger,149,79,228,21893,22121,1.03
October 31 2018,Bexar,TX,Passenger,3,4,7,747,754,0.93
May 31 2020,Montgomery,PA,Passenger,1,0,1,33,34,2.94
June 30 2020,Solano,CA,Passenger,1,0,1,219,220,0.45
October 31 2024,Jefferson,KY,Passenger,1,0,1,32,33,3.03
October 31 2017,Hamilton,IN,Passenger,1,0,1,58,59,1.69
July 31 2019,San Francisco,CA,Passenger,2,2,4,110,114,3.51
September 30 2024,Douglas,WA,Passenger,328,101,429,29107,29536,1.45
May 31 2024,Kern,CA,Passenger,2,1,3,174,177,1.69
December 31 2018,King,WA,Truck,6,1,7,182550,182557,0.00
January 31 2017,Manatee,FL,Passenger,1,0,1,62,63,1.59
June 30 2022,Carroll,MD,Passenger,0,1,1,17,18,5.56
November 30 2022,Carroll,MD,Passenger,0,1,1,21,22,4.55
May 31 2021,Washington,OR,Passenger,1,0,1,436,437,0.23
September 30 2022,Fairfax,VA,Truck,1,0,1,105,106,0.94
July 31 2020,Davidson,TN,Passenger,1,0,1,82,83,1.20
May 31 2022,Hennepin,MN,Passenger,2,0,2,78,80,2.50
February 28 2021,Albemarle,VA,Passenger,1,0,1,27,28,3.57
May 31 2019,Walla Walla,WA,Passenger,46,56,102,36135,36237,0.28
August 31 2021,Howard,MD,Passenger,0,1,1,68,69,1.45
April 30 2017,San Diego,CA,Passenger,4,2,6,2770,2776,0.22
January 31 2019,Lee,AL,Passenger,1,0,1,35,36,2.78
October 31 2019,Sacramento,CA,Passenger,0,1,1,311,312,0.32
July 31 2022,Clallam,WA,Passenger,432,247,679,49566,50245,1.35
March 31 2025,Rockdale,GA,Passenger,1,0,1,6,7,14.29
February 29 2024,Okanogan,WA,Passenger,173,83,256,26087,26343,0.97
June 30 2022,Okanogan,WA,Truck,1,0,1,16625,16626,0.01
January 31 2024,Clallam,WA,Passenger,683,320,1003,48751,49754,2.02
August 31 2024,Montgomery,PA,Passenger,1,0,1,17,18,5.56
December 31 2021,Deschutes,OR,Passenger,2,0,2,133,135,1.48
June 30 2021,Orange,FL,Passenger,2,0,2,134,136,1.47
September 30 2023,Pueblo,CO,Passenger,1,0,1,20,21,4.76
May 31 2024,Suffolk,VA,Passenger,1,1,2,98,100,2.00
June 30 2023,Stevens,WA,Passenger,112,66,178,29568,29746,0.60
January 31 2021,Manassas,VA,Passenger,0,1,1,6,7,14.29
January 31 2019,Adams,WA,Truck,0,0,0,5137,5137,0.00
February 29 2024,Williamson,TX,Passenger,1,1,2,78,80,2.50
April 30 2025,Grays Harbor,WA,Truck,29,0,29,20340,20369,0.14
June 30 2020,Washtenaw,MI,Passenger,1,0,1,38,39,2.56
October 31 2024,Saginaw,MI,Passenger,0,1,1,2,3,33.33
June 30 2023,Stafford,VA,Passenger,3,1,4,83,87,4.60
August 31 2022,Nueces,TX,Passenger,1,0,1,67,68,1.47
June 30 2017,Essex,MA,Passenger,1,0,1,28,29,3.45
September 30 2020,Norfolk,VA,Passenger,2,2,4,332,336,1.19
December 31 2023,Jefferson,IL,Passenger,1,0,1,1,2,50.00
November 30 2023,Klickitat,WA,Truck,13,0,13,8204,8217,0.16
September 30 2021,Oldham,KY,Passenger,0,1,1,5,6,16.67
June 30 2022,Platte,MO,Passenger,1,1,2,23,25,8.00
July 31 2022,Whitman,WA,Passenger,88,60,148,21852,22000,0.67
October 31 2022,Columbia,WA,Passenger,8,1,9,2438,2447,0.37
March 31 2023,Orange,NY,Passenger,0,1,1,46,47,2.13
August 31 2020,Albemarle,VA,Passenger,1,0,1,26,27,3.70
February 28 2021,Dallas,IA,Passenger,0,1,1,11,12,8.33
March 31 2021,Nassau,FL,Passenger,1,0,1,37,38,2.63
August 31 2018,San Francisco,CA,Passenger,1,2,3,123,126,2.38
February 28 2025,Muscogee,GA,Passenger,1,2,3,91,94,3.19
June 30 2024,District of Columbia,DC,Passenger,3,1,4,149,153,2.61
April 30 2018,Franklin,WA,Truck,0,0,0,18591,18591,0.00
July 31 2023,Kitsap,WA,Truck,80,0,80,51986,52066,0.15
November 30 2019,Pend Oreille,WA,Passenger,7,7,14,9501,9515,0.15
February 28 2025,Klickitat,WA,Passenger,273,114,387,15266,15653,2.47
April 30 2024,Manassas,VA,Passenger,1,0,1,6,7,14.29
July 31 2018,Utah,UT,Passenger,0,1,1,151,152,0.66
June 30 2018,Juneau,AK,Passenger,0,1,1,50,51,1.96
September 30 2021,Yavapai,AZ,Passenger,0,1,1,43,44,2.27
May 31 2018,Kootenai,ID,Passenger,0,1,1,227,228,0.44
December 31 2021,Prince George's,MD,Passenger,2,1,3,160,163,1.84
September 30 2017,Klickitat,WA,Passenger,23,26,49,14776,14825,0.33
January 31 2020,Spokane,WA,Truck,1,0,1,96838,96839,0.00
December 31 2018,Lincoln,WA,Passenger,2,5,7,7776,7783,0.09
May 31 2017,Sumter,FL,Passenger,0,1,1,10,11,9.09
November 30 2019,Skamania,WA,Passenger,26,19,45,8779,8824,0.51
July 31 2018,Spokane,WA,Truck,1,0,1,92832,92833,0.00
November 30 2018,Juneau,AK,Passenger,0,1,1,48,49,2.04
August 31 2024,Washington,WI,Passenger,1,0,1,0,1,100.00
July 31 2022,Lexington,SC,Passenger,1,0,1,24,25,4.00
September 30 2018,Mercer,NJ,Passenger,0,1,1,17,18,5.56
November 30 2024,Oldham,KY,Passenger,0,1,1,4,5,20.00
October 31 2023,Lake,IN,Passenger,0,1,1,8,9,11.11
October 31 2022,Wood,OH,Passenger,0,1,1,6,7,14.29
July 31 2018,Brevard,FL,Passenger,0,1,1,99,100,1.00
June 30 2024,Yolo,CA,Passenger,3,0,3,26,29,10.34
July 31 2023,Kent,DE,Passenger,1,0,1,47,48,2.08
May 31 2022,Frederick,MD,Passenger,1,1,2,66,68,2.94
September 30 2020,Santa Cruz,CA,Passenger,1,0,1,34,35,2.86
November 30 2017,Travis,TX,Passenger,1,0,1,196,197,0.51
April 30 2022,Stevens,WA,Truck,0,0,0,18955,18955,0.00
October 31 2022,Cumberland,PA,Passenger,1,0,1,54,55,1.82
October 31 2022,Wichita,TX,Passenger,1,0,1,41,42,2.38
March 31 2023,Cumberland,NC,Passenger,1,4,5,362,367,1.36
October 31 2019,Essex,MA,Passenger,1,0,1,31,32,3.12
June 30 2024,Sarasota,FL,Passenger,1,0,1,23,24,4.17
June 30 2017,Duval,FL,Passenger,1,1,2,383,385,0.52
May 31 2017,Moore,NC,Passenger,0,1,1,202,203,0.49
September 30 2023,Columbia,WA,Passenger,12,0,12,2424,2436,0.49
April 30 2020,New Haven,CT,Passenger,0,2,2,39,41,4.88
March 31 2022,Danville,VA,Passenger,1,0,1,0,1,100.00
December 31 2024,Adams,CO,Passenger,1,0,1,29,30,3.33
November 30 2023,Yuba,CA,Passenger,1,0,1,54,55,1.82
February 28 2025,Washtenaw,MI,Passenger,0,1,1,18,19,5.26
November 30 2021,Greene,MO,Passenger,0,1,1,36,37,2.70
August 31 2024,Wichita,TX,Passenger,1,0,1,29,30,3.33
July 31 2022,Sacramento,CA,Passenger,2,1,3,253,256,1.17
July 31 2017,Nueces,TX,Passenger,0,1,1,97,98,1.02
June 30 2022,Kings,NY,Passenger,1,0,1,68,69,1.45
May 31 2019,Sussex,NJ,Passenger,1,0,1,1,2,50.00
May 31 2024,Jefferson,KY,Passenger,1,0,1,36,37,2.70
February 28 2017,Oklahoma,OK,Passenger,0,1,1,198,199,0.50
October 31 2023,Galveston,TX,Passenger,0,1,1,20,21,4.76
December 31 2017,Nueces,TX,Passenger,1,1,2,93,95,2.11
May 31 2019,Dale,AL,Passenger,0,1,1,56,57,1.75
June 30 2020,Klamath,OR,Passenger,1,0,1,38,39,2.56
September 30 2023,Sedgwick,KS,Passenger,0,1,1,62,63,1.59
September 30 2022,Lake,FL,Passenger,1,0,1,24,25,4.00
January 31 2021,Randolph,NC,Passenger,1,0,1,6,7,14.29
June 30 2024,Baltimore,MD,Passenger,1,0,1,71,72,1.39
December 31 2021,Hudson,NJ,Passenger,2,0,2,45,47,4.26
May 31 2018,Whatcom,WA,Truck,2,0,2,42178,42180,0.00
September 30 2023,Hennepin,MN,Passenger,1,0,1,55,56,1.79
October 31 2023,Hawaii,HI,Passenger,1,0,1,35,36,2.78
February 29 2020,Collin,TX,Passenger,2,1,3,152,155,1.94
March 31 2020,Calvert,MD,Passenger,0,2,2,92,94,2.13
July 31 2021,Kings,NY,Passenger,2,0,2,73,75,2.67
May 31 2021,Stevens,WA,Truck,0,0,0,18938,18938,0.00
January 31 2020,Los Angeles,CA,Passenger,8,12,20,1130,1150,1.74
April 30 2020,Santa Cruz,CA,Passenger,1,0,1,42,43,2.33
September 30 2022,Gwinnett,GA,Passenger,1,0,1,68,69,1.45
April 30 2024,Maui,HI,Passenger,2,0,2,20,22,9.09
September 30 2023,Wilson,TX,Passenger,0,1,1,3,4,25.00
May 31 2023,New London,CT,Passenger,2,4,6,196,202,2.97
September 30 2018,Eagle,CO,Passenger,1,0,1,5,6,16.67
September 30 2017,Franklin,WA,Passenger,29,48,77,56162,56239,0.14
March 31 2023,Lewis,WA,Truck,5,0,5,26069,26074,0.02
September 30 2023,Clackamas,OR,Passenger,0,1,1,135,136,0.74
April 30 2025,Suffolk,VA,Passenger,1,1,2,78,80,2.50
April 30 2023,Frederick,MD,Passenger,1,0,1,59,60,1.67
May 31 2023,Dallas,TX,Passenger,3,0,3,111,114,2.63
December 31 2023,Kootenai,ID,Passenger,2,3,5,127,132,3.79
September 30 2024,Prince George's,MD,Passenger,4,2,6,110,116,5.17
October 31 2024,Portsmouth,VA,Passenger,0,2,2,60,62,3.23
April 30 2023,Marin,CA,Passenger,3,2,5,42,47,10.64
February 28 2025,Ferry,WA,Truck,0,0,0,3421,3421,0.00
May 31 2024,Orange,CA,Passenger,7,2,9,353,362,2.49
October 31 2023,Hamilton,OH,Passenger,1,0,1,38,39,2.56
November 30 2017,Clark,WA,Passenger,840,558,1398,303081,304479,0.46
December 31 2023,Columbia,GA,Passenger,1,1,2,78,80,2.50
February 28 2019,Santa Fe,NM,Passenger,0,1,1,42,43,2.33
August 31 2018,Mason,WA,Passenger,92,94,186,46017,46203,0.40
March 31 2021,Sarasota,FL,Passenger,2,0,2,43,45,4.44
December 31 2023,Pulaski,MO,Passenger,2,0,2,101,103,1.94
July 31 2021,Grant,WA,Passenger,120,90,210,66845,67055,0.31
March 31 2024,Contra Costa,CA,Passenger,4,1,5,160,165,3.03
April 30 2024,Garfield,WA,Passenger,0,3,3,1302,1305,0.23
July 31 2017,Whitman,WA,Truck,0,0,0,8424,8424,0.00
October 31 2019,Fresno,CA,Passenger,2,0,2,211,213,0.94
August 31 2021,Geary,KS,Passenger,1,0,1,102,103,0.97
October 31 2024,Mercer,NJ,Passenger,0,1,1,6,7,14.29
March 31 2025,Olmsted,MN,Passenger,1,0,1,3,4,25.00
November 30 2024,DeKalb,GA,Passenger,1,0,1,35,36,2.78
April 30 2023,Thurston,WA,Passenger,2904,1188,4092,189661,193753,2.11
November 30 2023,Riverside,CA,Passenger,9,2,11,453,464,2.37
September 30 2024,Bell,TX,Passenger,2,0,2,225,227,0.88
May 31 2024,Fresno,CA,Passenger,1,1,2,139,141,1.42
November 30 2017,Kitsap,WA,Passenger,676,367,1043,175320,176363,0.59
August 31 2022,Lewis,WA,Passenger,240,179,419,59585,60004,0.70
March 31 2022,Garfield,WA,Truck,0,0,0,997,997,0.00
October 31 2018,Mecklenburg,NC,Passenger,1,0,1,88,89,1.12
March 31 2024,Ogle,IL,Passenger,1,0,1,0,1,100.00
February 28 2022,Clark,NV,Passenger,8,3,11,685,696,1.58
October 31 2017,Portsmouth,VA,Passenger,0,1,1,66,67,1.49
September 30 2024,Hardin,KY,Truck,1,0,1,19,20,5.00
January 31 2025,Arlington,VA,Passenger,4,0,4,108,112,3.57
August 31 2019,Cochise,AZ,Passenger,0,1,1,112,113,0.88
August 31 2022,Ada,ID,Passenger,2,0,2,203,205,0.98
April 30 2021,Charles,MD,Passenger,1,1,2,72,74,2.70
September 30 2023,Solano,CA,Passenger,4,0,4,156,160,2.50
December 31 2022,Chesapeake,VA,Passenger,2,1,3,349,352,0.85
July 31 2023,Richmond,NY,Passenger,1,0,1,4,5,20.00
July 31 2024,Polk,OR,Passenger,1,1,2,16,18,11.11
May 31 2017,Orange,CA,Passenger,3,1,4,667,671,0.60
February 29 2024,Adams,WA,Truck,3,0,3,5368,5371,0.06
January 31 2019,Penobscot,ME,Passenger,0,1,1,14,15,6.67
January 31 2020,Harrison,MS,Passenger,1,0,1,60,61,1.64
November 30 2023,Doña Ana,NM,Passenger,1,0,1,17,18,5.56
March 31 2024,Ferry,WA,Truck,0,0,0,3519,3519,0.00
December 31 2022,Riverside,CA,Passenger,10,1,11,521,532,2.07
November 30 2019,Brevard,FL,Passenger,0,1,1,97,98,1.02
December 31 2024,Douglas,CO,Passenger,0,1,1,42,43,2.33
April 30 2024,Isle of Wight,VA,Passenger,0,1,1,17,18,5.56
April 30 2019,Montgomery,AL,Passenger,1,1,2,44,46,4.35
April 30 2018,DeKalb,GA,Passenger,1,0,1,86,87,1.15
July 31 2023,Will,IL,Passenger,0,1,1,15,16,6.25
November 30 2022,Randolph,NC,Passenger,1,0,1,3,4,25.00
August 31 2023,Pacific,WA,Passenger,78,93,171,15536,15707,1.09
June 30 2017,Pinal,AZ,Passenger,2,0,2,254,256,0.78
January 31 2025,Skamania,WA,Passenger,174,64,238,7799,8037,2.96
December 31 2022,San Juan,WA,Truck,8,0,8,5904,5912,0.14
December 31 2024,Kent,RI,Truck,1,0,1,3,4,25.00
January 31 2023,Calvert,MD,Passenger,0,3,3,90,93,3.23
August 31 2021,Whitman,WA,Passenger,63,52,115,21868,21983,0.52
July 31 2020,Collin,TX,Passenger,2,1,3,141,144,2.08
January 31 2025,Monterey,CA,Truck,1,0,1,26,27,3.70
February 29 2024,Chelan,WA,Truck,51,0,51,23049,23100,0.22
September 30 2024,Franklin,WA,Passenger,526,198,724,62694,63418,1.14
April 30 2019,Fulton,GA,Passenger,1,3,4,116,120,3.33
March 31 2020,Dallas,IA,Passenger,0,1,1,10,11,9.09
October 31 2024,Pacific,WA,Truck,14,0,14,7753,7767,0.18
October 31 2022,San Joaquin,CA,Passenger,1,0,1,105,106,0.94
May 31 2018,Fulton,GA,Passenger,1,2,3,101,104,2.88
March 31 2021,Clallam,WA,Passenger,299,200,499,50067,50566,0.99
October 31 2017,Franklin,WA,Truck,0,0,0,18317,18317,0.00
December 31 2022,Sarpy,NE,Passenger,1,0,1,65,66,1.52
May 31 2023,Pend Oreille,WA,Truck,0,0,0,5610,5610,0.00
December 31 2020,Jefferson,WA,Truck,0,0,0,9581,9581,0.00
October 31 2024,Kittitas,WA,Truck,40,0,40,14657,14697,0.27
November 30 2018,Nueces,TX,Passenger,1,1,2,96,98,2.04
November 30 2024,Bay,FL,Passenger,1,0,1,25,26,3.85
July 31 2024,Adams,WA,Truck,4,0,4,5404,5408,0.07
April 30 2018,Howard,MD,Passenger,0,1,1,89,90,1.11
November 30 2020,Klamath,OR,Passenger,1,0,1,38,39,2.56
October 31 2020,Charles,MD,Passenger,1,1,2,79,81,2.47
December 31 2022,Doña Ana,NM,Passenger,1,0,1,16,17,5.88
April 30 2018,Kittitas,WA,Truck,0,0,0,13992,13992,0.00
April 30 2019,Camden,NJ,Passenger,0,1,1,21,22,4.55
October 31 2019,Sussex,NJ,Passenger,1,0,1,3,4,25.00
November 30 2020,Jefferson,WA,Passenger,277,154,431,24694,25125,1.72
June 30 2021,Cowlitz,WA,Passenger,224,142,366,72299,72665,0.50
June 30 2019,Franklin,WA,Passenger,51,69,120,59873,59993,0.20
December 31 2023,Richmond,NY,Passenger,1,0,1,4,5,20.00
January 31 2023,Albemarle,VA,Passenger,3,0,3,22,25,12.00
January 31 2025,Autauga,AL,Passenger,1,2,3,9,12,25.00
July 31 2023,Lewis,WA,Passenger,337,222,559,59284,59843,0.93
March 31 2023,Montgomery,PA,Passenger,1,0,1,26,27,3.70
August 31 2023,Kootenai,ID,Truck,1,0,1,33,34,2.94
January 31 2022,Chesapeake,VA,Passenger,2,1,3,408,411,0.73
October 31 2024,Montgomery,TX,Passenger,2,0,2,21,23,8.70
April 30 2020,Asotin,WA,Passenger,16,12,28,12432,12460,0.22
April 30 2020,Kent,MI,Passenger,0,1,1,30,31,3.23
November 30 2023,Sarpy,NE,Passenger,1,1,2,62,64,3.12
March 31 2020,DeKalb,IN,Passenger,1,0,1,1,2,50.00
May 31 2017,Franklin,WA,Truck,0,0,0,18084,18084,0.00
January 31 2025,Virginia Beach,VA,Truck,1,0,1,108,109,0.92
June 30 2022,Island,WA,Truck,4,0,4,21243,21247,0.02
August 31 2024,Whatcom,WA,Passenger,3580,1275,4855,147853,152708,3.18
December 31 2023,Henrico,VA,Passenger,1,1,2,18,20,10.00
May 31 2020,Salt Lake,UT,Passenger,1,0,1,220,221,0.45
September 30 2022,DuPage,IL,Passenger,4,1,5,54,59,8.47
July 31 2020,Jefferson,WA,Truck,0,0,0,9538,9538,0.00
May 31 2022,Clackamas,OR,Passenger,2,0,2,186,188,1.06
August 31 2021,Moore,NC,Passenger,0,1,1,136,137,0.73
February 29 2024,Polk,OR,Passenger,1,1,2,20,22,9.09
October 31 2018,Benton,WA,Passenger,191,217,408,132511,132919,0.31
March 31 2018,Asotin,WA,Truck,0,0,0,6589,6589,0.00
September 30 2021,Duval,FL,Passenger,0,2,2,354,356,0.56
September 30 2022,El Paso,CO,Passenger,4,7,11,645,656,1.68
June 30 2022,Grant,WA,Passenger,175,98,273,66683,66956,0.41
April 30 2017,Prince George's,MD,Passenger,0,1,1,185,186,0.54
March 31 2021,Whitman,WA,Passenger,54,44,98,21884,21982,0.45
December 31 2021,Montgomery,MD,Passenger,2,2,4,227,231,1.73
April 30 2017,Okanogan,WA,Truck,0,0,0,16249,16249,0.00
June 30 2023,Fairfax,VA,Passenger,10,3,13,648,661,1.97
September 30 2019,Albemarle,VA,Passenger,1,0,1,26,27,3.70
January 31 2023,Pulaski,MO,Passenger,3,0,3,107,110,2.73
June 30 2017,Norfolk,MA,Passenger,1,0,1,42,43,2.33
June 30 2020,Maricopa,AZ,Passenger,7,9,16,1650,1666,0.96
December 31 2023,Richmond,GA,Passenger,0,1,1,59,60,1.67
August 31 2021,Oldham,KY,Passenger,0,1,1,5,6,16.67
February 29 2024,Benton,AR,Passenger,1,0,1,24,25,4.00
August 31 2024,Salt Lake,UT,Passenger,3,0,3,113,116,2.59
August 31 2019,Garfield,WA,Passenger,0,1,1,1306,1307,0.08
October 31 2022,Grays Harbor,WA,Passenger,231,166,397,48630,49027,0.81
March 31 2022,Owyhee,ID,Passenger,1,0,1,2,3,33.33
February 28 2025,Contra Costa,CA,Passenger,4,1,5,122,127,3.94
September 30 2024,Plaquemines,LA,Passenger,1,0,1,16,17,5.88
December 31 2023,Providence,RI,Passenger,1,0,1,19,20,5.00
November 30 2021,Fort Bend,TX,Passenger,1,0,1,37,38,2.63
February 28 2019,New London,CT,Passenger,0,1,1,239,240,0.42
February 28 2023,Whitman,WA,Truck,4,0,4,8635,8639,0.05
January 31 2020,Allegheny,PA,Passenger,2,0,2,84,86,2.33
November 30 2022,Louisa,VA,Passenger,0,1,1,2,3,33.33
January 31 2019,Lumpkin,GA,Passenger,1,0,1,6,7,14.29
January 31 2021,Klickitat,WA,Passenger,63,43,106,14977,15083,0.70
January 31 2024,Burlington,NJ,Passenger,0,2,2,85,87,2.30
May 31 2024,Hoke,NC,Passenger,1,0,1,73,74,1.35
August 31 2018,Nassau,NY,Passenger,2,0,2,38,40,5.00
May 31 2023,Stafford,VA,Passenger,3,1,4,85,89,4.49
July 31 2021,Dallas,IA,Passenger,0,1,1,10,11,9.09
January 31 2020,Carson City,NV,Passenger,1,0,1,11,12,8.33
June 30 2023,Ferry,WA,Passenger,21,4,25,4319,4344,0.58
September 30 2019,Skagit,WA,Truck,1,0,1,32499,32500,0.00
January 31 2023,Lincoln,OR,Passenger,1,1,2,25,27,7.41
August 31 2019,Caddo,LA,Passenger,0,1,1,23,24,4.17
May 31 2017,Middlesex,MA,Passenger,1,0,1,142,143,0.70
March 31 2023,Spotsylvania,VA,Passenger,1,0,1,28,29,3.45
February 28 2017,Nassau,NY,Passenger,0,1,1,39,40,2.50
July 31 2020,Mason,WA,Passenger,160,132,292,47335,47627,0.61
April 30 2024,Madison,IL,Passenger,2,0,2,13,15,13.33
January 31 2024,Clark,NV,Passenger,9,4,13,510,523,2.49
July 31 2017,Lumpkin,GA,Passenger,1,0,1,9,10,10.00
September 30 2021,Wahkiakum,WA,Passenger,16,8,24,3065,3089,0.78
December 31 2020,Mason,WA,Passenger,173,131,304,47602,47906,0.63
October 31 2024,Hartford,CT,Passenger,1,0,1,19,20,5.00
September 30 2019,New York,NY,Passenger,2,0,2,78,80,2.50
November 30 2021,Hawaii,HI,Passenger,1,0,1,53,54,1.85
March 31 2024,District of Columbia,DC,Truck,1,0,1,14,15,6.67
February 28 2022,Clallam,WA,Passenger,393,244,637,50071,50708,1.26
December 31 2023,Essex,NJ,Passenger,2,0,2,9,11,18.18
July 31 2019,Pinellas,FL,Passenger,1,0,1,126,127,0.79
September 30 2019,Benton,WA,Passenger,291,298,589,134531,135120,0.44
February 28 2017,Lee,AL,Passenger,1,0,1,36,37,2.70
May 31 2023,Yakima,WA,Passenger,482,249,731,165664,166395,0.44
May 31 2022,,,Passenger,5,3,8,353,361,2.22
October 31 2023,Tooele,UT,Passenger,2,0,2,12,14,14.29
November 30 2024,Clark,WA,Passenger,9665,3350,13015,314687,327702,3.97
January 31 2019,Jefferson,CO,Passenger,0,2,2,62,64,3.12
November 30 2021,Jefferson,WA,Truck,0,0,0,9592,9592,0.00
March 31 2025,Brown,WI,Passenger,1,0,1,3,4,25.00
June 30 2017,Stevens,WA,Passenger,8,23,31,31366,31397,0.10
January 31 2021,Maricopa,AZ,Passenger,7,8,15,1557,1572,0.95
February 28 2022,Yavapai,AZ,Passenger,0,1,1,39,40,2.50
June 30 2021,Hawaii,HI,Passenger,1,0,1,54,55,1.82
September 30 2019,Ada,ID,Passenger,0,2,2,331,333,0.60
April 30 2023,,,Passenger,6,2,8,327,335,2.39
March 31 2020,Henrico,VA,Passenger,0,1,1,21,22,4.55
March 31 2018,New London,CT,Passenger,1,0,1,243,244,0.41
January 31 2022,Grays Harbor,WA,Truck,0,0,0,21329,21329,0.00
May 31 2023,Kern,CA,Passenger,2,1,3,209,212,1.42
January 31 2025,Loudoun,VA,Passenger,2,0,2,55,57,3.51
October 31 2022,Solano,CA,Passenger,2,1,3,175,178,1.69
June 30 2019,Allegheny,PA,Passenger,1,0,1,87,88,1.14
May 31 2025,New Haven,CT,Passenger,0,2,2,16,18,11.11
October 31 2024,Hoke,NC,Passenger,1,0,1,67,68,1.47
August 31 2022,Richmond,NY,Passenger,1,0,1,3,4,25.00
September 30 2017,Sangamon,IL,Passenger,1,0,1,11,12,8.33
December 31 2023,Montgomery,AL,Passenger,1,1,2,30,32,6.25
January 31 2021,San Diego,CA,Passenger,14,3,17,2716,2733,0.62
July 31 2024,Horry,SC,Passenger,1,0,1,12,13,7.69
August 31 2020,Dallas,IA,Passenger,0,1,1,10,11,9.09
July 31 2020,Island,WA,Passenger,430,273,703,62662,63365,1.11
February 28 2022,Oldham,KY,Passenger,0,1,1,5,6,16.67
October 31 2018,Skagit,WA,Truck,1,0,1,32321,32322,0.00
April 30 2019,Nueces,TX,Passenger,1,1,2,96,98,2.04
September 30 2018,Franklin,WA,Truck,0,0,0,18866,18866,0.00
May 31 2017,Okaloosa,FL,Passenger,1,0,1,184,185,0.54
December 31 2023,Calvert,MD,Passenger,1,2,3,79,82,3.66
April 30 2021,King,WA,Truck,6,1,7,184767,184774,0.00
April 30 2025,Leavenworth,KS,Passenger,3,2,5,72,77,6.49
September 30 2019,Tarrant,TX,Passenger,3,0,3,212,215,1.40
August 31 2021,Kitsap,WA,Passenger,1950,889,2839,180140,182979,1.55
February 28 2022,Whitman,WA,Passenger,70,56,126,21942,22068,0.57
December 31 2020,Hawaii,HI,Passenger,1,0,1,62,63,1.59
September 30 2023,Hillsborough,FL,Passenger,3,1,4,131,135,2.96
September 30 2021,Sussex,NJ,Passenger,1,0,1,2,3,33.33
July 31 2021,Platte,MO,Passenger,1,1,2,16,18,11.11
February 28 2018,Ferry,WA,Truck,0,0,0,3525,3525,0.00
September 30 2017,Thurston,WA,Passenger,434,363,797,188125,188922,0.42
June 30 2021,Mason,WA,Passenger,215,138,353,48123,48476,0.73
January 31 2023,New York,NY,Passenger,3,0,3,43,46,6.52
February 28 2025,Middlesex,NJ,Passenger,1,0,1,19,20,5.00
May 31 2023,Middlesex,MA,Passenger,3,0,3,95,98,3.06
November 30 2024,Klickitat,WA,Truck,22,0,22,8242,8264,0.27
September 30 2019,Pierce,WA,Truck,0,0,0,140356,140356,0.00
May 31 2024,Okaloosa,FL,Passenger,0,2,2,84,86,2.33
September 30 2023,Grays Harbor,WA,Passenger,338,206,544,48037,48581,1.12
March 31 2018,Collier,FL,Passenger,1,0,1,26,27,3.70
October 31 2017,Montgomery,TX,Passenger,1,0,1,64,65,1.54
March 31 2018,Mercer,NJ,Passenger,0,1,1,18,19,5.26
February 29 2024,San Benito,CA,Passenger,1,0,1,6,7,14.29
March 31 2020,Mason,WA,Truck,0,0,0,20563,20563,0.00
January 31 2023,Richmond,GA,Passenger,0,1,1,66,67,1.49
January 31 2023,Dakota,MN,Passenger,0,1,1,19,20,5.00
July 31 2022,Fairfax,VA,Passenger,7,3,10,679,689,1.45
January 31 2024,Autauga,AL,Passenger,2,1,3,11,14,21.43
December 31 2020,Cowlitz,WA,Passenger,177,127,304,72090,72394,0.42
December 31 2023,Albemarle,VA,Passenger,3,0,3,19,22,13.64
July 31 2022,Oldham,KY,Passenger,0,1,1,5,6,16.67
February 28 2021,Norfolk,VA,Passenger,2,3,5,315,320,1.56
January 31 2018,Grant,WA,Truck,0,0,0,25633,25633,0.00
April 30 2023,Muscogee,GA,Passenger,1,2,3,127,130,2.31
June 30 2020,Chatham,NC,Passenger,1,0,1,8,9,11.11
December 31 2019,Nassau,NY,Passenger,4,0,4,44,48,8.33
November 30 2018,Snohomish,WA,Passenger,2788,1416,4204,526520,530724,0.79
August 31 2020,Hudson,NJ,Passenger,1,0,1,43,44,2.27
October 31 2020,Denton,TX,Passenger,1,0,1,100,101,0.99
June 30 2019,Los Angeles,CA,Passenger,7,6,13,1154,1167,1.11
January 31 2023,Richmond,NY,Passenger,1,0,1,3,4,25.00
May 31 2019,Loudoun,VA,Passenger,1,0,1,96,97,1.03
January 31 2019,Clark,WA,Truck,0,0,0,79920,79920,0.00
December 31 2020,Twin Falls,ID,Passenger,0,1,1,27,28,3.57
February 28 2022,Shelby,OH,Passenger,0,1,1,3,4,25.00
July 31 2022,District of Columbia,DC,Passenger,2,0,2,176,178,1.12
March 31 2018,Santa Fe,NM,Passenger,0,1,1,43,44,2.27
November 30 2017,Klickitat,WA,Truck,0,0,0,7993,7993,0.00
April 30 2025,Okaloosa,FL,Passenger,0,1,1,56,57,1.75
November 30 2020,Douglas,NE,Passenger,0,1,1,56,57,1.75
August 31 2020,San Diego,CA,Passenger,16,3,19,2746,2765,0.69
October 31 2020,Duval,FL,Passenger,0,2,2,376,378,0.53
January 31 2020,Contra Costa,CA,Passenger,3,3,6,328,334,1.80
January 31 2023,Columbia,GA,Passenger,0,1,1,96,97,1.03
October 31 2017,Eagle,CO,Passenger,1,0,1,8,9,11.11
October 31 2024,Placer,CA,Passenger,3,0,3,64,67,4.48
July 31 2021,Island,WA,Truck,0,0,0,21471,21471,0.00
January 31 2023,Montgomery,AL,Passenger,1,1,2,34,36,5.56
June 30 2021,Jefferson,WA,Truck,0,0,0,9617,9617,0.00
August 31 2022,Yellowstone,MT,Passenger,0,1,1,29,30,3.33
February 28 2019,Pend Oreille,WA,Truck,0,0,0,5738,5738,0.00
June 30 2022,Tarrant,TX,Passenger,4,0,4,153,157,2.55
January 31 2023,Essex,NJ,Passenger,2,0,2,11,13,15.38
January 31 2023,Henrico,VA,Passenger,0,1,1,19,20,5.00
December 31 2018,Bucks,PA,Passenger,1,0,1,21,22,4.55
April 30 2024,Clallam,WA,Truck,29,0,29,21422,21451,0.14
July 31 2019,Volusia,FL,Passenger,0,1,1,40,41,2.44
March 31 2018,Pend Oreille,WA,Truck,0,0,0,5658,5658,0.00
August 31 2020,Kings,NY,Passenger,1,0,1,69,70,1.43
October 31 2023,Flathead,MT,Passenger,1,0,1,32,33,3.03
June 30 2017,Clark,WA,Passenger,787,504,1291,299461,300752,0.43
May 31 2018,Shelby,TN,Passenger,0,1,1,109,110,0.91
March 31 2023,Santa Clara,CA,Passenger,17,7,24,266,290,8.28
March 31 2024,Cook,IL,Passenger,3,3,6,201,207,2.90
February 28 2021,Henrico,VA,Passenger,0,1,1,20,21,4.76
September 30 2019,Whatcom,WA,Truck,2,0,2,43004,43006,0.00
June 30 2022,Bexar,TX,Passenger,4,3,7,516,523,1.34
March 31 2018,Portsmouth,VA,Passenger,0,1,1,74,75,1.33
May 31 2021,Williamson,TX,Passenger,0,2,2,146,148,1.35
January 31 2020,Lake,IL,Passenger,1,0,1,171,172,0.58
August 31 2021,Shelby,OH,Passenger,0,1,1,4,5,20.00
April 30 2017,Montgomery,MD,Passenger,1,0,1,315,316,0.32
April 30 2019,Whatcom,WA,Truck,2,0,2,42747,42749,0.00
May 31 2025,New York,NY,Passenger,3,0,3,19,22,13.64
November 30 2017,Grays Harbor,WA,Truck,0,0,0,20014,20014,0.00
October 31 2018,Whatcom,WA,Truck,2,0,2,42535,42537,0.00
October 31 2020,Chelan,WA,Passenger,265,83,348,54349,54697,0.64
January 31 2023,Kootenai,ID,Passenger,1,3,4,172,176,2.27
March 31 2023,Kittitas,WA,Passenger,324,95,419,29408,29827,1.40
June 30 2021,Collin,TX,Passenger,2,1,3,133,136,2.21
June 30 2024,Charleston,SC,Passenger,0,2,2,60,62,3.23
September 30 2024,Kittitas,WA,Passenger,594,151,745,29389,30134,2.47
February 28 2021,Virginia Beach,VA,Passenger,2,0,2,639,641,0.31
January 31 2020,Ferry,WA,Truck,0,0,0,3583,3583,0.00
January 31 2021,Hudson,NJ,Passenger,1,0,1,45,46,2.17
January 31 2019,Cameron,TX,Passenger,1,0,1,36,37,2.70
January 31 2020,Kittitas,WA,Passenger,93,47,140,30066,30206,0.46
January 31 2021,Washtenaw,MI,Passenger,1,1,2,36,38,5.26
May 31 2017,Eagle,CO,Passenger,1,0,1,7,8,12.50
August 31 2018,Santa Rosa,FL,Passenger,1,0,1,94,95,1.05
March 31 2021,Arlington,VA,Passenger,0,1,1,152,153,0.65
January 31 2022,Sarpy,NE,Passenger,1,0,1,72,73,1.37
July 31 2024,Cobb,GA,Passenger,1,0,1,39,40,2.50
June 30 2024,St. Lawrence,NY,Passenger,1,1,2,5,7,28.57
February 28 2022,Boulder,CO,Passenger,2,0,2,47,49,4.08
May 31 2019,Alameda,CA,Passenger,2,2,4,323,327,1.22
May 31 2021,Penobscot,ME,Passenger,0,2,2,11,13,15.38
February 28 2018,Maui,HI,Passenger,1,0,1,65,66,1.52
April 30 2022,Honolulu,HI,Passenger,5,5,10,438,448,2.23
April 30 2019,Skagit,WA,Truck,1,0,1,32308,32309,0.00
April 30 2024,Lake,IL,Passenger,7,0,7,120,127,5.51
November 30 2023,Chesapeake,VA,Passenger,1,0,1,319,320,0.31
October 31 2019,Walla Walla,WA,Passenger,62,62,124,36294,36418,0.34
September 30 2021,Kauai,HI,Passenger,1,0,1,25,26,3.85
December 31 2018,Brevard,FL,Passenger,0,1,1,101,102,0.98
April 30 2024,Anne Arundel,MD,Truck,1,0,1,43,44,2.27
June 30 2023,Wise,TX,Passenger,2,0,2,7,9,22.22
September 30 2020,Virginia Beach,VA,Passenger,1,0,1,663,664,0.15
February 28 2025,Sedgwick,KS,Passenger,0,1,1,44,45,2.22
April 30 2025,Hoke,NC,Passenger,1,0,1,59,60,1.67
December 31 2021,Randolph,NC,Passenger,1,0,1,5,6,16.67
June 30 2017,Whitman,WA,Passenger,10,20,30,22031,22061,0.14
May 31 2023,Forsyth,GA,Passenger,1,0,1,13,14,7.14
May 31 2022,Ferry,WA,Truck,0,0,0,3564,3564,0.00
January 31 2018,Nantucket,MA,Passenger,1,0,1,3,4,25.00
March 31 2023,Los Angeles,CA,Passenger,7,5,12,824,836,1.44
April 30 2023,Deschutes,OR,Passenger,2,0,2,103,105,1.90
February 28 2025,Lake,IL,Passenger,8,0,8,105,113,7.08
May 31 2021,Okanogan,WA,Passenger,59,37,96,26389,26485,0.36
October 31 2019,Polk,FL,Passenger,1,0,1,80,81,1.23
July 31 2019,Mason,WA,Passenger,127,123,250,47283,47533,0.53
October 31 2020,Sussex,NJ,Passenger,1,0,1,2,3,33.33
July 31 2019,Dallas,TX,Passenger,1,0,1,217,218,0.46
December 31 2018,Grant,WA,Truck,0,0,0,26250,26250,0.00
July 31 2023,Yellowstone,MT,Passenger,0,1,1,24,25,4.00
October 31 2023,Island,WA,Passenger,1234,457,1691,60512,62203,2.72
September 30 2020,Cowlitz,WA,Truck,0,0,0,28916,28916,0.00
August 31 2021,Fairfax,VA,Passenger,6,4,10,725,735,1.36
July 31 2022,Norfolk,MA,Passenger,1,0,1,31,32,3.12
March 31 2019,Mason,WA,Truck,0,0,0,20259,20259,0.00
June 30 2020,Sedgwick,KS,Passenger,1,1,2,102,104,1.92
April 30 2022,Pierce,WA,Passenger,4823,2256,7079,547106,554185,1.28
March 31 2021,Baltimore,MD,Passenger,1,0,1,116,117,0.85
November 30 2017,Whitman,WA,Passenger,16,19,35,22379,22414,0.16
December 31 2023,King,WA,Passenger,69443,16665,86108,1313775,1399883,6.15
May 31 2025,Jefferson,NY,Passenger,2,0,2,140,142,1.41
February 28 2019,Mercer,NJ,Passenger,0,1,1,16,17,5.88
April 30 2017,Grant,WA,Passenger,18,21,39,60473,60512,0.06
January 31 2018,Utah,UT,Passenger,0,1,1,152,153,0.65
December 31 2023,Dakota,MN,Passenger,0,1,1,12,13,7.69
August 31 2023,Clark,NV,Passenger,9,4,13,547,560,2.32
February 28 2025,Cumberland,PA,Passenger,1,0,1,41,42,2.38
March 31 2022,Whitman,WA,Truck,0,0,0,8577,8577,0.00
July 31 2023,Cascade,MT,Passenger,0,1,1,41,42,2.38
June 30 2023,Orange,CA,Passenger,10,3,13,420,433,3.00
April 30 2024,Kings,NY,Passenger,3,0,3,40,43,6.98
October 31 2020,Charleston,SC,Passenger,2,0,2,98,100,2.00
January 31 2019,Gwinnett,GA,Passenger,0,1,1,79,80,1.25
September 30 2024,Santa Cruz,AZ,Passenger,1,0,1,4,5,20.00
August 31 2024,Pacific,WA,Passenger,121,117,238,15550,15788,1.51
January 31 2023,Cascade,MT,Passenger,0,1,1,41,42,2.38
May 31 2021,Cowlitz,WA,Passenger,218,136,354,72403,72757,0.49
July 31 2017,Gwinnett,GA,Passenger,0,1,1,88,89,1.12
January 31 2019,Franklin,MA,Passenger,0,1,1,2,3,33.33
November 30 2018,Asotin,WA,Passenger,12,9,21,12720,12741,0.16
July 31 2022,Arapahoe,CO,Passenger,0,1,1,98,99,1.01
February 28 2025,Jackson,MS,Passenger,1,0,1,9,10,10.00
October 31 2017,New London,CT,Passenger,1,0,1,240,241,0.41
August 31 2021,Suffolk,VA,Passenger,1,0,1,129,130,0.77
November 30 2018,Morris,NJ,Passenger,1,0,1,18,19,5.26
December 31 2022,Forsyth,GA,Passenger,1,0,1,14,15,6.67
February 28 2019,Asotin,WA,Truck,0,0,0,6638,6638,0.00
January 31 2018,Walla Walla,WA,Passenger,30,33,63,35355,35418,0.18
February 28 2018,Hamilton,TN,Passenger,1,0,1,23,24,4.17
September 30 2023,Ferry,WA,Truck,0,0,0,3542,3542,0.00
November 30 2024,Burlington,NJ,Passenger,0,1,1,65,66,1.52
April 30 2025,Orange,CA,Passenger,7,2,9,270,279,3.23
July 31 2020,Saginaw,MI,Passenger,1,0,1,11,12,8.33
December 31 2023,Cowlitz,WA,Truck,13,0,13,27895,27908,0.05
May 31 2020,Lee,FL,Passenger,1,0,1,56,57,1.75
January 31 2024,King,WA,Truck,1110,2,1112,172116,173228,0.64
May 31 2017,Collin,TX,Passenger,0,1,1,150,151,0.66
September 30 2022,Penobscot,ME,Passenger,0,2,2,10,12,16.67
September 30 2019,Shelby,TN,Passenger,0,1,1,101,102,0.98
August 31 2021,Orange,CA,Passenger,7,2,9,476,485,1.86
July 31 2017,Kitsap,WA,Truck,1,0,1,52510,52511,0.00
May 31 2022,San Diego,CA,Passenger,16,8,24,2569,2593,0.93
June 30 2018,Kitsap,WA,Truck,1,0,1,53193,53194,0.00
September 30 2019,Putnam,TN,Passenger,0,1,1,4,5,20.00
January 31 2025,Sarpy,NE,Truck,1,0,1,17,18,5.56
November 30 2024,Stevens,WA,Passenger,172,90,262,29330,29592,0.89
March 31 2025,Okaloosa,FL,Passenger,0,1,1,61,62,1.61
November 30 2022,Hudson,NJ,Passenger,2,0,2,42,44,4.55
May 31 2020,RÃ­o Grande,PR,Passenger,1,0,1,0,1,100.00
September 30 2017,Canyon,ID,Passenger,0,1,1,103,104,0.96
January 31 2019,Douglas,WA,Truck,0,0,0,12170,12170,0.00
April 30 2023,Ferry,WA,Truck,0,0,0,3567,3567,0.00
April 30 2023,San Diego,CA,Passenger,23,7,30,2430,2460,1.22
January 31 2022,Suffolk,VA,Passenger,1,0,1,126,127,0.79
June 30 2022,Virginia Beach,VA,Passenger,1,0,1,560,561,0.18
June 30 2017,Clallam,WA,Passenger,90,76,166,48355,48521,0.34
January 31 2025,Pinal,AZ,Passenger,1,1,2,71,73,2.74
September 30 2023,Cumberland,PA,Passenger,1,0,1,47,48,2.08
November 30 2017,Columbia,WA,Truck,0,0,0,1538,1538,0.00
May 31 2025,Christian,MO,Passenger,0,1,1,5,6,16.67
March 31 2025,Hamilton,IN,Passenger,1,0,1,16,17,5.88
November 30 2023,Okaloosa,FL,Passenger,0,2,2,97,99,2.02
August 31 2021,Arapahoe,CO,Passenger,1,0,1,122,123,0.81
July 31 2017,New Haven,CT,Passenger,0,1,1,57,58,1.72
November 30 2021,Honolulu,HI,Passenger,4,4,8,447,455,1.76
November 30 2021,San Francisco,CA,Passenger,2,2,4,106,110,3.64
June 30 2024,Clallam,WA,Passenger,764,354,1118,48585,49703,2.25
July 31 2020,Muskogee,OK,Passenger,0,1,1,2,3,33.33
December 31 2018,Walla Walla,WA,Passenger,41,51,92,36077,36169,0.25
February 28 2021,Whatcom,WA,Truck,3,0,3,43600,43603,0.01
May 31 2024,Chesapeake,VA,Passenger,1,0,1,285,286,0.35
July 31 2017,Snohomish,WA,Passenger,1817,917,2734,513087,515821,0.53
May 31 2023,Grays Harbor,WA,Truck,6,0,6,20940,20946,0.03
October 31 2023,Orange,FL,Passenger,4,0,4,80,84,4.76
April 30 2020,El Paso,CO,Passenger,3,1,4,748,752,0.53
November 30 2023,Forsyth,GA,Passenger,1,0,1,12,13,7.69
January 31 2024,Williamsburg,VA,Passenger,0,1,1,5,6,16.67
November 30 2019,Chelan,WA,Passenger,196,76,272,54622,54894,0.50
March 31 2020,Cascade,MT,Passenger,0,1,1,68,69,1.45
December 31 2023,Cascade,MT,Passenger,0,1,1,39,40,2.50
July 31 2019,Davidson,TN,Passenger,1,0,1,87,88,1.14
June 30 2018,Clark,WA,Truck,0,0,0,79079,79079,0.00
June 30 2023,Klickitat,WA,Truck,12,0,12,8220,8232,0.15
April 30 2022,Cowlitz,WA,Passenger,313,172,485,70800,71285,0.68
March 31 2025,Hartford,CT,Passenger,1,0,1,17,18,5.56
December 31 2020,Newport,RI,Passenger,0,1,1,78,79,1.27
March 31 2022,Spokane,WA,Passenger,1436,797,2233,325012,327245,0.68
July 31 2018,Pacific,WA,Passenger,19,21,40,15610,15650,0.26
April 30 2021,Alameda,CA,Passenger,5,0,5,275,280,1.79
February 28 2017,Benton,WA,Truck,0,0,0,39733,39733,0.00
August 31 2020,Cowlitz,WA,Truck,0,0,0,28890,28890,0.00
February 28 2022,Essex,MA,Passenger,1,0,1,22,23,4.35
October 31 2017,Collin,TX,Passenger,0,1,1,156,157,0.64
December 31 2020,Greene,MO,Passenger,0,1,1,41,42,2.38
February 28 2017,Shoshone,ID,Passenger,0,1,1,82,83,1.20
December 31 2019,Lake,FL,Passenger,1,0,1,28,29,3.45
August 31 2024,Columbia,WA,Passenger,9,0,9,2403,2412,0.37
April 30 2024,Montgomery,MD,Passenger,6,1,7,187,194,3.61
August 31 2023,Jefferson,WA,Passenger,593,266,859,24179,25038,3.43
December 31 2021,Harford,MD,Passenger,1,1,2,57,59,3.39
December 31 2020,Okanogan,WA,Passenger,53,36,89,26044,26133,0.34
March 31 2025,Davidson,TN,Passenger,1,0,1,25,26,3.85
October 31 2022,Montgomery,PA,Passenger,1,0,1,27,28,3.57
June 30 2023,District of Columbia,DC,Passenger,3,0,3,156,159,1.89
November 30 2018,Santa Cruz,CA,Passenger,1,0,1,42,43,2.33
March 31 2022,Sevier,AR,Passenger,0,1,1,1,2,50.00
August 31 2023,Alameda,CA,Passenger,9,2,11,217,228,4.82
March 31 2020,Montgomery,AL,Passenger,1,1,2,36,38,5.26
April 30 2024,Hudson,NJ,Passenger,2,0,2,30,32,6.25
April 30 2018,Adams,WA,Passenger,5,4,9,12514,12523,0.07
April 30 2022,Hawaii,HI,Passenger,1,0,1,50,51,1.96
June 30 2020,Carson City,NV,Passenger,1,0,1,12,13,7.69
December 31 2017,Snohomish,WA,Passenger,2014,1048,3062,516705,519767,0.59
June 30 2020,Washington,WI,Passenger,1,0,1,3,4,25.00
December 31 2024,Falls Church,VA,Passenger,1,0,1,6,7,14.29
January 31 2018,Wahkiakum,WA,Passenger,0,2,2,2847,2849,0.07
June 30 2023,Kitsap,WA,Passenger,3228,1292,4520,174906,179426,2.52
May 31 2019,Charles,MD,Passenger,0,1,1,88,89,1.12
June 30 2020,Franklin,WA,Passenger,60,75,135,60596,60731,0.22
July 31 2024,Clark,WA,Truck,222,0,222,80652,80874,0.27
November 30 2023,Mercer,NJ,Passenger,0,1,1,9,10,10.00
December 31 2022,Kitsap,WA,Passenger,2760,1147,3907,176134,180041,2.17
June 30 2022,Mason,WA,Truck,1,0,1,21009,21010,0.00
March 31 2024,Pueblo,CO,Passenger,1,0,1,18,19,5.26
November 30 2021,Orange,NC,Passenger,1,0,1,12,13,7.69
August 31 2022,St. Louis,MO,Passenger,2,0,2,71,73,2.74
June 30 2019,Snohomish,WA,Truck,0,0,0,122319,122319,0.00
December 31 2024,Bannock,ID,Passenger,1,0,1,7,8,12.50
February 28 2025,Hillsborough,FL,Passenger,2,2,4,82,86,4.65
October 31 2020,Arlington,VA,Passenger,0,2,2,152,154,1.30
June 30 2018,Douglas,WA,Truck,0,0,0,11944,11944,0.00
March 31 2017,Allegheny,PA,Passenger,1,0,1,92,93,1.08
March 31 2019,Skagit,WA,Truck,1,0,1,32236,32237,0.00
July 31 2024,Palm Beach,FL,Passenger,2,0,2,43,45,4.44
September 30 2020,Island,WA,Truck,1,0,1,21197,21198,0.00
June 30 2017,Fairfax,VA,Passenger,3,2,5,854,859,0.58
June 30 2019,Klamath,OR,Passenger,1,0,1,44,45,2.22
August 31 2021,Montgomery,OH,Passenger,0,1,1,59,60,1.67
February 28 2022,Chelan,WA,Passenger,429,122,551,54506,55057,1.00
August 31 2023,Wilson,TX,Passenger,0,1,1,3,4,25.00
July 31 2022,Klickitat,WA,Truck,0,0,0,8270,8270,0.00
May 31 2022,Hillsborough,FL,Passenger,1,1,2,151,153,1.31
November 30 2020,Washington,WI,Passenger,1,0,1,3,4,25.00
September 30 2024,Maui,HI,Passenger,2,0,2,17,19,10.53
November 30 2021,Washington,OR,Passenger,1,0,1,405,406,0.25
March 31 2022,Rogers,OK,Passenger,1,0,1,9,10,10.00
March 31 2017,Lewis,WA,Truck,0,0,0,24819,24819,0.00
December 31 2023,Norfolk,VA,Passenger,0,1,1,270,271,0.37
October 31 2021,Clark,WA,Truck,0,0,0,83921,83921,0.00
April 30 2022,Penobscot,ME,Passenger,0,2,2,8,10,20.00
March 31 2020,Cowlitz,WA,Truck,0,0,0,28837,28837,0.00
April 30 2025,Riverside,CA,Passenger,6,2,8,328,336,2.38
October 31 2018,Marion,IN,Passenger,1,0,1,121,122,0.82
December 31 2022,Suffolk,VA,Passenger,1,0,1,124,125,0.80
March 31 2025,Forsyth,GA,Passenger,1,0,1,8,9,11.11
August 31 2021,Sarasota,FL,Passenger,2,0,2,45,47,4.26
July 31 2023,Horry,SC,Passenger,1,0,1,17,18,5.56
February 28 2021,Dakota,MN,Passenger,0,1,1,28,29,3.45
April 30 2023,Hillsborough,FL,Passenger,1,1,2,142,144,1.39
August 31 2018,Multnomah,OR,Passenger,3,5,8,822,830,0.96
April 30 2025,New London,CT,Passenger,3,5,8,151,159,5.03
May 31 2025,Snohomish,WA,Passenger,24634,4883,29517,510471,539988,5.47
January 31 2022,Klickitat,WA,Truck,0,0,0,8318,8318,0.00
May 31 2024,New London,CT,Passenger,2,5,7,183,190,3.68
November 30 2019,Walla Walla,WA,Passenger,64,61,125,36248,36373,0.34
September 30 2021,Chelan,WA,Passenger,376,105,481,54712,55193,0.87
June 30 2022,Garfield,WA,Passenger,0,3,3,1313,1316,0.23
June 30 2021,Skagit,WA,Passenger,590,274,864,91806,92670,0.93
November 30 2022,Maui,HI,Passenger,1,0,1,26,27,3.70
June 30 2019,Douglas,NE,Passenger,0,1,1,66,67,1.49
November 30 2024,Ventura,CA,Passenger,3,2,5,214,219,2.28
January 31 2020,Sedgwick,KS,Passenger,1,1,2,104,106,1.89
June 30 2020,Contra Costa,CA,Passenger,3,4,7,305,312,2.24
April 30 2025,Kitsap,WA,Passenger,5808,1994,7802,173000,180802,4.32
April 30 2024,Deschutes,OR,Passenger,1,0,1,86,87,1.15
December 31 2019,Harnett,NC,Passenger,1,1,2,216,218,0.92
July 31 2022,Kitsap,WA,Passenger,2458,1076,3534,177229,180763,1.96
May 31 2023,Kittitas,WA,Truck,8,0,8,14540,14548,0.05
March 31 2025,St. Mary's,MD,Passenger,5,0,5,175,180,2.78
September 30 2021,Arlington,VA,Passenger,2,1,3,155,158,1.90
March 31 2024,New Castle,DE,Passenger,1,0,1,20,21,4.76
January 31 2024,Chelan,WA,Passenger,778,217,995,54207,55202,1.80
May 31 2022,Snohomish,WA,Truck,6,0,6,123946,123952,0.00
February 29 2024,Cameron,TX,Passenger,1,0,1,18,19,5.26
August 31 2020,King,WA,Passenger,25148,7817,32965,1369218,1402183,2.35
April 30 2022,Dorchester,SC,Passenger,1,0,1,75,76,1.32
August 31 2021,Philadelphia,PA,Passenger,1,0,1,59,60,1.67
March 31 2017,Kittitas,WA,Passenger,17,16,33,27109,27142,0.12
March 31 2022,Gwinnett,GA,Passenger,1,0,1,68,69,1.45
November 30 2021,Okanogan,WA,Passenger,65,43,108,26562,26670,0.40
March 31 2020,New York,NY,Passenger,2,0,2,73,75,2.67
November 30 2024,Middlesex,MA,Passenger,5,0,5,69,74,6.76
September 30 2024,Chatham,NC,Passenger,1,0,1,4,5,20.00
April 30 2019,Lewis,WA,Passenger,95,93,188,58802,58990,0.32
April 30 2024,Prince George,VA,Passenger,1,0,1,57,58,1.72
August 31 2020,Frederick,MD,Passenger,1,1,2,66,68,2.94
July 31 2023,El Paso,CO,Passenger,5,7,12,571,583,2.06
February 29 2024,Clark,WA,Truck,166,0,166,80604,80770,0.21
September 30 2018,Santa Rosa,FL,Passenger,1,0,1,91,92,1.09
April 30 2018,Santa Fe,NM,Passenger,0,1,1,43,44,2.27
April 30 2024,Platte,MO,Passenger,2,1,3,14,17,17.65
November 30 2020,Loudoun,VA,Passenger,1,0,1,80,81,1.23
May 31 2020,Alameda,CA,Passenger,2,1,3,290,293,1.02
November 30 2022,Harford,MD,Passenger,1,1,2,47,49,4.08
April 30 2021,Skamania,WA,Passenger,40,30,70,8354,8424,0.83
May 31 2025,Denver,CO,Passenger,1,0,1,54,55,1.82
August 31 2022,El Paso,TX,Passenger,2,0,2,380,382,0.52
September 30 2022,Coryell,TX,Passenger,1,0,1,92,93,1.08
April 30 2022,Rogers,OK,Passenger,1,0,1,9,10,10.00
February 29 2020,Adams,WA,Passenger,7,7,14,12898,12912,0.11
August 31 2023,Thurston,WA,Passenger,3344,1277,4621,189088,193709,2.39
July 31 2022,Asotin,WA,Truck,0,0,0,6668,6668,0.00
August 31 2023,Norfolk,MA,Passenger,1,0,1,24,25,4.00
March 31 2022,Honolulu,HI,Passenger,5,5,10,432,442,2.26
July 31 2021,Santa Clara,CA,Passenger,12,2,14,300,314,4.46
July 31 2020,Middlesex,MA,Passenger,1,0,1,96,97,1.03
November 30 2022,Allegheny,PA,Passenger,2,0,2,69,71,2.82
November 30 2023,Walla Walla,WA,Passenger,259,127,386,35359,35745,1.08
April 30 2024,Albemarle,VA,Passenger,3,0,3,20,23,13.04
June 30 2023,Orange,FL,Passenger,4,0,4,87,91,4.40
March 31 2018,Eagle,CO,Passenger,1,0,1,7,8,12.50
February 28 2021,El Paso,CO,Passenger,3,1,4,731,735,0.54
February 29 2020,Santa Rosa,FL,Passenger,1,0,1,90,91,1.10
October 31 2022,Tarrant,TX,Passenger,3,0,3,139,142,2.11
October 31 2024,Howard,MD,Passenger,1,2,3,53,56,5.36
October 31 2023,Polk,OR,Passenger,1,1,2,21,23,8.70
January 31 2018,Canyon,ID,Passenger,0,1,1,105,106,0.94
April 30 2024,Ferry,WA,Truck,0,0,0,3508,3508,0.00
August 31 2021,Hamilton,IN,Passenger,3,0,3,37,40,7.50
January 31 2020,Henrico,VA,Passenger,0,1,1,21,22,4.55
July 31 2024,Skagit,WA,Truck,53,0,53,31452,31505,0.17
June 30 2017,Collin,TX,Passenger,0,1,1,153,154,0.65
October 31 2019,King,WA,Truck,6,1,7,182266,182273,0.00
August 31 2024,Liberty,GA,Passenger,0,1,1,95,96,1.04
June 30 2024,King,WA,Truck,1406,2,1408,170366,171774,0.82
March 31 2019,Cumberland,NC,Passenger,1,2,3,516,519,0.58
October 31 2024,Suffolk,VA,Passenger,1,1,2,90,92,2.17
November 30 2020,Thurston,WA,Passenger,1290,762,2052,196812,198864,1.03
April 30 2025,Hamilton,OH,Passenger,2,0,2,36,38,5.26
September 30 2018,Stevens,WA,Passenger,13,27,40,31678,31718,0.13
October 31 2020,San Juan,WA,Passenger,340,104,444,13952,14396,3.08
April 30 2018,Essex,MA,Passenger,1,0,1,26,27,3.70
March 31 2018,Riverside,CA,Passenger,2,2,4,740,744,0.54
May 31 2017,Nassau,NY,Passenger,0,1,1,39,40,2.50
November 30 2020,Whitman,WA,Passenger,51,44,95,21925,22020,0.43
August 31 2020,Kittitas,WA,Passenger,109,47,156,29749,29905,0.52
December 31 2018,Orange,CA,Passenger,7,2,9,576,585,1.54
April 30 2017,Jefferson,NY,Passenger,1,1,2,255,257,0.78
April 30 2023,Virginia Beach,VA,Passenger,4,1,5,521,526,0.95
November 30 2024,Yuba,CA,Passenger,1,0,1,53,54,1.85
January 31 2022,Dallas,TX,Passenger,1,0,1,163,164,0.61
March 31 2025,San Mateo,CA,Passenger,2,1,3,67,70,4.29
July 31 2022,Island,WA,Passenger,830,377,1207,61292,62499,1.93
August 31 2023,Cook,IL,Passenger,3,2,5,208,213,2.35
February 28 2021,Lake,IL,Passenger,2,0,2,163,165,1.21
May 31 2021,Douglas,WA,Truck,0,0,0,12657,12657,0.00
October 31 2023,Anne Arundel,MD,Passenger,4,3,7,315,322,2.17
May 31 2019,Whatcom,WA,Passenger,837,411,1248,150333,151581,0.82
February 28 2021,Okanogan,WA,Truck,0,0,0,16614,16614,0.00
September 30 2021,DeKalb,GA,Passenger,1,0,1,71,72,1.39
September 30 2021,Salt Lake,UT,Passenger,1,1,2,198,200,1.00
February 29 2024,San Francisco,CA,Passenger,2,1,3,66,69,4.35
November 30 2019,Thurston,WA,Truck,0,0,0,55589,55589,0.00
September 30 2023,Suffolk,MA,Passenger,4,1,5,36,41,12.20
May 31 2024,Harris,TX,Passenger,1,2,3,154,157,1.91
July 31 2023,El Paso,TX,Passenger,2,1,3,340,343,0.87
September 30 2024,Tarrant,TX,Passenger,2,0,2,95,97,2.06
January 31 2024,Middlesex,MA,Passenger,3,0,3,88,91,3.30
September 30 2024,Cochise,AZ,Passenger,1,0,1,62,63,1.59
March 31 2023,Virginia Beach,VA,Truck,1,0,1,126,127,0.79
July 31 2023,Douglas,WA,Truck,6,0,6,13033,13039,0.05
December 31 2024,Lincoln,WA,Truck,1,0,1,4739,4740,0.02
August 31 2023,Hillsborough,FL,Passenger,3,1,4,134,138,2.90
November 30 2021,San Bernardino,CA,Passenger,1,1,2,416,418,0.48
March 31 2017,Carroll,NH,Passenger,0,1,1,0,1,100.00
April 30 2021,Leavenworth,KS,Passenger,0,1,1,107,108,0.93
July 31 2021,Lane,OR,Passenger,0,1,1,148,149,0.67
July 31 2023,Henrico,VA,Passenger,1,1,2,17,19,10.53
July 31 2023,Jefferson,IL,Passenger,1,0,1,1,2,50.00
January 31 2020,Pacific,WA,Passenger,30,31,61,16080,16141,0.38
May 31 2023,Lake,IN,Passenger,0,1,1,10,11,9.09
November 30 2018,Skagit,WA,Truck,1,0,1,32324,32325,0.00
March 31 2025,Clark,WA,Passenger,10467,3627,14094,313335,327429,4.30
April 30 2023,Clackamas,OR,Passenger,0,1,1,149,150,0.67
February 29 2020,Nassau,NY,Passenger,5,0,5,44,49,10.20
September 30 2022,Goochland,VA,Passenger,2,2,4,154,158,2.53
January 31 2019,Montgomery,TX,Passenger,2,0,2,65,67,2.99
February 28 2021,Carroll,MD,Passenger,0,1,1,17,18,5.56
December 31 2024,Manassas,VA,Passenger,1,0,1,6,7,14.29
August 31 2022,Danville,VA,Passenger,1,0,1,0,1,100.00
January 31 2022,Alexandria,VA,Passenger,4,0,4,121,125,3.20
December 31 2018,Santa Clara,CA,Passenger,8,1,9,401,410,2.20
January 31 2021,Island,WA,Truck,0,0,0,21335,21335,0.00
August 31 2017,Prince George's,MD,Passenger,0,1,1,190,191,0.52
April 30 2023,Wilson,TX,Passenger,0,1,1,3,4,25.00
September 30 2018,Denver,CO,Passenger,1,0,1,141,142,0.70
December 31 2021,Island,WA,Truck,0,0,0,21404,21404,0.00
April 30 2022,Dallas,TX,Passenger,1,0,1,147,148,0.68
October 31 2021,Hamilton,IN,Passenger,3,0,3,36,39,7.69
November 30 2018,Goochland,VA,Passenger,0,1,1,252,253,0.40
August 31 2024,Frederick,MD,Passenger,1,1,2,45,47,4.26
April 30 2019,DuPage,IL,Passenger,1,0,1,63,64,1.56
July 31 2018,Prince George's,MD,Passenger,1,1,2,191,193,1.04
May 31 2019,Stevens,WA,Passenger,20,29,49,31644,31693,0.15
November 30 2017,Montgomery,TX,Passenger,1,0,1,65,66,1.52
December 31 2024,Garfield,WA,Truck,0,0,0,996,996,0.00
November 30 2021,DuPage,IL,Passenger,3,1,4,58,62,6.45
September 30 2021,Larimer,CO,Passenger,1,0,1,52,53,1.89
August 31 2017,Wayne,MI,Passenger,0,1,1,69,70,1.43
October 31 2024,Anne Arundel,MD,Passenger,6,3,9,281,290,3.10
February 28 2023,Medina,TX,Passenger,1,0,1,9,10,10.00
April 30 2020,Ada,ID,Passenger,0,1,1,318,319,0.31
May 31 2023,Skagit,WA,Passenger,1076,403,1479,88752,90231,1.64
April 30 2024,Pulaski,MO,Passenger,3,0,3,96,99,3.03
June 30 2024,Thurston,WA,Truck,137,0,137,53206,53343,0.26
June 30 2018,Queens,NY,Passenger,1,0,1,64,65,1.54
October 31 2023,Cameron,TX,Passenger,1,0,1,19,20,5.00
November 30 2020,Bucks,PA,Passenger,1,0,1,25,26,3.85
June 30 2022,Lane,OR,Passenger,0,1,1,124,125,0.80
March 31 2018,Orange,CA,Passenger,4,1,5,602,607,0.82
November 30 2017,Cowlitz,WA,Passenger,54,65,119,70577,70696,0.17
November 30 2018,Saratoga,NY,Passenger,1,0,1,63,64,1.56
February 28 2018,Carroll,NH,Passenger,0,1,1,1,2,50.00
January 31 2024,Montgomery,OH,Passenger,0,1,1,43,44,2.27
March 31 2023,Wayne,MI,Passenger,0,1,1,37,38,2.63
February 29 2020,Clark,NV,Passenger,4,3,7,770,777,0.90
January 31 2023,Harrison,MS,Passenger,1,0,1,49,50,2.00
August 31 2020,Juneau,AK,Passenger,0,1,1,32,33,3.03
December 31 2020,Collier,FL,Passenger,1,0,1,26,27,3.70
August 31 2017,Nantucket,MA,Passenger,1,0,1,3,4,25.00
December 31 2024,Adams,WA,Truck,6,0,6,5372,5378,0.11
June 30 2024,Santa Clara,CA,Passenger,23,8,31,208,239,12.97
November 30 2019,Howard,MD,Passenger,0,1,1,83,84,1.19
November 30 2023,Travis,TX,Passenger,3,3,6,102,108,5.56
January 31 2025,Cumberland,PA,Passenger,1,0,1,41,42,2.38
August 31 2024,Sedgwick,KS,Passenger,0,1,1,52,53,1.89
December 31 2022,Alexandria,VA,Passenger,3,0,3,114,117,2.56
March 31 2025,Saratoga,NY,Passenger,1,1,2,32,34,5.88
October 31 2023,Ferry,WA,Passenger,23,4,27,4298,4325,0.62
October 31 2017,Wahkiakum,WA,Truck,0,0,0,1672,1672,0.00
June 30 2024,San Juan,WA,Passenger,748,215,963,13567,14530,6.63
November 30 2024,Pinal,AZ,Passenger,1,1,2,73,75,2.67
July 31 2020,El Paso,TX,Passenger,2,0,2,417,419,0.48
May 31 2017,Santa Rosa,FL,Passenger,1,0,1,111,112,0.89
February 28 2019,Kitsap,WA,Passenger,986,571,1557,179647,181204,0.86
August 31 2020,DeKalb,IN,Passenger,1,0,1,1,2,50.00
April 30 2022,Grays Harbor,WA,Truck,0,0,0,21325,21325,0.00
August 31 2022,Henrico,VA,Passenger,0,1,1,21,22,4.55
May 31 2023,Pierce,WA,Passenger,7388,2704,10092,529362,539454,1.87
April 30 2022,Pend Oreille,WA,Truck,0,0,0,5638,5638,0.00
May 31 2023,Charleston,SC,Passenger,0,2,2,65,67,2.99
January 31 2021,Kootenai,ID,Passenger,0,1,1,223,224,0.45
September 30 2021,Kittitas,WA,Truck,0,0,0,14782,14782,0.00
May 31 2025,Cowlitz,WA,Truck,45,0,45,27159,27204,0.17
August 31 2022,Clinton,PA,Passenger,1,0,1,1,2,50.00
July 31 2022,Brown,WI,Passenger,1,0,1,8,9,11.11
October 31 2020,DeKalb,GA,Passenger,1,0,1,83,84,1.19
July 31 2023,Clark,WA,Truck,102,0,102,81215,81317,0.13
October 31 2024,Multnomah,OR,Passenger,7,1,8,437,445,1.80
January 31 2025,Geary,KS,Truck,1,0,1,20,21,4.76
June 30 2018,Garfield,WA,Truck,0,0,0,947,947,0.00
April 30 2025,Montgomery,TX,Passenger,1,0,1,15,16,6.25
November 30 2022,Snohomish,WA,Truck,78,0,78,122501,122579,0.06
March 31 2017,Monterey,CA,Passenger,0,1,1,225,226,0.44
January 31 2023,Kitsap,WA,Truck,40,0,40,52699,52739,0.08
September 30 2020,San Diego,CA,Passenger,16,3,19,2735,2754,0.69
July 31 2020,San Mateo,CA,Passenger,1,1,2,133,135,1.48
March 31 2017,,,Passenger,2,0,2,467,469,0.43
March 31 2025,Stevens,WA,Truck,8,0,8,18370,18378,0.04
October 31 2021,Snohomish,WA,Passenger,6641,2199,8840,538049,546889,1.62
September 30 2023,Jefferson,WA,Passenger,606,270,876,24150,25026,3.50
April 30 2023,Ulster,NY,Passenger,1,0,1,10,11,9.09
September 30 2021,Thurston,WA,Truck,0,0,0,56192,56192,0.00
April 30 2019,Adams,WA,Truck,0,0,0,5096,5096,0.00
May 31 2023,San Luis Obispo,CA,Passenger,1,1,2,58,60,3.33
February 29 2024,Johnson,MO,Passenger,1,0,1,24,25,4.00
March 31 2021,Carson City,NV,Passenger,1,0,1,14,15,6.67
April 30 2017,Whatcom,WA,Truck,2,0,2,41436,41438,0.00
January 31 2017,Cowlitz,WA,Truck,0,0,0,27942,27942,0.00
March 31 2021,Moore,NC,Passenger,0,1,1,147,148,0.68
September 30 2020,Frederick,MD,Passenger,1,1,2,64,66,3.03
December 31 2019,Kitsap,WA,Truck,1,0,1,54408,54409,0.00
May 31 2017,Jefferson,WA,Truck,0,0,0,9434,9434,0.00
March 31 2020,Manassas,VA,Passenger,0,1,1,6,7,14.29
November 30 2019,Thurston,WA,Passenger,1033,699,1732,198845,200577,0.86
July 31 2020,Fresno,CA,Passenger,2,0,2,200,202,0.99
May 31 2025,Frederick,MD,Passenger,1,1,2,39,41,4.88
September 30 2022,Pierce,WA,Passenger,5515,2418,7933,539598,547531,1.45
August 31 2018,Collin,TX,Passenger,1,0,1,170,171,0.58
January 31 2022,Walla Walla,WA,Truck,0,0,0,14092,14092,0.00
July 31 2021,Montgomery,MD,Passenger,2,1,3,233,236,1.27
October 31 2020,Wise,TX,Passenger,1,0,1,10,11,9.09
June 30 2020,Wahkiakum,WA,Passenger,6,6,12,2991,3003,0.40
May 31 2020,Los Angeles,CA,Passenger,7,12,19,1075,1094,1.74
May 31 2019,Randolph,NC,Passenger,1,0,1,5,6,16.67
November 30 2023,Whitman,WA,Passenger,190,101,291,21892,22183,1.31
June 30 2024,Lincoln,WA,Passenger,27,27,54,7532,7586,0.71
December 31 2022,Travis,TX,Passenger,3,2,5,123,128,3.91
June 30 2024,San Juan,WA,Truck,32,0,32,5887,5919,0.54
March 31 2024,Albemarle,VA,Passenger,3,0,3,20,23,13.04
September 30 2022,Skagit,WA,Truck,6,0,6,32153,32159,0.02
January 31 2018,Thurston,WA,Truck,0,0,0,53851,53851,0.00
April 30 2024,Hillsborough,FL,Passenger,3,1,4,116,120,3.33
January 31 2022,Sacramento,CA,Passenger,1,1,2,256,258,0.78
February 28 2025,Sonoma,CA,Passenger,0,1,1,59,60,1.67
September 30 2023,Hudson,NJ,Passenger,2,0,2,29,31,6.45
March 31 2024,Wilson,TX,Passenger,0,1,1,3,4,25.00
October 31 2021,Spartanburg,SC,Passenger,0,1,1,49,50,2.00
November 30 2019,Wilson,TX,Passenger,0,1,1,9,10,10.00
January 31 2025,Weld,CO,Passenger,1,0,1,15,16,6.25
February 28 2025,Alameda,CA,Passenger,7,1,8,155,163,4.91
September 30 2018,Arlington,VA,Passenger,1,1,2,180,182,1.10
November 30 2021,Collier,FL,Passenger,1,0,1,23,24,4.17
December 31 2018,Howard,MD,Passenger,0,1,1,91,92,1.09
October 31 2023,Thurston,WA,Truck,71,0,71,53444,53515,0.13
January 31 2025,Fairfax,VA,Passenger,15,9,24,536,560,4.29
May 31 2019,Lewis,WA,Truck,0,0,0,25905,25905,0.00
March 31 2025,Stevens,WA,Passenger,188,94,282,29074,29356,0.96
September 30 2024,Grant,WA,Passenger,492,214,706,68025,68731,1.03
November 30 2024,Medina,TX,Passenger,1,0,1,5,6,16.67
August 31 2024,Deschutes,OR,Passenger,1,0,1,76,77,1.30
June 30 2023,Sonoma,CA,Passenger,3,1,4,75,79,5.06
February 28 2022,Moore,NC,Passenger,0,1,1,139,140,0.71
June 30 2019,King,WA,Truck,5,1,6,181963,181969,0.00
April 30 2021,Washington,WI,Passenger,1,0,1,3,4,25.00
May 31 2025,Cochise,AZ,Passenger,1,0,1,52,53,1.89
August 31 2022,Grant,WA,Passenger,198,105,303,66605,66908,0.45
August 31 2021,Alameda,CA,Passenger,7,0,7,260,267,2.62
May 31 2021,Boone,MO,Passenger,0,1,1,9,10,10.00
March 31 2019,Asotin,WA,Passenger,12,9,21,12653,12674,0.17
April 30 2024,Contra Costa,CA,Passenger,4,1,5,155,160,3.12
June 30 2018,Jefferson,WA,Truck,0,0,0,9538,9538,0.00
September 30 2023,Brevard,FL,Passenger,1,0,1,73,74,1.35
August 31 2024,Walla Walla,WA,Passenger,330,168,498,35254,35752,1.39
April 30 2022,Boone,MO,Passenger,0,1,1,10,11,9.09
November 30 2023,Bartow,GA,Passenger,0,1,1,3,4,25.00
May 31 2017,Multnomah,OR,Passenger,1,3,4,1055,1059,0.38
March 31 2023,Okanogan,WA,Truck,3,0,3,16469,16472,0.02
December 31 2022,Skamania,WA,Truck,0,0,0,3882,3882,0.00
September 30 2022,St. Louis,MO,Passenger,2,0,2,69,71,2.82
April 30 2024,Virginia Beach,VA,Passenger,5,3,8,471,479,1.67
December 31 2024,Garfield,WA,Passenger,0,3,3,1297,1300,0.23
December 31 2023,Carroll,MD,Passenger,0,1,1,18,19,5.26
November 30 2017,Pierce,WA,Passenger,1050,943,1993,525780,527773,0.38
December 31 2018,Contra Costa,CA,Passenger,0,2,2,396,398,0.50
October 31 2023,New London,CT,Passenger,2,4,6,187,193,3.11
May 31 2021,Okaloosa,FL,Passenger,0,1,1,133,134,0.75
April 30 2019,El Paso,CO,Passenger,3,3,6,770,776,0.77
November 30 2023,Boulder,CO,Passenger,1,0,1,30,31,3.23
May 31 2024,King,WA,Truck,1339,2,1341,170657,171998,0.78
September 30 2017,Shelby,TN,Passenger,0,1,1,112,113,0.88
July 31 2024,Fairfax,VA,Truck,1,0,1,84,85,1.18
September 30 2023,Sussex,NJ,Passenger,1,0,1,2,3,33.33
April 30 2018,Multnomah,OR,Passenger,4,4,8,854,862,0.93
October 31 2018,Thurston,WA,Passenger,661,551,1212,194870,196082,0.62
April 30 2024,Tom Green,TX,Passenger,0,1,1,18,19,5.26
November 30 2020,Duval,FL,Passenger,0,2,2,373,375,0.53
August 31 2018,Pacific,WA,Truck,0,0,0,7621,7621,0.00
September 30 2023,Clark,NV,Passenger,9,4,13,541,554,2.35
January 31 2018,Santa Clara,CA,Passenger,7,1,8,415,423,1.89
March 31 2024,Alameda,CA,Passenger,8,2,10,189,199,5.03
January 31 2023,Ulster,NY,Passenger,1,0,1,10,11,9.09
December 31 2020,Asotin,WA,Truck,0,0,0,6668,6668,0.00
July 31 2022,Kern,CA,Passenger,1,1,2,209,211,0.95
September 30 2022,Skagit,WA,Passenger,868,348,1216,89425,90641,1.34
November 30 2022,Douglas,NE,Passenger,3,3,6,40,46,13.04
June 30 2024,Charlottesville,VA,Passenger,0,3,3,5,8,37.50
June 30 2019,Tulsa,OK,Passenger,1,0,1,58,59,1.69
February 29 2024,St. Mary's,MD,Passenger,4,0,4,201,205,1.95
September 30 2024,Denton,TX,Passenger,1,0,1,40,41,2.44
December 31 2019,Nueces,TX,Passenger,1,1,2,91,93,2.15
June 30 2017,Carroll,NH,Passenger,0,1,1,1,2,50.00
June 30 2020,Chelan,WA,Passenger,231,79,310,54164,54474,0.57
October 31 2023,Kitsap,WA,Passenger,3709,1430,5139,174579,179718,2.86
March 31 2022,Cameron,TX,Passenger,1,0,1,26,27,3.70
September 30 2019,Calvert,MD,Passenger,0,2,2,90,92,2.17
February 29 2024,Garfield,OK,Passenger,1,0,1,20,21,4.76
January 31 2025,San Mateo,CA,Passenger,3,1,4,68,72,5.56
July 31 2022,Sonoma,CA,Passenger,0,1,1,95,96,1.04
April 30 2023,Chatham,NC,Passenger,1,0,1,7,8,12.50
January 31 2021,Skagit,WA,Truck,1,0,1,32831,32832,0.00
March 31 2024,Clay,FL,Passenger,1,0,1,69,70,1.43
June 30 2024,Kitsap,WA,Passenger,4581,1682,6263,174436,180699,3.47
March 31 2022,Rockdale,GA,Passenger,1,0,1,7,8,12.50
July 31 2021,Hillsborough,FL,Passenger,0,2,2,162,164,1.22
August 31 2022,Clark,WA,Truck,17,0,17,82229,82246,0.02
October 31 2024,Wake,NC,Passenger,4,2,6,90,96,6.25
August 31 2023,Doña Ana,NM,Passenger,1,0,1,17,18,5.56
January 31 2023,Monroe,WI,Passenger,1,0,1,11,12,8.33
September 30 2023,Maui,HI,Passenger,1,0,1,21,22,4.55
March 31 2025,Miami-Dade,FL,Passenger,2,0,2,55,57,3.51
May 31 2023,Sarasota,FL,Passenger,1,0,1,36,37,2.70
November 30 2018,Lake,CA,Passenger,0,1,1,12,13,7.69
December 31 2021,Snohomish,WA,Truck,2,0,2,125293,125295,0.00
May 31 2024,Orange,FL,Passenger,4,1,5,64,69,7.25
May 31 2020,Montgomery,OH,Passenger,0,1,1,48,49,2.04
June 30 2021,Fresno,CA,Passenger,2,0,2,199,201,1.00
May 31 2023,Newport,RI,Passenger,0,1,1,58,59,1.69
December 31 2022,Lee,AL,Passenger,1,0,1,21,22,4.55
September 30 2021,Suffolk,VA,Passenger,1,0,1,132,133,0.75
April 30 2020,King,WA,Passenger,24060,7696,31756,1384472,1416228,2.24
March 31 2018,Wise,TX,Passenger,1,0,1,4,5,20.00
May 31 2025,Grant,WA,Passenger,597,269,866,66367,67233,1.29
July 31 2021,Douglas,CO,Passenger,1,1,2,88,90,2.22
May 31 2018,Adams,WA,Truck,0,0,0,5153,5153,0.00
October 31 2023,Orange,CA,Passenger,9,4,13,396,409,3.18
August 31 2021,Mason,WA,Passenger,226,144,370,48017,48387,0.76
February 28 2023,Penobscot,ME,Passenger,0,1,1,9,10,10.00
January 31 2025,Los Angeles,CA,Passenger,14,3,17,529,546,3.11
January 31 2024,Pend Oreille,WA,Passenger,33,20,53,8724,8777,0.60
September 30 2019,Thurston,WA,Passenger,952,671,1623,198331,199954,0.81
September 30 2019,Sedgwick,KS,Passenger,1,1,2,106,108,1.85
December 31 2020,Asotin,WA,Passenger,16,13,29,12394,12423,0.23
November 30 2021,Ventura,CA,Passenger,2,2,4,291,295,1.36
February 28 2025,Macomb,MI,Passenger,4,0,4,13,17,23.53
March 31 2017,Dale,AL,Passenger,0,1,1,62,63,1.59
December 31 2021,Pierce,WA,Truck,0,0,0,144506,144506,0.00
December 31 2021,Skagit,WA,Truck,1,0,1,32655,32656,0.00
March 31 2025,Montgomery,OH,Passenger,0,1,1,33,34,2.94
March 31 2018,Lee,AL,Passenger,1,0,1,33,34,2.94
April 30 2025,Fairfax,VA,Passenger,16,9,25,505,530,4.72
March 31 2019,Manatee,FL,Passenger,1,0,1,38,39,2.56
May 31 2025,Richmond,GA,Passenger,0,1,1,38,39,2.56
June 30 2024,Alameda,CA,Passenger,8,1,9,182,191,4.71
August 31 2019,Montgomery,AL,Passenger,1,1,2,41,43,4.65
June 30 2021,Stevens,WA,Truck,0,0,0,18928,18928,0.00
May 31 2022,Loudoun,VA,Passenger,2,1,3,72,75,4.00
April 30 2024,Dallas,TX,Truck,1,0,1,12,13,7.69
December 31 2017,Lake,CA,Passenger,0,1,1,10,11,9.09
November 30 2021,Orange,FL,Passenger,3,0,3,127,130,2.31
March 31 2022,Harnett,NC,Passenger,3,0,3,175,178,1.69
January 31 2023,Lake,IL,Passenger,4,0,4,132,136,2.94
March 31 2017,Pinal,AZ,Passenger,2,0,2,272,274,0.73
April 30 2024,Spotsylvania,VA,Passenger,1,1,2,26,28,7.14
August 31 2023,Whitman,WA,Passenger,170,81,251,21878,22129,1.13
July 31 2017,Jefferson,WA,Truck,0,0,0,9407,9407,0.00
April 30 2020,Virginia Beach,VA,Passenger,1,0,1,680,681,0.15
November 30 2019,Stafford,VA,Passenger,1,1,2,105,107,1.87
January 31 2021,Spartanburg,SC,Passenger,0,1,1,54,55,1.82
October 31 2024,Wise,TX,Passenger,2,0,2,3,5,40.00
November 30 2020,Baltimore,MD,Passenger,1,0,1,117,118,0.85
October 31 2023,Harnett,NC,Passenger,4,1,5,155,160,3.12
February 28 2017,Hamilton,IN,Passenger,1,0,1,67,68,1.47
November 30 2019,Oldham,KY,Passenger,0,1,1,5,6,16.67
March 31 2019,Spokane,WA,Passenger,490,392,882,307573,308455,0.29
May 31 2018,El Paso,CO,Passenger,2,2,4,772,776,0.52
August 31 2021,San Juan,WA,Truck,0,0,0,5969,5969,0.00
March 31 2018,Garfield,WA,Truck,0,0,0,950,950,0.00
April 30 2024,Douglas,CO,Passenger,1,2,3,57,60,5.00
May 31 2018,Clallam,WA,Truck,0,0,0,21415,21415,0.00
November 30 2020,Douglas,WA,Passenger,82,43,125,28116,28241,0.44
February 28 2019,Ferry,WA,Passenger,3,2,5,4377,4382,0.11
August 31 2021,Clallam,WA,Passenger,350,221,571,50451,51022,1.12
March 31 2018,Ferry,WA,Passenger,1,3,4,4401,4405,0.09
February 28 2019,Garfield,WA,Truck,0,0,0,959,959,0.00
December 31 2024,Shelby,TN,Passenger,1,1,2,54,56,3.57
September 30 2023,Kootenai,ID,Truck,1,0,1,32,33,3.03
April 30 2021,Plaquemines,LA,Passenger,0,1,1,17,18,5.56
October 31 2018,Sedgwick,KS,Passenger,0,1,1,106,107,0.93
February 28 2022,Los Angeles,CA,Passenger,8,7,15,945,960,1.56
January 31 2022,Travis,TX,Passenger,3,1,4,155,159,2.52
October 31 2020,Kittitas,WA,Passenger,120,49,169,29685,29854,0.57
November 30 2022,Washington,WI,Passenger,1,0,1,1,2,50.00
December 31 2020,Ventura,CA,Passenger,1,1,2,310,312,0.64
October 31 2021,Pinellas,FL,Passenger,0,1,1,107,108,0.93
February 28 2018,Dale,AL,Passenger,0,1,1,63,64,1.56
February 28 2019,Muskogee,OK,Passenger,0,1,1,2,3,33.33
July 31 2024,Island,WA,Passenger,1531,555,2086,60460,62546,3.34
June 30 2022,Douglas,CO,Passenger,1,1,2,90,92,2.17
August 31 2023,San Diego,CA,Truck,1,0,1,471,472,0.21
November 30 2021,Spokane,WA,Passenger,1259,746,2005,326353,328358,0.61
December 31 2024,El Paso,CO,Passenger,9,8,17,439,456,3.73
May 31 2024,Davidson,TN,Passenger,1,0,1,42,43,2.33
August 31 2021,King,WA,Truck,5,1,6,183849,183855,0.00
October 31 2019,Kitsap,WA,Passenger,1177,647,1824,181968,183792,0.99
December 31 2024,DuPage,IL,Passenger,4,0,4,26,30,13.33
April 30 2024,Shelby,AL,Passenger,2,0,2,2,4,50.00
February 28 2022,Wichita,TX,Passenger,1,0,1,45,46,2.17
March 31 2017,Clark,NV,Passenger,1,3,4,904,908,0.44
March 31 2021,Grays Harbor,WA,Truck,0,0,0,21247,21247,0.00
April 30 2017,Maricopa,AZ,Passenger,1,1,2,1904,1906,0.10
August 31 2018,Madison,ID,Passenger,1,0,1,34,35,2.86
November 30 2020,Walla Walla,WA,Passenger,95,65,160,36023,36183,0.44
August 31 2020,Hillsborough,FL,Passenger,0,1,1,183,184,0.54
November 30 2022,Pierce,WA,Truck,71,0,71,139492,139563,0.05
June 30 2020,Albemarle,VA,Passenger,1,0,1,26,27,3.70
March 31 2022,Penobscot,ME,Passenger,0,2,2,8,10,20.00
February 28 2023,Rockdale,GA,Passenger,1,0,1,8,9,11.11
May 31 2022,Chatham,NC,Passenger,1,0,1,7,8,12.50
November 30 2023,Lexington,SC,Passenger,1,0,1,19,20,5.00
December 31 2020,San Juan,WA,Truck,0,0,0,5867,5867,0.00
December 31 2021,Benton,WA,Passenger,637,448,1085,135866,136951,0.79
January 31 2021,Snohomish,WA,Truck,1,0,1,125611,125612,0.00
March 31 2017,Utah,UT,Passenger,0,1,1,179,180,0.56
October 31 2022,Maui,HI,Passenger,1,0,1,26,27,3.70
April 30 2020,Williamson,TX,Passenger,0,2,2,170,172,1.16
November 30 2018,Mason,WA,Truck,0,0,0,20179,20179,0.00
August 31 2023,Ferry,WA,Passenger,20,4,24,4293,4317,0.56
March 31 2021,San Mateo,CA,Passenger,2,1,3,127,130,2.31
January 31 2021,Pierce,WA,Truck,0,0,0,144680,144680,0.00
April 30 2024,Montgomery,PA,Passenger,1,0,1,20,21,4.76
April 30 2017,Benton,WA,Passenger,143,140,283,128045,128328,0.22
September 30 2018,Clark,WA,Passenger,1089,784,1873,309579,311452,0.60
August 31 2020,Douglas,CO,Passenger,1,1,2,88,90,2.22
December 31 2023,Pettis,MO,Passenger,1,0,1,4,5,20.00
October 31 2024,Pulaski,AR,Truck,1,0,1,4,5,20.00
July 31 2018,Nantucket,MA,Passenger,1,0,1,4,5,20.00
October 31 2022,Grant,WA,Truck,2,0,2,27974,27976,0.01
June 30 2020,Manassas,VA,Passenger,0,1,1,5,6,16.67
October 31 2019,Chesapeake,VA,Passenger,0,1,1,451,452,0.22
October 31 2021,Goochland,VA,Passenger,4,2,6,252,258,2.33
July 31 2018,Tulsa,OK,Passenger,1,0,1,54,55,1.82
September 30 2020,Stevens,WA,Truck,0,0,0,18683,18683,0.00
March 31 2021,Middlesex,MA,Passenger,1,0,1,101,102,0.98
August 31 2023,Kittitas,WA,Passenger,386,109,495,29280,29775,1.66
January 31 2024,Geary,KS,Passenger,1,0,1,76,77,1.30
December 31 2020,Kent,MI,Passenger,0,1,1,31,32,3.12
June 30 2022,Middlesex,NJ,Passenger,1,0,1,27,28,3.57
November 30 2019,Clackamas,OR,Passenger,2,1,3,231,234,1.28
March 31 2021,Wichita,TX,Passenger,1,0,1,43,44,2.27
November 30 2024,Richmond,VA,Passenger,1,0,1,8,9,11.11
November 30 2022,Grays Harbor,WA,Passenger,242,161,403,48557,48960,0.82
October 31 2022,Louisa,VA,Passenger,0,1,1,2,3,33.33
April 30 2023,Providence,RI,Passenger,1,0,1,20,21,4.76
September 30 2024,Pulaski,AR,Passenger,1,0,1,25,26,3.85
July 31 2022,King,WA,Truck,123,2,125,180034,180159,0.07
June 30 2017,Missoula,MT,Passenger,1,0,1,73,74,1.35
November 30 2021,Asotin,WA,Truck,0,0,0,6747,6747,0.00
January 31 2018,San Juan,WA,Passenger,137,46,183,13920,14103,1.30
December 31 2021,Douglas,NE,Passenger,1,2,3,54,57,5.26
May 31 2023,Bristol,MA,Passenger,1,0,1,9,10,10.00
August 31 2021,Kern,CA,Passenger,1,1,2,209,211,0.95
July 31 2022,San Juan,WA,Truck,4,0,4,5937,5941,0.07
June 30 2023,Churchill,NV,Passenger,0,1,1,44,45,2.22
November 30 2023,Okanogan,WA,Passenger,151,76,227,26016,26243,0.86
March 31 2023,Kauai,HI,Passenger,1,1,2,21,23,8.70
October 31 2018,Ferry,WA,Truck,0,0,0,3563,3563,0.00
August 31 2021,Loudoun,VA,Passenger,1,0,1,78,79,1.27
April 30 2025,Chesterfield,VA,Passenger,1,0,1,35,36,2.78
May 31 2021,Middlesex,MA,Passenger,1,0,1,102,103,0.97
April 30 2025,King,WA,Truck,2512,1,2513,166151,168664,1.49
April 30 2021,District of Columbia,DC,Passenger,3,1,4,183,187,2.14
November 30 2022,Skagit,WA,Truck,8,0,8,32128,32136,0.02
January 31 2023,Carroll,MD,Passenger,0,1,1,22,23,4.35
November 30 2023,Garfield,OK,Passenger,1,0,1,19,20,5.00
September 30 2021,Kittitas,WA,Passenger,179,73,252,29839,30091,0.84
July 31 2022,Ventura,CA,Passenger,3,2,5,272,277,1.81
January 31 2020,Suffolk,MA,Passenger,0,1,1,38,39,2.56
December 31 2022,Norfolk,MA,Passenger,1,0,1,30,31,3.23
June 30 2021,Stevens,WA,Passenger,45,45,90,30422,30512,0.29
November 30 2021,Asotin,WA,Passenger,21,17,38,12721,12759,0.30
May 31 2019,Carson City,NV,Passenger,1,0,1,14,15,6.67
October 31 2024,Arapahoe,CO,Passenger,2,1,3,60,63,4.76
November 30 2019,Santa Clara,CA,Passenger,10,2,12,395,407,2.95
September 30 2024,Monterey,CA,Passenger,1,6,7,130,137,5.11
February 28 2025,Albemarle,VA,Passenger,2,0,2,17,19,10.53
November 30 2019,Pueblo,CO,Passenger,1,0,1,31,32,3.12
March 31 2022,Yakima,WA,Truck,0,0,0,61538,61538,0.00
January 31 2022,St. Mary's,MD,Passenger,1,0,1,227,228,0.44
January 31 2022,Walla Walla,WA,Passenger,146,87,233,36229,36462,0.64
October 31 2020,Larimer,CO,Passenger,1,0,1,54,55,1.82
May 31 2023,Flathead,MT,Passenger,1,0,1,41,42,2.38
December 31 2022,Clark,NV,Passenger,10,4,14,608,622,2.25
December 31 2022,Placer,CA,Passenger,2,0,2,83,85,2.35
September 30 2018,Mason,WA,Passenger,94,97,191,46155,46346,0.41
December 31 2023,Platte,MO,Passenger,2,1,3,17,20,15.00
October 31 2024,Williamsburg,VA,Passenger,0,1,1,3,4,25.00
February 28 2021,DuPage,IL,Passenger,4,1,5,60,65,7.69
May 31 2023,Currituck,NC,Passenger,1,0,1,23,24,4.17
December 31 2019,Broward,FL,Passenger,2,1,3,127,130,2.31
February 28 2018,Brevard,FL,Passenger,0,1,1,109,110,0.91
October 31 2022,Grant,WA,Passenger,211,107,318,66554,66872,0.48
July 31 2022,Mason,WA,Passenger,317,171,488,47009,47497,1.03
May 31 2024,Fairfax,VA,Passenger,15,10,25,591,616,4.06
February 28 2018,Utah,UT,Passenger,0,1,1,150,151,0.66
November 30 2022,Weld,CO,Passenger,1,0,1,26,27,3.70
July 31 2024,Newport,RI,Passenger,0,2,2,47,49,4.08
May 31 2023,Clark,WA,Passenger,5641,2277,7918,312940,320858,2.47
June 30 2019,Clay,FL,Passenger,0,1,1,92,93,1.08
August 31 2023,Ferry,WA,Truck,0,0,0,3557,3557,0.00
April 30 2023,Kane,IL,Passenger,1,0,1,10,11,9.09
December 31 2017,Cowlitz,WA,Truck,0,0,0,28149,28149,0.00
July 31 2017,Multnomah,OR,Passenger,1,3,4,976,980,0.41
February 28 2018,Monterey,CA,Passenger,0,2,2,202,204,0.98
November 30 2024,Denton,TX,Passenger,1,0,1,36,37,2.70
December 31 2024,Bergen,NJ,Passenger,1,0,1,6,7,14.29
May 31 2017,Jefferson,WA,Passenger,103,59,162,23809,23971,0.68
April 30 2018,Prince William,VA,Passenger,0,5,5,259,264,1.89
February 28 2018,,,Passenger,3,1,4,440,444,0.90
May 31 2019,Pacific,WA,Passenger,24,28,52,15940,15992,0.33
September 30 2022,Broward,FL,Passenger,1,0,1,81,82,1.22
May 31 2025,Douglas,WA,Passenger,409,109,518,28513,29031,1.78
October 31 2022,Lee,FL,Passenger,1,0,1,43,44,2.27
January 31 2023,San Bernardino,CA,Passenger,3,1,4,375,379,1.06
March 31 2018,Norfolk,MA,Passenger,1,0,1,41,42,2.38
April 30 2017,Mason,WA,Truck,0,0,0,19233,19233,0.00
March 31 2023,District of Columbia,DC,Truck,1,0,1,17,18,5.56
February 28 2021,Manassas,VA,Passenger,0,1,1,7,8,12.50
December 31 2022,Jefferson,WA,Truck,5,0,5,9350,9355,0.05
October 31 2023,Adams,WA,Passenger,28,13,41,13087,13128,0.31
March 31 2021,Utah,UT,Passenger,0,1,1,143,144,0.69
September 30 2024,Jefferson,NY,Passenger,3,0,3,171,174,1.72
September 30 2018,Lake,CA,Passenger,0,1,1,11,12,8.33
July 31 2019,Pacific,WA,Truck,0,0,0,7660,7660,0.00
October 31 2024,Sacramento,CA,Passenger,1,0,1,154,155,0.65
May 31 2018,DuPage,IL,Passenger,1,0,1,67,68,1.47
August 31 2018,Yakima,WA,Passenger,67,92,159,164162,164321,0.10
March 31 2019,Santa Cruz,CA,Passenger,1,0,1,43,44,2.27
February 29 2024,Douglas,CO,Passenger,1,2,3,59,62,4.84
April 30 2022,Gwinnett,GA,Passenger,1,0,1,64,65,1.54
December 31 2021,Jefferson,IL,Passenger,1,0,1,1,2,50.00
August 31 2021,Chesapeake,VA,Passenger,0,2,2,418,420,0.48
September 30 2024,,,Passenger,3,3,6,270,276,2.17
February 29 2024,Hays,TX,Passenger,1,0,1,8,9,11.11
March 31 2024,King,WA,Passenger,74767,18280,93047,1308151,1401198,6.64
November 30 2021,Suffolk,VA,Passenger,1,0,1,128,129,0.78
May 31 2022,King,WA,Passenger,39938,11045,50983,1344735,1395718,3.65
May 31 2024,Virginia Beach,VA,Truck,1,0,1,117,118,0.85
July 31 2018,Clallam,WA,Truck,0,0,0,21479,21479,0.00
November 30 2019,Wise,TX,Passenger,1,0,1,9,10,10.00
March 31 2022,Providence,RI,Passenger,1,0,1,24,25,4.00
March 31 2022,Alexandria,VA,Passenger,4,0,4,119,123,3.25
January 31 2024,Kootenai,ID,Truck,1,0,1,31,32,3.12
March 31 2020,Broward,FL,Passenger,3,1,4,119,123,3.25
May 31 2019,Fresno,CA,Passenger,2,0,2,204,206,0.97
June 30 2022,Hudson,NJ,Passenger,2,0,2,44,46,4.35
August 31 2022,Coryell,TX,Passenger,1,0,1,96,97,1.03
September 30 2022,Saratoga,NY,Passenger,1,0,1,50,51,1.96
January 31 2020,Shasta,CA,Passenger,1,0,1,37,38,2.63
May 31 2024,Orange,NC,Passenger,1,0,1,6,7,14.29
May 31 2023,Hawaii,HI,Passenger,1,0,1,40,41,2.44
December 31 2018,Larimer,CO,Passenger,1,0,1,67,68,1.47
May 31 2020,Snohomish,WA,Truck,0,0,0,123288,123288,0.00
September 30 2019,,,Passenger,7,2,9,433,442,2.04
January 31 2024,Orange,NY,Passenger,0,1,1,42,43,2.33
March 31 2022,Calvert,MD,Passenger,0,3,3,87,90,3.33
October 31 2021,Broward,FL,Passenger,2,0,2,110,112,1.79
June 30 2021,Danville,VA,Passenger,1,0,1,0,1,100.00
March 31 2019,Los Angeles,CA,Passenger,6,6,12,1139,1151,1.04
December 31 2022,Wake,NC,Passenger,1,1,2,109,111,1.80
October 31 2023,Williamson,TX,Passenger,1,1,2,83,85,2.35
November 30 2022,Kootenai,ID,Passenger,1,2,3,175,178,1.69
December 31 2022,Honolulu,HI,Passenger,5,3,8,405,413,1.94
May 31 2022,Botetourt,VA,Passenger,1,0,1,0,1,100.00
November 30 2019,Ferry,WA,Truck,0,0,0,3581,3581,0.00
September 30 2021,Clackamas,OR,Passenger,2,0,2,197,199,1.01
June 30 2024,Franklin,WA,Truck,15,0,15,20851,20866,0.07
April 30 2022,New Haven,CT,Passenger,0,2,2,31,33,6.06
February 28 2019,Wise,TX,Passenger,1,0,1,4,5,20.00
September 30 2024,Henrico,VA,Passenger,2,2,4,14,18,22.22
July 31 2019,Yakima,WA,Passenger,109,107,216,165323,165539,0.13
October 31 2024,Travis,TX,Passenger,4,1,5,63,68,7.35
November 30 2020,Chatham,NC,Passenger,1,0,1,6,7,14.29
April 30 2018,Garfield,OK,Passenger,1,0,1,20,21,4.76
March 31 2019,Kent,MI,Passenger,0,1,1,25,26,3.85
July 31 2024,Pierce,WA,Passenger,11461,3656,15117,520058,535175,2.82
May 31 2020,Charleston,SC,Passenger,1,0,1,110,111,0.90
April 30 2018,Jefferson,WA,Truck,0,0,0,9516,9516,0.00
March 31 2020,Columbia,OR,Passenger,1,0,1,26,27,3.70
April 30 2025,Portsmouth,VA,Passenger,0,2,2,56,58,3.45
January 31 2023,Lewis,WA,Passenger,279,189,468,59619,60087,0.78
December 31 2022,San Francisco,CA,Passenger,3,0,3,86,89,3.37
February 28 2025,Lincoln,WA,Passenger,36,36,72,7489,7561,0.95
April 30 2025,Virginia Beach,VA,Truck,1,0,1,104,105,0.95
February 28 2025,King,WA,Passenger,93909,21998,115907,1298772,1414679,8.19
January 31 2021,Fairbanks North Star,AK,Passenger,0,1,1,95,96,1.04
March 31 2023,Anne Arundel,MD,Truck,1,0,1,48,49,2.04
March 31 2019,Prince George's,MD,Passenger,1,1,2,191,193,1.04
March 31 2025,Fairfax,VA,Passenger,16,9,25,522,547,4.57
July 31 2021,Hudson,NJ,Passenger,1,0,1,47,48,2.08
November 30 2023,San Diego,CA,Truck,1,0,1,458,459,0.22
May 31 2022,Alameda,CA,Passenger,7,2,9,239,248,3.63
February 29 2024,Washington,OR,Passenger,3,0,3,259,262,1.15
January 31 2018,Sedgwick,KS,Passenger,0,1,1,112,113,0.88
October 31 2024,Washington,OR,Passenger,2,0,2,208,210,0.95
July 31 2024,Chelan,WA,Truck,59,0,59,22995,23054,0.26
November 30 2018,Cochise,AZ,Passenger,0,1,1,118,119,0.84
December 31 2022,Oldham,KY,Passenger,0,1,1,5,6,16.67
September 30 2023,Pinal,AZ,Passenger,2,1,3,111,114,2.63
March 31 2018,Sacramento,CA,Passenger,1,1,2,311,313,0.64
February 28 2022,Carson City,NV,Passenger,1,0,1,11,12,8.33
November 30 2019,San Juan,WA,Passenger,243,78,321,14397,14718,2.18
September 30 2020,New Haven,CT,Passenger,0,2,2,33,35,5.71
April 30 2024,Franklin,WA,Passenger,426,177,603,62371,62974,0.96
November 30 2020,Howard,IN,Passenger,0,1,1,4,5,20.00
September 30 2018,Nantucket,MA,Passenger,1,0,1,4,5,20.00
February 28 2022,Carroll,NH,Passenger,0,1,1,3,4,25.00
November 30 2024,Collin,TX,Passenger,3,1,4,45,49,8.16
August 31 2021,Hanover,VA,Passenger,1,0,1,3,4,25.00
April 30 2017,Cumberland,NC,Passenger,2,0,2,618,620,0.32
April 30 2017,Lewis,WA,Truck,0,0,0,24807,24807,0.00
November 30 2023,Walla Walla,WA,Truck,9,0,9,13669,13678,0.07
July 31 2023,Kootenai,ID,Passenger,2,3,5,147,152,3.29
May 31 2024,Currituck,NC,Passenger,1,0,1,20,21,4.76
July 31 2022,Sarpy,NE,Passenger,1,0,1,67,68,1.47
November 30 2019,Grant,WA,Truck,0,0,0,26942,26942,0.00
October 31 2023,Howard,MD,Passenger,0,2,2,64,66,3.03
December 31 2023,Kent,MI,Passenger,1,0,1,20,21,4.76
October 31 2021,Norfolk,VA,Passenger,2,3,5,316,321,1.56
January 31 2022,Norfolk,MA,Passenger,1,0,1,30,31,3.23
April 30 2023,Albemarle,VA,Passenger,3,0,3,21,24,12.50
October 31 2020,Asotin,WA,Truck,0,0,0,6681,6681,0.00
October 31 2017,Moore,NC,Passenger,0,1,1,201,202,0.50
May 31 2018,Marin,CA,Passenger,1,0,1,59,60,1.67
July 31 2020,Denver,CO,Passenger,1,0,1,129,130,0.77
May 31 2023,Hamilton,OH,Passenger,1,0,1,45,46,2.17
February 28 2017,Portsmouth,VA,Passenger,0,1,1,67,68,1.47
April 30 2021,Montgomery,OH,Passenger,0,1,1,59,60,1.67
November 30 2018,Kootenai,ID,Passenger,1,2,3,227,230,1.30
May 31 2022,Ulster,NY,Passenger,1,0,1,16,17,5.88
July 31 2022,Pennington,SD,Passenger,2,0,2,28,30,6.67
September 30 2018,Fresno,CA,Passenger,2,0,2,205,207,0.97
November 30 2024,Fredericksburg,VA,Passenger,1,0,1,3,4,25.00
September 30 2024,Orange,NY,Passenger,0,1,1,34,35,2.86
February 28 2021,Washtenaw,MI,Passenger,1,1,2,35,37,5.41
May 31 2025,Monterey,CA,Passenger,1,4,5,116,121,4.13
March 31 2019,Allegheny,PA,Passenger,1,0,1,92,93,1.08
March 31 2025,District of Columbia,DC,Passenger,5,1,6,133,139,4.32
December 31 2017,Skagit,WA,Truck,1,0,1,31717,31718,0.00
November 30 2018,Grant,WA,Passenger,32,52,84,64014,64098,0.13
June 30 2024,Bay,FL,Passenger,2,0,2,25,27,7.41
July 31 2024,Meade,KY,Passenger,1,0,1,18,19,5.26
September 30 2021,Sonoma,CA,Passenger,0,1,1,96,97,1.03
October 31 2022,Duval,FL,Passenger,1,2,3,305,308,0.97
September 30 2023,Frederick,MD,Passenger,2,1,3,55,58,5.17
October 31 2020,Clackamas,OR,Passenger,2,0,2,210,212,0.94
January 31 2018,Ferry,WA,Truck,0,0,0,3542,3542,0.00
September 30 2022,Spartanburg,SC,Passenger,0,1,1,34,35,2.86
August 31 2022,Jefferson,IL,Passenger,1,0,1,1,2,50.00
December 31 2024,Houston,GA,Passenger,1,0,1,27,28,3.57
December 31 2024,Virginia Beach,VA,Passenger,5,2,7,418,425,1.65
March 31 2018,Anne Arundel,MD,Passenger,0,1,1,468,469,0.21
January 31 2017,Benton,WA,Passenger,129,129,258,127817,128075,0.20
March 31 2023,Anchorage,AK,Passenger,1,0,1,131,132,0.76
December 31 2021,Fairbanks North Star,AK,Passenger,0,1,1,85,86,1.16
November 30 2023,Clark,NV,Passenger,9,4,13,525,538,2.42
November 30 2019,Larimer,CO,Passenger,1,0,1,62,63,1.59
January 31 2024,Forsyth,GA,Passenger,1,0,1,11,12,8.33
November 30 2019,Bucks,PA,Passenger,1,0,1,27,28,3.57
July 31 2020,Benton,WA,Truck,0,0,0,42854,42854,0.00
October 31 2017,Saratoga,NY,Passenger,1,1,2,74,76,2.63
May 31 2024,Bristol,MA,Passenger,1,0,1,6,7,14.29
January 31 2022,Oldham,KY,Passenger,0,1,1,5,6,16.67
October 31 2022,Jefferson,WA,Passenger,466,227,693,24354,25047,2.77
September 30 2019,New Haven,CT,Passenger,0,2,2,45,47,4.26
May 31 2020,Wahkiakum,WA,Passenger,6,6,12,2965,2977,0.40
November 30 2023,Mohave,AZ,Passenger,1,0,1,54,55,1.82
October 31 2021,Sevier,AR,Passenger,0,1,1,1,2,50.00
January 31 2023,Washtenaw,MI,Passenger,0,2,2,30,32,6.25
April 30 2023,Botetourt,VA,Passenger,1,0,1,0,1,100.00
January 31 2025,Whatcom,WA,Passenger,4042,1422,5464,148262,153726,3.55
March 31 2022,Pulaski,MO,Passenger,2,0,2,119,121,1.65
April 30 2021,Randolph,NC,Passenger,1,0,1,7,8,12.50
July 31 2022,Chesapeake,VA,Passenger,3,1,4,372,376,1.06
May 31 2022,Pennington,SD,Passenger,2,0,2,31,33,6.06
October 31 2021,Hamilton,OH,Passenger,1,0,1,47,48,2.08
September 30 2022,Sevier,AR,Passenger,0,1,1,1,2,50.00
June 30 2024,Adams,WA,Passenger,32,19,51,13152,13203,0.39
November 30 2020,Prince William,VA,Passenger,2,3,5,222,227,2.20
April 30 2021,Wahkiakum,WA,Passenger,11,6,17,3109,3126,0.54
November 30 2022,Benton,WA,Passenger,908,494,1402,135489,136891,1.02
September 30 2024,Richmond,VA,Passenger,1,0,1,10,11,9.09
September 30 2017,King,WA,Truck,7,1,8,186265,186273,0.00
July 31 2019,Palm Beach,FL,Passenger,0,2,2,89,91,2.20
August 31 2024,Monterey,CA,Truck,1,0,1,28,29,3.45
January 31 2022,Clark,NV,Passenger,8,3,11,692,703,1.56
February 28 2019,Whitman,WA,Truck,0,0,0,8491,8491,0.00
August 31 2019,Yakima,WA,Truck,0,0,0,59367,59367,0.00
September 30 2020,Gwinnett,GA,Passenger,1,0,1,75,76,1.32
September 30 2019,Ferry,WA,Truck,0,0,0,3583,3583,0.00
October 31 2017,Lake,CA,Passenger,0,1,1,12,13,7.69
May 31 2022,Okanogan,WA,Truck,0,0,0,16642,16642,0.00
February 29 2024,Placer,CA,Passenger,2,0,2,73,75,2.67
April 30 2025,Clallam,WA,Passenger,971,436,1407,48056,49463,2.84
October 31 2024,Garfield,WA,Truck,0,0,0,985,985,0.00
February 28 2019,Norfolk,MA,Passenger,1,0,1,40,41,2.44
February 28 2025,Caddo,LA,Passenger,1,0,1,13,14,7.14
January 31 2024,District of Columbia,DC,Passenger,3,0,3,154,157,1.91
September 30 2017,Hamilton,TN,Passenger,1,0,1,22,23,4.35
January 31 2025,Moore,NC,Passenger,2,0,2,91,93,2.15
December 31 2020,Hampshire,MA,Passenger,1,0,1,11,12,8.33
February 28 2019,Orange,CA,Passenger,6,2,8,573,581,1.38
August 31 2024,Pulaski,AR,Truck,1,0,1,4,5,20.00
August 31 2024,Pulaski,AR,Passenger,1,0,1,25,26,3.85
May 31 2021,Gwinnett,GA,Passenger,1,0,1,70,71,1.41
December 31 2017,Benton,WA,Passenger,172,167,339,130183,130522,0.26
September 30 2019,Camden,NJ,Passenger,0,1,1,21,22,4.55
February 28 2021,Broward,FL,Passenger,2,0,2,114,116,1.72
December 31 2019,Montgomery,TX,Passenger,1,0,1,63,64,1.56
November 30 2024,Yolo,CA,Passenger,2,0,2,24,26,7.69
July 31 2023,Richmond,GA,Passenger,0,1,1,65,66,1.52
February 28 2023,Calvert,MD,Passenger,0,3,3,89,92,3.26
October 31 2017,Flathead,MT,Passenger,1,0,1,63,64,1.56
January 31 2025,Sarasota,FL,Passenger,1,0,1,19,20,5.00
February 28 2025,Prince George,VA,Passenger,2,0,2,52,54,3.70
June 30 2022,Boone,MO,Passenger,0,1,1,9,10,10.00
April 30 2020,Anne Arundel,MD,Passenger,0,1,1,413,414,0.24
May 31 2024,Washoe,NV,Passenger,5,0,5,58,63,7.94
December 31 2022,Galveston,TX,Passenger,1,1,2,23,25,8.00
February 29 2020,Jefferson,WA,Truck,0,0,0,9638,9638,0.00
July 31 2019,Columbia,WA,Truck,0,0,0,1529,1529,0.00
February 29 2020,Whitman,WA,Passenger,42,48,90,22591,22681,0.40
September 30 2017,Okanogan,WA,Truck,0,0,0,16229,16229,0.00
September 30 2018,Cowlitz,WA,Passenger,63,85,148,72012,72160,0.21
September 30 2018,Moore,NC,Passenger,0,1,1,195,196,0.51
February 28 2019,Jefferson,CO,Passenger,0,2,2,61,63,3.17
May 31 2025,Osceola,FL,Passenger,1,0,1,17,18,5.56
September 30 2022,Norfolk,VA,Passenger,2,3,5,294,299,1.67
June 30 2023,Brown,WI,Passenger,1,0,1,6,7,14.29
June 30 2023,Sarpy,NE,Passenger,1,1,2,64,66,3.03
August 31 2018,Ramsey,MN,Passenger,1,0,1,45,46,2.17
December 31 2024,Anne Arundel,MD,Truck,1,0,1,39,40,2.50
March 31 2024,Salt Lake,UT,Passenger,5,1,6,123,129,4.65
September 30 2021,Adams,WA,Passenger,16,14,30,13024,13054,0.23
December 31 2018,Sumter,FL,Passenger,0,1,1,10,11,9.09
March 31 2022,Queens,NY,Passenger,1,0,1,57,58,1.72
July 31 2021,Chatham,NC,Passenger,1,0,1,7,8,12.50
May 31 2019,Maricopa,AZ,Passenger,6,4,10,1713,1723,0.58
July 31 2020,Stevens,WA,Passenger,37,35,72,30587,30659,0.23
December 31 2022,Walla Walla,WA,Truck,3,0,3,13853,13856,0.02
October 31 2022,Frederick,MD,Passenger,1,0,1,62,63,1.59
July 31 2021,Tom Green,TX,Passenger,0,1,1,23,24,4.17
September 30 2018,Monroe,IL,Passenger,1,0,1,4,5,20.00
December 31 2017,Grant,WA,Passenger,26,35,61,62088,62149,0.10
March 31 2025,Grays Harbor,WA,Truck,28,0,28,20417,20445,0.14
October 31 2019,Kern,CA,Passenger,0,1,1,223,224,0.45
April 30 2018,Grant,WA,Truck,0,0,0,25845,25845,0.00
February 29 2020,Sacramento,CA,Passenger,1,1,2,299,301,0.66
May 31 2024,Clallam,WA,Passenger,751,344,1095,48539,49634,2.21
March 31 2021,Klickitat,WA,Truck,0,0,0,8160,8160,0.00
October 31 2019,Valencia,NM,Passenger,1,0,1,9,10,10.00
October 31 2021,Island,WA,Truck,0,0,0,21457,21457,0.00
March 31 2024,Caddo,LA,Passenger,2,0,2,15,17,11.76
December 31 2023,Monroe,WI,Passenger,1,0,1,9,10,10.00
May 31 2018,Queens,NY,Passenger,1,0,1,66,67,1.49
July 31 2022,Pierce,WA,Passenger,5232,2329,7561,541840,549401,1.38
November 30 2024,Prince William,VA,Passenger,1,4,5,123,128,3.91
April 30 2025,Hamilton,IN,Passenger,1,0,1,15,16,6.25
March 31 2023,Prince George's,MD,Passenger,2,2,4,140,144,2.78
November 30 2020,Missoula,MT,Passenger,1,0,1,73,74,1.35
May 31 2020,Lewis,WA,Truck,0,0,0,25999,25999,0.00
March 31 2017,Pend Oreille,WA,Passenger,1,4,5,9305,9310,0.05
October 31 2018,Palm Beach,FL,Passenger,0,2,2,94,96,2.08
March 31 2020,Kitsap,WA,Truck,1,0,1,54170,54171,0.00
June 30 2020,Clay,FL,Passenger,0,1,1,95,96,1.04
July 31 2022,Autauga,AL,Passenger,1,0,1,14,15,6.67
October 31 2017,Island,WA,Passenger,138,154,292,61018,61310,0.48
December 31 2023,Washtenaw,MI,Passenger,0,2,2,27,29,6.90
June 30 2022,Camden,NJ,Passenger,0,1,1,13,14,7.14
July 31 2017,Lee,AL,Passenger,1,0,1,36,37,2.70
July 31 2020,Lake,FL,Passenger,1,0,1,27,28,3.57
June 30 2024,Ogle,IL,Passenger,1,0,1,0,1,100.00
May 31 2021,Lane,OR,Passenger,0,1,1,154,155,0.65
April 30 2025,Chelan,WA,Passenger,1108,311,1419,53351,54770,2.59
April 30 2020,Garfield,WA,Passenger,0,1,1,1340,1341,0.07
April 30 2025,Beaufort,SC,Passenger,1,0,1,20,21,4.76
June 30 2018,Muskogee,OK,Passenger,0,1,1,2,3,33.33
January 31 2022,Wise,TX,Passenger,1,0,1,9,10,10.00
July 31 2017,Essex,NJ,Passenger,1,0,1,17,18,5.56
February 28 2025,Kings,NY,Passenger,2,1,3,33,36,8.33
January 31 2023,Marin,CA,Passenger,3,2,5,42,47,10.64
August 31 2017,Fairfax,VA,Passenger,3,1,4,837,841,0.48
May 31 2018,Bexar,TX,Passenger,2,3,5,781,786,0.64
October 31 2019,Riverside,CA,Passenger,4,1,5,685,690,0.72
July 31 2020,Clark,WA,Truck,0,0,0,82367,82367,0.00
October 31 2019,Montgomery,PA,Passenger,2,0,2,39,41,4.88
July 31 2022,Skagit,WA,Passenger,811,343,1154,89596,90750,1.27
May 31 2024,Leavenworth,KS,Passenger,3,2,5,76,81,6.17
November 30 2023,Skamania,WA,Truck,1,0,1,3827,3828,0.03
July 31 2024,Harris,TX,Passenger,1,2,3,147,150,2.00
September 30 2022,Newport,RI,Passenger,0,1,1,66,67,1.49
September 30 2022,Washoe,NV,Passenger,1,0,1,78,79,1.27
November 30 2020,Bartow,GA,Passenger,0,1,1,5,6,16.67
February 28 2022,Grays Harbor,WA,Truck,0,0,0,21322,21322,0.00
November 30 2021,Sarpy,NE,Passenger,1,0,1,71,72,1.39
November 30 2021,Richland,SC,Passenger,0,1,1,140,141,0.71
September 30 2024,Pacific,WA,Passenger,126,120,246,15545,15791,1.56
October 31 2018,Ada,ID,Passenger,0,2,2,338,340,0.59
October 31 2023,Kern,CA,Passenger,2,1,3,192,195,1.54
May 31 2022,Sonoma,CA,Passenger,0,1,1,93,94,1.06
September 30 2023,Duval,FL,Passenger,2,1,3,267,270,1.11
April 30 2021,Cumberland,NC,Passenger,1,2,3,446,449,0.67
February 29 2020,Wise,TX,Passenger,1,0,1,9,10,10.00
January 31 2022,Whitman,WA,Passenger,69,58,127,21892,22019,0.58
October 31 2018,Sangamon,IL,Passenger,1,0,1,11,12,8.33
February 28 2019,Nassau,NY,Passenger,3,0,3,39,42,7.14
March 31 2022,King,WA,Passenger,37869,10704,48573,1348458,1397031,3.48
April 30 2019,Bexar,TX,Passenger,2,4,6,697,703,0.85
July 31 2020,Grays Harbor,WA,Truck,0,0,0,20967,20967,0.00
October 31 2021,Vigo,IN,Passenger,1,0,1,5,6,16.67
November 30 2021,Lewis,WA,Passenger,197,165,362,59560,59922,0.60
February 29 2020,Thurston,WA,Truck,0,0,0,55642,55642,0.00
September 30 2019,Sangamon,IL,Passenger,1,0,1,6,7,14.29
August 31 2021,Pierce,WA,Passenger,3767,2025,5792,557820,563612,1.03
May 31 2024,Beaufort,SC,Passenger,1,0,1,28,29,3.45
November 30 2022,Fairbanks North Star,AK,Passenger,0,1,1,74,75,1.33
August 31 2018,Lumpkin,GA,Passenger,1,0,1,7,8,12.50
January 31 2018,Sumter,FL,Passenger,0,1,1,10,11,9.09
September 30 2018,Washoe,NV,Passenger,1,0,1,118,119,0.84
March 31 2024,Kings,NY,Passenger,3,0,3,42,45,6.67
February 29 2024,El Dorado,CA,Passenger,2,0,2,23,25,8.00
May 31 2023,Arlington,VA,Passenger,5,0,5,129,134,3.73
May 31 2024,Lake,IN,Passenger,0,1,1,7,8,12.50
January 31 2019,Portsmouth,VA,Passenger,0,1,1,80,81,1.23
October 31 2017,Cowlitz,WA,Passenger,54,65,119,70418,70537,0.17
April 30 2020,Ulster,NY,Passenger,1,0,1,15,16,6.25
December 31 2019,Jones,GA,Passenger,1,0,1,0,1,100.00
August 31 2018,Dallas,TX,Passenger,0,1,1,212,213,0.47
December 31 2024,Horry,SC,Passenger,1,0,1,10,11,9.09
August 31 2022,Pierce,WA,Truck,34,0,34,140412,140446,0.02
August 31 2024,Williamsburg,VA,Passenger,0,1,1,3,4,25.00
October 31 2020,Ferry,WA,Passenger,8,3,11,4350,4361,0.25
December 31 2023,Marin,CA,Passenger,3,2,5,36,41,12.20
June 30 2022,San Diego,CA,Passenger,18,9,27,2559,2586,1.04
November 30 2019,Sumter,FL,Passenger,0,1,1,9,10,10.00
August 31 2024,Sussex,NJ,Passenger,1,0,1,1,2,50.00
January 31 2018,Whitman,WA,Passenger,18,20,38,22466,22504,0.17
October 31 2020,Adams,WA,Passenger,8,7,15,12921,12936,0.12
December 31 2022,Lexington,SC,Passenger,1,0,1,22,23,4.35
February 28 2021,Kitsap,WA,Truck,0,0,0,54195,54195,0.00
March 31 2021,District of Columbia,DC,Passenger,2,1,3,189,192,1.56
April 30 2022,Middlesex,MA,Passenger,1,0,1,100,101,0.99
November 30 2022,Whatcom,WA,Passenger,2056,796,2852,148431,151283,1.89
February 28 2017,Orange,FL,Passenger,1,1,2,159,161,1.24
October 31 2021,Island,WA,Passenger,679,331,1010,62686,63696,1.59
February 29 2024,Yakima,WA,Truck,18,0,18,60837,60855,0.03
September 30 2019,Hillsborough,FL,Passenger,0,1,1,207,208,0.48
November 30 2018,Frederick,MD,Passenger,0,1,1,80,81,1.23
December 31 2021,Tarrant,TX,Passenger,3,0,3,170,173,1.73
February 29 2020,Oldham,KY,Passenger,0,1,1,5,6,16.67
July 31 2021,Boone,MO,Passenger,0,1,1,10,11,9.09
September 30 2017,Bexar,TX,Passenger,1,1,2,852,854,0.23
July 31 2023,Skagit,WA,Truck,23,0,23,31797,31820,0.07
September 30 2024,Mesa,CO,Passenger,0,1,1,8,9,11.11
November 30 2023,Wise,TX,Passenger,2,0,2,6,8,25.00
July 31 2024,Middlesex,CT,Passenger,1,0,1,5,6,16.67
November 30 2023,Honolulu,HI,Passenger,5,2,7,327,334,2.10
February 28 2022,Washington,WI,Passenger,1,0,1,2,3,33.33
June 30 2019,Caddo,LA,Passenger,0,1,1,25,26,3.85
October 31 2018,Camden,NJ,Passenger,0,1,1,23,24,4.17
July 31 2020,District of Columbia,DC,Passenger,1,1,2,191,193,1.04
August 31 2024,Grant,WA,Truck,32,0,32,28141,28173,0.11
February 28 2017,Tulare,CA,Passenger,1,0,1,200,201,0.50
May 31 2022,Marin,CA,Passenger,1,2,3,42,45,6.67
October 31 2019,Clay,FL,Passenger,0,1,1,93,94,1.06
May 31 2023,District of Columbia,DC,Passenger,3,0,3,162,165,1.82
March 31 2024,Prince George,VA,Passenger,1,0,1,57,58,1.72
May 31 2025,,,Passenger,2,2,4,234,238,1.68
April 30 2025,Orange,FL,Passenger,4,1,5,45,50,10.00
May 31 2022,Albemarle,VA,Passenger,3,0,3,24,27,11.11
July 31 2023,Newport,RI,Truck,1,0,1,6,7,14.29
March 31 2022,Dorchester,SC,Passenger,1,0,1,76,77,1.30
April 30 2021,Shelby,OH,Passenger,0,1,1,3,4,25.00
July 31 2023,Pierce,WA,Truck,167,0,167,136264,136431,0.12
June 30 2022,Contra Costa,CA,Passenger,0,3,3,235,238,1.26
June 30 2021,Benton,WA,Truck,0,0,0,43597,43597,0.00
May 31 2017,Dallas,TX,Passenger,0,1,1,191,192,0.52
May 31 2024,Charles,MD,Passenger,1,1,2,52,54,3.70
January 31 2021,Grant,WA,Passenger,87,84,171,66048,66219,0.26
March 31 2018,Whitman,WA,Truck,0,0,0,8457,8457,0.00
May 31 2020,Stevens,WA,Passenger,34,33,67,30696,30763,0.22
June 30 2021,Clark,WA,Truck,0,0,0,84239,84239,0.00
September 30 2021,New London,CT,Passenger,2,4,6,213,219,2.74
June 30 2018,DeKalb,IN,Passenger,1,0,1,1,2,50.00
December 31 2021,Cumberland,NC,Passenger,1,4,5,414,419,1.19
September 30 2019,Pueblo,CO,Passenger,1,0,1,31,32,3.12
June 30 2020,Alameda,CA,Passenger,2,0,2,289,291,0.69
April 30 2021,Stevens,WA,Passenger,40,43,83,30531,30614,0.27
August 31 2024,Prince William,VA,Passenger,1,4,5,132,137,3.65
March 31 2022,Fort Bend,TX,Passenger,1,0,1,37,38,2.63
October 31 2019,Loudoun,VA,Passenger,1,0,1,95,96,1.04
October 31 2021,Pierce,WA,Passenger,3993,2078,6071,556543,562614,1.08
October 31 2021,Davidson,TN,Passenger,1,0,1,74,75,1.33
July 31 2021,Camden,NJ,Passenger,0,1,1,12,13,7.69
November 30 2023,Wake,NC,Passenger,6,1,7,105,112,6.25
August 31 2018,Pend Oreille,WA,Truck,0,0,0,5719,5719,0.00
May 31 2024,Portsmouth,VA,Passenger,0,3,3,65,68,4.41
November 30 2024,Marion,OR,Passenger,1,0,1,61,62,1.61
August 31 2020,Thurston,WA,Passenger,1193,752,1945,196754,198699,0.98
June 30 2023,Chesapeake,VA,Passenger,2,1,3,331,334,0.90
December 31 2024,Okanogan,WA,Truck,26,0,26,16400,16426,0.16
April 30 2023,Sonoma,CA,Passenger,3,1,4,75,79,5.06
January 31 2021,Mason,WA,Truck,0,0,0,20999,20999,0.00
January 31 2025,Leavenworth,KS,Passenger,4,2,6,72,78,7.69
June 30 2024,Churchill,NV,Passenger,0,1,1,38,39,2.56
September 30 2021,Chatham,NC,Passenger,1,0,1,7,8,12.50
March 31 2020,Washtenaw,MI,Passenger,1,0,1,38,39,2.56
November 30 2022,Jefferson,IL,Passenger,1,0,1,1,2,50.00
March 31 2018,Adams,WA,Passenger,5,4,9,12460,12469,0.07
October 31 2022,Kings,CA,Passenger,2,0,2,300,302,0.66
August 31 2022,Skagit,WA,Truck,5,0,5,32163,32168,0.02
December 31 2018,Oldham,KY,Passenger,0,1,1,5,6,16.67
July 31 2023,Coryell,TX,Passenger,1,0,1,80,81,1.23
August 31 2019,Kittitas,WA,Passenger,79,44,123,29731,29854,0.41
November 30 2020,San Diego,CA,Passenger,15,2,17,2727,2744,0.62
December 31 2024,Anchorage,AK,Passenger,1,0,1,85,86,1.16
August 31 2022,Columbia,GA,Passenger,0,1,1,99,100,1.00
November 30 2020,Williams,ND,Passenger,0,1,1,11,12,8.33
May 31 2024,Hamilton,IN,Passenger,1,0,1,25,26,3.85
December 31 2017,Frederick,MD,Passenger,0,1,1,87,88,1.14
April 30 2021,Washtenaw,MI,Passenger,0,1,1,35,36,2.78
February 29 2020,Washington,OR,Passenger,1,0,1,498,499,0.20
December 31 2018,Ferry,WA,Truck,0,0,0,3584,3584,0.00
February 29 2020,Boulder,CO,Passenger,1,1,2,55,57,3.51
December 31 2019,Flathead,MT,Passenger,1,0,1,75,76,1.32
October 31 2019,Alameda,CA,Passenger,4,1,5,314,319,1.57
March 31 2021,Washington,WI,Passenger,1,0,1,3,4,25.00
October 31 2024,Hays,TX,Passenger,1,0,1,4,5,20.00
July 31 2017,Bergen,NJ,Passenger,0,2,2,30,32,6.25
May 31 2020,Shelby,OH,Passenger,0,1,1,2,3,33.33
April 30 2023,Lincoln,OR,Passenger,1,1,2,24,26,7.69
April 30 2024,Kittitas,WA,Passenger,512,136,648,29426,30074,2.15
April 30 2020,Harnett,NC,Passenger,1,0,1,217,218,0.46
February 28 2017,Nueces,TX,Passenger,0,1,1,101,102,0.98
March 31 2025,Denver,CO,Passenger,1,0,1,55,56,1.79
December 31 2022,Wise,TX,Passenger,2,0,2,9,11,18.18
October 31 2019,Orange,FL,Passenger,1,0,1,167,168,0.60
October 31 2021,Skagit,WA,Passenger,648,295,943,91308,92251,1.02
June 30 2021,District of Columbia,DC,Passenger,4,1,5,187,192,2.60
June 30 2018,Lee,AL,Passenger,1,0,1,36,37,2.70
October 31 2022,Thurston,WA,Passenger,2461,1104,3565,191658,195223,1.83
August 31 2019,Santa Clara,CA,Passenger,6,2,8,395,403,1.99
March 31 2022,Okanogan,WA,Passenger,74,46,120,26470,26590,0.45
January 31 2018,Sangamon,IL,Passenger,1,0,1,11,12,8.33
February 28 2022,Geary,KS,Passenger,1,0,1,95,96,1.04
November 30 2023,Oldham,KY,Passenger,0,1,1,4,5,20.00
March 31 2021,Carroll,NH,Passenger,0,1,1,3,4,25.00
September 30 2022,Island,WA,Passenger,871,378,1249,61135,62384,2.00
September 30 2021,Ferry,WA,Passenger,10,3,13,4392,4405,0.30
August 31 2024,Hudson,NJ,Passenger,2,0,2,26,28,7.14
July 31 2024,Davidson,TN,Passenger,1,0,1,39,40,2.50
April 30 2023,Williamson,TN,Passenger,0,1,1,18,19,5.26
August 31 2022,Kootenai,ID,Passenger,1,2,3,183,186,1.61
August 31 2021,Pennington,SD,Passenger,1,0,1,35,36,2.78
June 30 2020,Lincoln,WA,Passenger,5,12,17,7619,7636,0.22
February 29 2024,Mohave,AZ,Passenger,1,0,1,49,50,2.00
July 31 2021,San Diego,CA,Passenger,19,5,24,2622,2646,0.91
September 30 2021,Yamhill,OR,Passenger,1,0,1,39,40,2.50
September 30 2021,Asotin,WA,Truck,0,0,0,6744,6744,0.00
February 28 2022,District of Columbia,DC,Passenger,4,0,4,182,186,2.15
February 28 2022,Grays Harbor,WA,Passenger,202,157,359,49253,49612,0.72
January 31 2024,Columbia,WA,Truck,0,0,0,1549,1549,0.00
December 31 2021,Whatcom,WA,Passenger,1643,670,2313,149719,152032,1.52
January 31 2022,Lexington,SC,Passenger,1,0,1,27,28,3.57
November 30 2017,King,WA,Truck,7,1,8,185406,185414,0.00
August 31 2021,Ventura,CA,Passenger,1,3,4,294,298,1.34
September 30 2018,Twin Falls,ID,Passenger,0,1,1,23,24,4.17
July 31 2024,El Paso,TX,Passenger,2,2,4,291,295,1.36
January 31 2025,District of Columbia,DC,Truck,1,0,1,13,14,7.14
January 31 2025,Klickitat,WA,Passenger,272,112,384,15297,15681,2.45
January 31 2018,Kitsap,WA,Passenger,706,402,1108,176324,177432,0.62
April 30 2019,Virginia Beach,VA,Passenger,1,1,2,706,708,0.28
June 30 2022,St. Clair,IL,Passenger,1,0,1,136,137,0.73
October 31 2022,Williams,ND,Passenger,0,1,1,7,8,12.50
December 31 2024,Albemarle,VA,Passenger,3,0,3,18,21,14.29
July 31 2020,Orange,NC,Passenger,1,0,1,13,14,7.14
June 30 2024,Ventura,CA,Passenger,3,2,5,228,233,2.15
August 31 2020,Hennepin,MN,Passenger,3,0,3,108,111,2.70
April 30 2017,Fulton,GA,Passenger,1,1,2,120,122,1.64
August 31 2019,Ferry,WA,Truck,0,0,0,3579,3579,0.00
May 31 2024,Cuyahoga,OH,Passenger,1,0,1,49,50,2.00
July 31 2024,James City,VA,Passenger,1,0,1,30,31,3.23
November 30 2023,Yakima,WA,Passenger,617,291,908,166204,167112,0.54
December 31 2018,Riverside,CA,Passenger,2,2,4,714,718,0.56
April 30 2021,Clallam,WA,Truck,1,0,1,21971,21972,0.00
June 30 2017,Columbia,WA,Truck,0,0,0,1532,1532,0.00
September 30 2022,Whatcom,WA,Truck,14,0,14,43032,43046,0.03
July 31 2024,Pierce,WA,Truck,362,0,362,133075,133437,0.27
February 28 2023,Skamania,WA,Truck,1,0,1,3870,3871,0.03
January 31 2024,Grays Harbor,WA,Truck,16,0,16,20767,20783,0.08
April 30 2025,Alameda,CA,Passenger,7,1,8,149,157,5.10
March 31 2018,Honolulu,HI,Passenger,2,2,4,564,568,0.70
March 31 2022,Montgomery,AL,Passenger,1,1,2,36,38,5.26
October 31 2018,Deschutes,OR,Passenger,3,0,3,175,178,1.69
August 31 2020,Clackamas,OR,Passenger,2,0,2,208,210,0.95
June 30 2024,Beaufort,SC,Passenger,1,0,1,27,28,3.57
December 31 2021,Wood,OH,Passenger,0,1,1,9,10,10.00
October 31 2024,Orange,CA,Passenger,5,2,7,325,332,2.11
January 31 2022,Fort Bend,TX,Passenger,1,0,1,35,36,2.78
May 31 2020,San Mateo,CA,Passenger,1,1,2,136,138,1.45
May 31 2017,Skamania,WA,Truck,0,0,0,3861,3861,0.00
July 31 2024,Osceola,FL,Passenger,1,0,1,20,21,4.76
April 30 2023,Spotsylvania,VA,Passenger,1,0,1,28,29,3.45
April 30 2022,Columbia,WA,Truck,0,0,0,1584,1584,0.00
September 30 2021,Kitsap,WA,Passenger,1991,908,2899,180224,183123,1.58
June 30 2017,Pacific,WA,Truck,0,0,0,7467,7467,0.00
September 30 2021,Whitman,WA,Passenger,64,56,120,21866,21986,0.55
March 31 2019,Wayne,MI,Passenger,0,1,1,70,71,1.41
November 30 2023,Rockdale,GA,Passenger,1,0,1,8,9,11.11
March 31 2023,Monroe,WI,Passenger,1,0,1,11,12,8.33
September 30 2021,Sedgwick,KS,Passenger,0,1,1,89,90,1.11
January 31 2017,Douglas,OR,Passenger,0,1,1,91,92,1.09
August 31 2019,Salt Lake,UT,Passenger,1,0,1,225,226,0.44
August 31 2017,Maricopa,AZ,Passenger,1,1,2,1804,1806,0.11
December 31 2017,Palm Beach,FL,Passenger,0,2,2,94,96,2.08
July 31 2018,Maricopa,AZ,Passenger,1,2,3,1715,1718,0.17
November 30 2017,Fairfax,VA,Passenger,3,1,4,828,832,0.48
April 30 2021,Clark,WA,Passenger,2681,1330,4011,321231,325242,1.23
July 31 2018,Charleston,SC,Passenger,1,0,1,126,127,0.79
October 31 2018,Hennepin,MN,Passenger,2,0,2,124,126,1.59
April 30 2021,Maricopa,AZ,Passenger,7,7,14,1506,1520,0.92
August 31 2023,Arapahoe,CO,Passenger,1,1,2,81,83,2.41
November 30 2018,Palm Beach,FL,Passenger,0,2,2,96,98,2.04
July 31 2020,Monroe,IL,Passenger,1,0,1,3,4,25.00
November 30 2022,Mason,WA,Truck,7,0,7,20830,20837,0.03
November 30 2017,Asotin,WA,Truck,0,0,0,6547,6547,0.00
November 30 2021,Nueces,TX,Passenger,1,0,1,77,78,1.28
September 30 2023,Richmond,VA,Passenger,1,0,1,12,13,7.69
June 30 2023,Mercer,NJ,Passenger,0,1,1,14,15,6.67
July 31 2021,Champaign,IL,Passenger,1,0,1,15,16,6.25
July 31 2018,Clallam,WA,Passenger,127,111,238,49965,50203,0.47
March 31 2023,Lake,IL,Passenger,4,0,4,137,141,2.84
August 31 2020,Maui,HI,Passenger,2,0,2,33,35,5.71
June 30 2021,Orange,NC,Passenger,1,0,1,13,14,7.14
June 30 2023,Bristol,MA,Passenger,1,0,1,9,10,10.00
July 31 2021,Clackamas,OR,Passenger,2,0,2,205,207,0.97
October 31 2021,Whatcom,WA,Truck,4,0,4,43722,43726,0.01
April 30 2024,Volusia,FL,Truck,1,0,1,5,6,16.67
January 31 2017,Island,WA,Truck,1,0,1,20505,20506,0.00
February 28 2019,Harnett,NC,Passenger,1,0,1,226,227,0.44
January 31 2022,Medina,TX,Passenger,1,0,1,5,6,16.67
December 31 2024,Carroll,MD,Passenger,0,1,1,11,12,8.33
August 31 2024,Hennepin,MN,Passenger,1,0,1,42,43,2.33
May 31 2025,Camden,GA,Passenger,1,0,1,76,77,1.30
January 31 2023,El Paso,CO,Passenger,4,7,11,621,632,1.74
February 28 2023,Washington,OR,Passenger,2,0,2,329,331,0.60
January 31 2022,Mohave,AZ,Passenger,1,0,1,67,68,1.47
April 30 2021,Spokane,WA,Truck,0,0,0,101810,101810,0.00
January 31 2025,Jackson,MS,Passenger,1,0,1,10,11,9.09
December 31 2018,Adams,WA,Passenger,5,6,11,12733,12744,0.09
October 31 2024,Honolulu,HI,Passenger,3,1,4,256,260,1.54
October 31 2023,Sarpy,NE,Passenger,1,1,2,61,63,3.17
November 30 2022,Santa Cruz,AZ,Passenger,1,0,1,6,7,14.29
August 31 2024,Douglas,WA,Passenger,309,101,410,29140,29550,1.39
April 30 2023,Anchorage,AK,Passenger,1,0,1,125,126,0.79
October 31 2021,Jefferson,NY,Passenger,1,0,1,206,207,0.48
June 30 2017,Pacific,WA,Passenger,10,7,17,15138,15155,0.11
January 31 2021,Whatcom,WA,Passenger,1252,563,1815,149912,151727,1.20
September 30 2018,Pierce,WA,Passenger,1325,1267,2592,535228,537820,0.48
October 31 2022,Prince William,VA,Passenger,0,3,3,190,193,1.55
May 31 2024,Wahkiakum,WA,Passenger,38,23,61,3050,3111,1.96
April 30 2017,Dakota,MN,Passenger,0,1,1,43,44,2.27
January 31 2023,DuPage,IL,Passenger,5,1,6,46,52,11.54
February 28 2025,Sarpy,NE,Truck,1,0,1,17,18,5.56
November 30 2019,Ferry,WA,Passenger,5,2,7,4415,4422,0.16
December 31 2023,Clallam,WA,Truck,28,0,28,21571,21599,0.13
December 31 2023,St. Louis,MO,Passenger,1,0,1,62,63,1.59
October 31 2021,Santa Cruz,CA,Passenger,1,0,1,31,32,3.12
August 31 2021,Newport,RI,Passenger,0,1,1,76,77,1.30
February 28 2021,Sevier,AR,Passenger,0,1,1,1,2,50.00
September 30 2017,Montgomery,TN,Passenger,1,0,1,278,279,0.36
December 31 2019,Spokane,WA,Passenger,643,471,1114,314808,315922,0.35
April 30 2021,Clallam,WA,Passenger,309,207,516,50346,50862,1.01
March 31 2017,Skamania,WA,Passenger,8,8,16,8525,8541,0.19
March 31 2019,Broward,FL,Passenger,2,1,3,128,131,2.29
June 30 2022,Franklin,WA,Passenger,185,109,294,61889,62183,0.47
August 31 2024,San Diego,CA,Truck,1,0,1,423,424,0.24
October 31 2017,Hawaii,HI,Passenger,1,0,1,81,82,1.22
June 30 2024,Collier,FL,Passenger,1,0,1,10,11,9.09
August 31 2017,Clallam,WA,Passenger,96,79,175,48529,48704,0.36
December 31 2023,Lewis,WA,Passenger,399,308,707,59449,60156,1.18
July 31 2021,Cook,IL,Passenger,1,0,1,242,243,0.41
June 30 2019,Chelan,WA,Passenger,157,68,225,54343,54568,0.41
February 29 2024,Collin,TX,Passenger,3,0,3,57,60,5.00
December 31 2024,Anne Arundel,MD,Passenger,6,3,9,267,276,3.26
November 30 2018,Franklin,MA,Passenger,0,1,1,2,3,33.33
June 30 2023,Arlington,VA,Passenger,5,0,5,130,135,3.70
January 31 2024,Wichita,TX,Passenger,1,0,1,34,35,2.86
March 31 2023,Harrison,MS,Passenger,1,0,1,46,47,2.13
July 31 2018,Wahkiakum,WA,Passenger,1,1,2,2938,2940,0.07
January 31 2022,Franklin,OH,Passenger,1,0,1,64,65,1.54
August 31 2022,Benton,WA,Passenger,812,472,1284,135034,136318,0.94
April 30 2018,Orleans,LA,Passenger,0,1,1,47,48,2.08
March 31 2019,Maricopa,AZ,Passenger,6,4,10,1716,1726,0.58
January 31 2024,Santa Cruz,AZ,Passenger,1,0,1,5,6,16.67
May 31 2024,Cowlitz,WA,Passenger,705,278,983,69490,70473,1.39
October 31 2024,Bay,FL,Passenger,1,0,1,25,26,3.85
January 31 2019,Orange,FL,Passenger,1,0,1,175,176,0.57
March 31 2024,Clallam,WA,Truck,29,0,29,21433,21462,0.14
May 31 2019,Carroll,NH,Passenger,0,1,1,2,3,33.33
January 31 2024,Cumberland,NC,Passenger,3,3,6,332,338,1.78
December 31 2022,Medina,TX,Passenger,1,0,1,9,10,10.00
October 31 2020,Whitman,WA,Passenger,50,46,96,21945,22041,0.44
July 31 2023,Pinellas,FL,Passenger,1,0,1,68,69,1.45
November 30 2022,Spokane,WA,Truck,18,0,18,101620,101638,0.02
June 30 2017,St. Lucie,FL,Passenger,1,0,1,32,33,3.03
December 31 2020,Nueces,TX,Passenger,1,0,1,89,90,1.11
December 31 2022,Mohave,AZ,Passenger,1,0,1,58,59,1.69
January 31 2021,Whatcom,WA,Truck,3,0,3,43567,43570,0.01
August 31 2024,Burlington,NJ,Passenger,0,1,1,73,74,1.35
September 30 2023,Denton,TX,Passenger,1,0,1,60,61,1.64
April 30 2017,Pierce,WA,Truck,0,0,0,137763,137763,0.00
June 30 2022,Maui,HI,Passenger,1,0,1,27,28,3.57
February 28 2023,Will,IL,Passenger,0,1,1,16,17,5.88
December 31 2020,DuPage,IL,Passenger,3,1,4,60,64,6.25
August 31 2021,Wahkiakum,WA,Passenger,16,8,24,3073,3097,0.77
April 30 2024,Ogle,IL,Passenger,1,0,1,0,1,100.00
December 31 2017,Island,WA,Truck,0,0,0,20729,20729,0.00
January 31 2022,Bartow,GA,Passenger,0,1,1,4,5,20.00
April 30 2018,Santa Rosa,FL,Passenger,1,0,1,102,103,0.97
June 30 2019,Charleston,SC,Passenger,1,0,1,120,121,0.83
July 31 2020,Klickitat,WA,Truck,0,0,0,8110,8110,0.00
August 31 2019,Bergen,NJ,Passenger,1,0,1,27,28,3.57
January 31 2023,Allen,IN,Passenger,1,0,1,17,18,5.56
September 30 2024,Deschutes,OR,Passenger,1,0,1,71,72,1.39
September 30 2022,Jackson,OK,Passenger,0,1,1,38,39,2.56
May 31 2019,Los Angeles,CA,Passenger,7,6,13,1150,1163,1.12
November 30 2018,Island,WA,Truck,0,0,0,21147,21147,0.00
June 30 2021,Greene,MO,Passenger,0,1,1,40,41,2.44
July 31 2021,Franklin,WA,Passenger,134,97,231,61991,62222,0.37
February 28 2022,Klickitat,WA,Truck,0,0,0,8316,8316,0.00
November 30 2023,Placer,CA,Passenger,2,0,2,78,80,2.50
May 31 2024,Alameda,CA,Passenger,8,1,9,185,194,4.64
March 31 2022,Jefferson,WA,Truck,0,0,0,9535,9535,0.00
July 31 2018,Chelan,WA,Passenger,112,52,164,53562,53726,0.31
June 30 2024,Virginia Beach,VA,Truck,1,0,1,116,117,0.85
August 31 2022,Lake,FL,Passenger,1,0,1,24,25,4.00
February 28 2018,Skamania,WA,Passenger,11,8,19,8622,8641,0.22
November 30 2024,Skamania,WA,Passenger,170,59,229,7845,8074,2.84
October 31 2019,Charles,MD,Passenger,0,1,1,85,86,1.16
April 30 2024,Marion,IN,Passenger,2,0,2,29,31,6.45
June 30 2021,Klickitat,WA,Truck,0,0,0,8284,8284,0.00
September 30 2023,Grant,WA,Truck,13,0,13,28064,28077,0.05
March 31 2024,Virginia Beach,VA,Passenger,5,3,8,471,479,1.67
December 31 2022,Nassau,NY,Passenger,4,0,4,30,34,11.76
March 31 2022,Boone,MO,Passenger,0,1,1,10,11,9.09
March 31 2022,Skamania,WA,Truck,0,0,0,3969,3969,0.00
May 31 2017,Missoula,MT,Passenger,1,0,1,75,76,1.32
September 30 2024,Weld,CO,Passenger,1,0,1,15,16,6.25
June 30 2022,Ada,ID,Passenger,2,0,2,220,222,0.90
September 30 2024,James City,VA,Passenger,1,0,1,29,30,3.33
August 31 2020,Pueblo,CO,Passenger,1,0,1,31,32,3.12
April 30 2023,Pulaski,MO,Passenger,3,0,3,105,108,2.78
May 31 2024,Sarasota,FL,Passenger,1,0,1,24,25,4.00
September 30 2023,Prince William,VA,Passenger,0,4,4,164,168,2.38
December 31 2017,Monterey,CA,Passenger,0,2,2,199,201,1.00
March 31 2023,Chelan,WA,Passenger,580,151,731,54132,54863,1.33
August 31 2024,Bell,TX,Passenger,2,0,2,229,231,0.87
December 31 2022,Franklin,OH,Passenger,1,0,1,71,72,1.39
April 30 2021,Lewis,WA,Truck,0,0,0,26903,26903,0.00
September 30 2020,Lake,FL,Passenger,1,0,1,28,29,3.45
August 31 2018,Gwinnett,GA,Passenger,0,1,1,87,88,1.14
January 31 2020,Prince William,VA,Passenger,2,4,6,233,239,2.51
March 31 2023,Fairfax,VA,Passenger,10,3,13,651,664,1.96
October 31 2022,Hillsborough,FL,Passenger,1,1,2,149,151,1.32
February 28 2025,Okanogan,WA,Truck,29,0,29,16336,16365,0.18
May 31 2022,Anchorage,AK,Passenger,2,0,2,152,154,1.30
May 31 2020,Clallam,WA,Passenger,222,165,387,50076,50463,0.77
March 31 2022,San Francisco,CA,Passenger,2,1,3,100,103,2.91
